station,intensity,year,month,day,hour,minute,second,intensity_equip,acceleration_max_comb
1670022,2,2006,06,22,19,54,06. ,22,00142
1670022,1,2006,06,25,21,33,37. ,13,00056
1670022,1,2006,07,06,02,10,19. ,07,00022
1670022,2,2006,07,06,19,20,33. ,15,00078
1670022,1,2006,07,07,20,16,04. ,10,00034
1670022,2,2006,07,25,01,14,50. ,20,00114
1670022,1,2006,08,02,09,32,50. ,07,00029
1670022,1,2006,08,14,06,01,41. ,05,00018
1670022,2,2006,08,28,12,38,20. ,16,00072
1670022,2,2006,08,31,03,38,27. ,16,00091
1670022,1,2006,09,07,21,43,34. ,13,00072
1670022,1,2006,09,13,22,27,40. ,09,00028
1670022,1,2006,09,16,11,26,04. ,05,00016
1670022,2,2006,09,24,07,19,05. ,24,00165
1670022,1,2006,09,29,14,13,26. ,08,00025
1670022,2,2006,09,30,00,37,55. ,19,00099
1670022,1,2006,10,04,23,38,01. ,05,00021
1670022,1,2006,10,12,10,27,02. ,08,00029
1670022,1,2006,10,21,22,37,04. ,09,00039
1670022,1,2006,11,03,21,40,55. ,13,00056
1670022,2,2006,11,10,07,07,51. ,19,00095
1670022,1,2006,11,11,19,45,54. ,13,00061
1670022,1,2006,11,15,20,16,43. ,08,00028
1670022,1,2006,11,15,20,44,02. ,06,00019
1670022,4,2006,11,22,20,15,35. ,36,00622
1670022,2,2006,12,06,23,05,11. ,20,00100
1670022,1,2006,12,06,23,08,01. ,05,00022
1670022,1,2006,12,08,04,13,20. ,05,00020
1670022,2,2006,12,09,23,51,04. ,15,00066
1670022,1,2006,12,23,04,19,48. ,10,00043
1670022,1,2006,12,29,13,28,53. ,14,00065
1670022,4,2006,12,31,07,34,53. ,35,00643
1670022,1,2007,01,04,23,15,48. ,06,00022
1670022,1,2007,01,07,12,41,37. ,05,00021
1670022,1,2007,01,11,01,37,07. ,06,00023
1670022,2,2007,01,12,05,35,13. ,24,00160
1670022,3,2007,01,13,13,26,10. ,31,00342
1670022,1,2007,01,19,15,43,01. ,08,00032
1670022,2,2007,02,05,23,08,04. ,15,00064
1670022,3,2007,02,09,16,35,41. ,27,00265
1670022,1,2007,02,12,23,09,40. ,06,00032
1670022,1,2007,02,13,11,05,42. ,10,00039
1670022,2,2007,02,14,06,25,06. ,20,00152
1670022,1,2007,02,17,09,03,53. ,09,00029
1670022,1,2007,02,22,07,46,54. ,09,00040
1670022,1,2007,03,04,20,23,31. ,07,00022
1670022,1,2007,03,08,05,15,07. ,12,00052
1670022,2,2007,03,09,16,01,28. ,20,00107
1670022,3,2007,03,11,16,09,57. ,26,00198
1670022,1,2007,03,13,04,01,48. ,14,00055
1670022,1,2007,03,16,19,58,40. ,10,00053
1670022,1,2007,03,18,10,26,09. ,12,00043
1670022,2,2007,03,28,09,39,53. ,17,00068
1670022,3,2007,03,30,18,05,26. ,27,00287
1670022,2,2007,04,02,01,01,56. ,22,00130
1670022,2,2007,04,19,00,08,15. ,18,00085
1670022,2,2007,04,27,01,38,43. ,15,00048
1670022,1,2007,04,30,13,36,40. ,13,00052
1670022,1,2007,05,11,07,47,58. ,06,00023
1670022,1,2007,05,19,01,01,17. ,06,00024
1670022,1,2007,06,15,00,41,42. ,06,00021
1670022,1,2007,06,18,11,22,46. ,13,00060
1670022,1,2007,06,23,07,21,14. ,05,00020
1670022,1,2007,06,24,14,57,40. ,07,00033
1670022,3,2007,07,01,13,12,27. ,27,00241
1670022,1,2007,07,06,07,54,49. ,09,00041
1670022,2,2007,07,07,10,26,35. ,16,00132
1670022,2,2007,07,16,23,21,45. ,17,00072
1670022,1,2007,08,08,03,24,40. ,07,00026
1670022,1,2007,08,20,12,54,32. ,14,00054
1670022,1,2007,08,21,20,05,32. ,08,00032
1670022,1,2007,08,22,16,27,28. ,09,00028
1670022,3,2007,08,26,14,31,34. ,28,00239
1670022,2,2007,09,04,01,16,50. ,17,00090
1670022,2,2007,09,05,17,03,37. ,16,00076
1670022,1,2007,10,06,21,57,41. ,11,00047
1670022,4,2007,10,09,02,10,53. ,36,00681
1670022,1,2007,10,09,05,06,04. ,10,00051
1670022,2,2007,10,09,11,31,16. ,20,00104
1670022,1,2007,10,14,23,20,50. ,06,00028
1670022,1,2007,10,24,18,56,56. ,12,00046
1670022,1,2007,10,25,22,52,57. ,06,00021
1670022,2,2007,10,30,13,05,03. ,18,00111
1670022,1,2007,11,02,06,29,36. ,10,00039
1670022,1,2007,11,04,01,58,40. ,11,00042
1670022,1,2007,11,22,21,38,49. ,06,00022
1670022,1,2007,12,10,16,24,15. ,07,00025
1670022,1,2007,12,22,01,16,54. ,10,00043
1670022,1,2008,01,01,18,47,10. ,06,00027
1670022,2,2008,01,06,13,51,58. ,17,00096
1670022,1,2008,01,06,17,15,44. ,11,00038
1670022,2,2008,01,12,12,36,17. ,23,00189
1670022,2,2008,01,20,03,53,14. ,19,00146
1670022,1,2008,01,23,04,35,45. ,07,00031
1670022,1,2008,01,24,13,58,16. ,10,00038
1670022,2,2008,01,25,10,05,02. ,17,00097
1670022,1,2008,02,03,15,37,06. ,05,00024
1670022,1,2008,02,04,19,58,38. ,05,00026
1670022,2,2008,02,06,02,09,24. ,24,00190
1670022,2,2008,02,13,06,06,25. ,22,00163
1670022,1,2008,02,21,14,19,49. ,11,00033
1670022,1,2008,02,21,15,53,24. ,06,00028
1670022,1,2008,02,22,09,49,15. ,13,00075
1670022,1,2008,03,04,05,58,11. ,13,00066
1670022,3,2008,03,13,17,41,22. ,28,00328
1670022,1,2008,03,16,13,58,40. ,06,00027
1670022,1,2008,03,20,00,34,28. ,09,00031
1670022,1,2008,03,24,14,17,11. ,14,00069
1670022,2,2008,04,04,22,31,17. ,18,00102
1670022,2,2008,04,12,09,47,06. ,20,00144
1670022,1,2008,04,13,06,46,24. ,07,00036
1670022,1,2008,04,17,04,22,01. ,14,00054
1670022,1,2008,04,29,14,27,27. ,07,00024
1670022,4,2008,05,11,03,24,17. ,38,00964
1670022,1,2008,05,27,00,26,29. ,14,00059
1670022,1,2008,05,27,08,02,51. ,06,00022
1670022,2,2008,05,31,15,24,19. ,17,00096
1670022,2,2008,06,05,02,05,13. ,16,00069
1670022,1,2008,06,26,08,38,19. ,11,00033
1670022,1,2008,06,30,05,55,45. ,05,00019
1670022,1,2008,07,05,11,16,49. ,07,00020
1670022,1,2008,07,05,19,35,28. ,09,00042
1670022,1,2008,07,22,04,58,46. ,11,00057
1670022,3,2008,07,24,00,28,20. ,27,00279
1670022,1,2008,07,30,01,20,59. ,05,00017
1670022,1,2008,08,05,11,01,01. ,14,00060
1670022,1,2008,08,09,00,54,35. ,05,00018
1670022,3,2008,08,14,20,11,05. ,26,00217
1670022,1,2008,08,19,14,42,40. ,08,00041
1670022,1,2008,09,01,12,55,52. ,07,00031
1670022,1,2008,09,02,19,56,37. ,09,00036
1670022,1,2008,09,11,01,35,43. ,11,00046
1670022,2,2008,09,11,09,21,27. ,21,00103
1670022,2,2008,09,12,07,35,04. ,17,00079
1670022,1,2008,09,22,16,33,45. ,09,00031
1670022,1,2008,10,07,13,13,08. ,07,00032
1670022,1,2008,10,20,11,53,13. ,07,00026
1670022,2,2008,10,23,13,40,37. ,15,00071
1670022,1,2008,10,23,14,32,58. ,13,00055
1670022,2,2008,10,26,11,19,44. ,16,00065
1670022,1,2008,11,03,16,58,55. ,12,00047
1670022,1,2008,11,06,18,36,40. ,08,00027
1670022,1,2008,11,17,12,56,24. ,13,00057
1670022,4,2008,11,22,00,44,57. ,39,01133
1670022,1,2008,11,22,01,12,14. ,05,00029
1670022,1,2008,11,24,18,08,02. ,07,00028
1670022,1,2008,12,15,05,31,17. ,08,00028
1670022,1,2008,12,22,20,16,34. ,08,00025
1670022,1,2008,12,25,05,32,41. ,10,00032
1670022,1,2009,01,11,14,57,58. ,12,00049
1670022,1,2009,01,11,21,54,28. ,11,00036
1670022,1,2009,01,12,12,06,13. ,05,00019
1670022,2,2009,01,16,02,52,30. ,22,00135
1670022,1,2009,01,22,05,01,34. ,12,00058
1670022,1,2009,01,23,01,01,14. ,07,00024
1670022,1,2009,01,24,21,45,24. ,05,00019
1670022,1,2009,02,01,19,19,53. ,06,00024
1670022,1,2009,02,03,01,03,30. ,05,00030
1670022,1,2009,02,04,12,54,21. ,08,00040
1670022,1,2009,02,07,12,04,33. ,06,00024
1670022,1,2009,02,11,14,54,12. ,10,00040
1670022,1,2009,02,12,08,49,09. ,06,00021
1670022,1,2009,02,28,09,37,05. ,11,00040
1670022,1,2009,03,07,23,33,59. ,07,00022
1670022,1,2009,03,10,16,46,08. ,11,00035
1670022,1,2009,03,16,12,47,09. ,10,00041
1670022,3,2009,03,20,15,52,34. ,25,00196
1670022,1,2009,03,31,05,32,36. ,11,00080
1670022,1,2009,04,07,13,25,50. ,13,00039
1670022,1,2009,04,17,23,54,28. ,06,00018
1670022,1,2009,04,19,04,20,20. ,14,00044
1670022,1,2009,04,21,10,17,48. ,13,00054
1670022,3,2009,04,28,20,21,33. ,33,00504
1670022,1,2009,05,03,04,17,32. ,06,00027
1670022,1,2009,05,19,07,05,35. ,05,00023
1670022,1,2009,06,04,19,24,01. ,05,00021
1670022,1,2009,06,05,12,31,30. ,11,00033
1670022,1,2009,06,06,19,39,14. ,06,00017
1670022,1,2009,06,11,00,56,07. ,05,00021
1670022,2,2009,06,11,15,51,26. ,15,00068
1670022,1,2009,06,17,20,12,35. ,08,00028
1670022,1,2009,06,20,10,54,23. ,05,00021
1670022,1,2009,06,23,16,39,19. ,07,00020
1670022,1,2009,06,25,22,52,09. ,10,00036
1670022,1,2009,07,25,20,33,30. ,11,00036
1670022,1,2009,07,28,04,16,56. ,11,00037
1670022,1,2009,07,29,20,04,07. ,14,00060
1670022,2,2009,07,29,21,23,07. ,20,00109
1670022,1,2009,08,09,20,00,39. ,08,00023
1670022,1,2009,08,13,22,47,39. ,10,00052
1670022,3,2009,08,15,19,45,58. ,28,00418
1670022,1,2009,08,22,09,41,32. ,09,00036
1670022,1,2009,08,22,22,20,30. ,10,00035
1670022,1,2009,08,24,14,27,23. ,05,00018
1670022,1,2009,09,02,14,18,45. ,06,00022
1670022,1,2009,09,02,21,25,30. ,10,00040
1670022,3,2009,09,10,18,29,32. ,25,00223
1670022,1,2009,09,17,13,39,09. ,05,00022
1670022,1,2009,09,28,12,59,57. ,06,00028
1670022,1,2009,09,29,21,03,43. ,07,00029
1670022,1,2009,10,04,10,12,54. ,10,00043
1670022,1,2009,10,10,17,44,03. ,13,00048
1670022,1,2009,10,11,06,27,28. ,11,00033
1670022,3,2009,10,11,10,12,34. ,29,00339
1670022,1,2009,10,25,23,33,27. ,08,00031
1670022,1,2009,11,19,05,40,05. ,05,00021
1670022,2,2009,11,24,14,26,04. ,23,00166
1670022,1,2009,11,27,13,37,30. ,10,00033
1670022,2,2009,12,10,08,25,58. ,16,00075
1670022,1,2009,12,10,20,39,05. ,10,00037
1670022,1,2009,12,11,09,22,50. ,06,00021
1670022,1,2009,12,24,09,26,52. ,14,00052
1670022,1,2009,12,24,11,49,38. ,05,00020
1670022,2,2009,12,28,09,13,05. ,23,00156
1670022,1,2009,12,30,04,24,18. ,06,00021
1670022,1,2010,01,04,03,54,55. ,06,00030
1670022,1,2010,01,08,13,47,22. ,05,00024
1670022,1,2010,01,09,23,01,25. ,09,00035
1670022,1,2010,01,12,08,46,52. ,07,00032
1670022,3,2010,01,16,00,45,07. ,27,00222
1670022,1,2010,01,16,17,35,26. ,10,00039
1670022,1,2010,01,22,19,39,53. ,10,00039
1670022,1,2010,02,05,08,39,35. ,13,00053
1670022,1,2010,02,12,02,35,02. ,05,00022
1670022,1,2010,02,18,10,17,42. ,07,00023
1670022,1,2010,02,20,20,49,02. ,12,00041
1670022,3,2010,03,06,22,31,42. ,28,00268
1670022,1,2010,03,12,14,52,50. ,05,00020
1670022,1,2010,03,14,17,10,39. ,07,00023
1670022,1,2010,03,17,19,29,16. ,12,00048
1670022,1,2010,03,27,19,55,06. ,14,00053
1670022,1,2010,04,04,17,36,06. ,14,00075
1670022,2,2010,04,09,03,42,03. ,22,00146
1670022,3,2010,06,05,14,22,22. ,28,00336
1670022,2,2010,06,18,11,23,52. ,19,00093
1670022,1,2010,06,19,11,40,34. ,06,00021
1670022,1,2010,06,21,11,54,34. ,05,00018
1670022,1,2010,07,05,06,57,41. ,09,00033
1670022,1,2010,07,05,09,53,57. ,09,00029
1670022,1,2010,07,08,21,23,58. ,10,00033
1670022,1,2010,07,16,06,18,54. ,07,00032
1670022,1,2010,07,28,08,07,28. ,06,00022
1670022,1,2010,08,05,08,50,39. ,05,00016
1670022,2,2010,08,07,14,31,43. ,22,00172
1670022,1,2010,08,10,14,52,24. ,05,00020
1670022,1,2010,08,13,10,36,27. ,05,00019
1670022,1,2010,08,14,13,26,15. ,05,00021
1670022,1,2010,08,19,18,28,40. ,10,00036
1670022,1,2010,08,21,16,36,26. ,05,00018
1670022,2,2010,09,04,06,15,41. ,23,00199
1670022,1,2010,09,13,14,49,08. ,11,00036
1670022,1,2010,09,24,12,19,36. ,10,00037
1670022,3,2010,09,28,01,13,54. ,29,00308
1670022,1,2010,10,02,16,17,59. ,11,00040
1670022,2,2010,10,04,11,47,50. ,21,00147
1670022,1,2010,10,10,14,33,29. ,13,00057
1670022,1,2010,10,14,22,59,51. ,11,00035
1670022,2,2010,11,03,03,12,20. ,16,00072
1670022,1,2010,11,07,05,59,09. ,05,00019
1670022,1,2010,11,12,08,11,03. ,10,00043
1670022,1,2010,11,15,12,41,12. ,11,00052
1670022,3,2010,11,19,13,02,07. ,30,00443
1670022,1,2010,12,04,17,21,28. ,09,00031
1670022,3,2010,12,06,00,51,24. ,31,00432
1670022,1,2010,12,06,16,31,52. ,06,00021
1670022,1,2010,12,10,01,29,47. ,08,00034
1670022,1,2010,12,15,14,44,36. ,06,00019
1670022,1,2011,01,09,21,43,09. ,07,00024
1670022,2,2011,01,16,12,36,40. ,15,00063
1670022,1,2011,02,07,01,08,18. ,11,00046
1670022,1,2011,02,19,05,22,08. ,06,00021
1670022,2,2011,02,22,12,51,02. ,18,00109
1670022,1,2011,03,03,20,54,52. ,08,00030
1670022,1,2011,03,09,11,47,33. ,12,00046
1670022,1,2011,03,10,06,26,22. ,06,00021
1670022,3,2011,03,11,14,49,00. ,29,00272
1670022,1,2011,03,11,15,08,12. ,10,00036
1670022,2,2011,03,11,15,10,30. ,18,00072
1670022,1,2011,03,11,15,17,31. ,09,00028
1670022,1,2011,03,11,15,25,07. ,07,00020
1670022,3,2011,03,11,15,28,10. ,31,00451
1670022,1,2011,03,11,15,31,28. ,10,00034
1670022,1,2011,03,11,15,51,24. ,08,00025
1670022,1,2011,03,11,16,01,23. ,09,00029
1670022,1,2011,03,11,16,06,19. ,07,00023
1670022,2,2011,03,11,16,27,49. ,16,00060
1670022,1,2011,03,11,16,31,01. ,12,00038
1670022,1,2011,03,11,17,18,12. ,06,00023
1670022,1,2011,03,11,20,38,50. ,14,00058
1670022,1,2011,03,11,20,59,13. ,06,00020
1670022,1,2011,03,12,04,04,49. ,08,00025
1670022,1,2011,03,12,07,53,31. ,06,00020
1670022,1,2011,03,12,11,50,00. ,05,00020
1670022,1,2011,03,12,19,37,11. ,05,00022
1670022,1,2011,03,12,21,56,13. ,05,00017
1670022,1,2011,03,12,22,18,31. ,06,00020
1670022,1,2011,03,17,13,15,37. ,13,00051
1670022,1,2011,03,22,16,21,25. ,11,00036
1670022,1,2011,03,22,18,46,07. ,06,00020
1670022,1,2011,03,25,20,38,37. ,06,00021
1670022,2,2011,03,27,12,46,44. ,15,00066
1670022,1,2011,03,28,07,26,18. ,05,00019
1670022,1,2011,03,31,02,11,35. ,05,00019
1670022,1,2011,03,31,16,17,38. ,07,00022
1670022,1,2011,04,04,08,18,02. ,10,00034
1670022,3,2011,04,07,23,35,00. ,27,00264
1670022,2,2011,04,09,03,42,57. ,23,00132
1670022,1,2011,04,09,08,24,43. ,06,00025
1670022,1,2011,04,14,04,59,07. ,09,00031
1670022,1,2011,04,15,00,50,11. ,12,00061
1670022,1,2011,04,15,22,15,51. ,05,00016
1670022,1,2011,04,23,19,14,41. ,06,00022
1670022,1,2011,04,28,19,42,58. ,11,00043
1670022,1,2011,05,06,00,00,31. ,07,00024
1670022,2,2011,05,15,07,30,42. ,19,00092
1670022,1,2011,05,22,02,45,39. ,06,00030
1670022,1,2011,05,31,16,57,03. ,10,00037
1670022,1,2011,06,03,09,07,32. ,07,00025
1670022,3,2011,06,14,21,49,07. ,30,00352
1670022,1,2011,06,14,22,09,14. ,08,00027
1670022,2,2011,06,23,06,52,50. ,19,00101
1670022,1,2011,06,25,02,40,34. ,06,00020
1670022,2,2011,07,10,09,59,28. ,20,00099
1670022,1,2011,07,23,13,36,32. ,11,00032
1670022,1,2011,07,31,03,56,49. ,08,00023
1670022,1,2011,08,01,02,37,05. ,06,00021
1670022,1,2011,08,14,20,32,39. ,07,00024
1670022,1,2011,08,19,01,40,19. ,13,00069
1670022,1,2011,08,19,10,42,14. ,05,00017
1670022,2,2011,08,19,11,29,16. ,21,00180
1670022,1,2011,08,19,14,39,08. ,08,00028
1670022,1,2011,08,20,07,05,02. ,13,00052
1670022,1,2011,08,22,09,08,01. ,05,00020
1670022,1,2011,09,04,14,03,00. ,07,00023
1670022,1,2011,09,13,01,51,04. ,05,00017
1670022,1,2011,09,17,04,28,13. ,12,00041
1670022,1,2011,09,17,06,09,36. ,07,00027
1670022,2,2011,10,07,21,44,29. ,21,00140
1670022,2,2011,10,10,01,34,39. ,17,00091
1670022,2,2011,10,21,17,03,43. ,16,00097
1670022,2,2011,11,01,05,59,57. ,19,00093
1670022,1,2011,11,07,10,48,12. ,06,00023
1670022,1,2011,11,09,19,44,00. ,10,00039
1670022,1,2011,11,17,07,08,47. ,06,00026
1670022,1,2011,11,20,07,08,36. ,05,00017
1670022,1,2011,11,24,19,26,40. ,13,00044
1670022,1,2011,11,30,00,32,29. ,08,00028
1670022,1,2011,12,01,20,21,21. ,13,00048
1670022,2,2011,12,06,06,50,48. ,15,00071
1670022,1,2011,12,10,04,44,56. ,10,00039
1670022,2,2011,12,19,13,14,38. ,16,00078
1670022,1,2011,12,28,10,36,16. ,05,00025
1670022,2,2011,12,28,18,18,55. ,17,00078
1670022,1,2012,01,01,14,33,15. ,09,00025
1670022,1,2012,01,06,09,49,05. ,05,00032
1670022,1,2012,01,28,09,23,56. ,05,00019
1670022,1,2012,01,30,20,36,21. ,08,00029
1670022,1,2012,02,01,14,17,35. ,05,00023
1670022,1,2012,02,02,21,29,50. ,11,00048
1670022,1,2012,02,18,17,44,17. ,14,00067
1670022,1,2012,02,26,16,06,05. ,14,00063
1670022,2,2012,02,28,23,30,34. ,20,00106
1670022,1,2012,03,11,17,33,56. ,14,00053
1670022,1,2012,03,12,08,14,06. ,07,00030
1670022,2,2012,03,12,21,33,52. ,18,00084
1670022,3,2012,03,14,18,09,15. ,25,00193
1670022,1,2012,03,14,19,50,32. ,13,00056
1670022,1,2012,03,14,19,58,48. ,07,00027
1670022,2,2012,03,19,19,23,35. ,17,00078
1670022,2,2012,03,25,06,55,09. ,20,00119
1670022,1,2012,03,27,20,02,39. ,07,00020
1670022,1,2012,04,24,05,54,26. ,09,00045
1670022,2,2012,05,04,14,34,22. ,16,00073
1670022,1,2012,05,05,20,03,02. ,08,00027
1670022,1,2012,05,10,15,01,56. ,10,00038
1670022,1,2012,05,20,16,21,41. ,08,00032
1670022,1,2012,05,24,00,03,47. ,10,00031
1670022,1,2012,05,24,23,54,38. ,11,00077
1670022,1,2012,06,03,19,52,23. ,05,00021
1670022,1,2012,06,11,12,36,28. ,05,00018
1670022,1,2012,06,15,18,36,33. ,05,00018
1670022,1,2012,06,18,05,34,29. ,07,00026
1670022,1,2012,07,04,11,38,18. ,13,00056
1670022,1,2012,07,12,20,18,20. ,06,00026
1670022,3,2012,07,15,23,35,01. ,28,00332
1670022,1,2012,07,22,13,42,53. ,14,00048
1670022,1,2012,08,12,21,26,56. ,11,00042
1670022,2,2012,08,14,12,02,20. ,22,00116
1670022,1,2012,08,22,06,30,41. ,11,00041
1670022,1,2012,08,22,10,34,02. ,09,00030
1670022,1,2012,08,23,20,05,24. ,13,00052
1670022,2,2012,08,25,23,16,53. ,21,00112
1670022,1,2012,08,27,04,38,11. ,05,00025
1670022,1,2012,09,10,20,54,44. ,11,00041
1670022,2,2012,10,25,18,26,33. ,16,00089
1670022,1,2012,10,26,19,53,46. ,06,00022
1670022,1,2012,11,04,07,36,27. ,05,00026
1670022,1,2012,11,05,13,32,47. ,06,00023
1670022,1,2012,11,07,08,08,27. ,07,00026
1670022,1,2012,11,19,10,08,06. ,14,00076
1670022,1,2012,11,21,09,23,03. ,12,00052
1670022,1,2012,12,01,02,19,32. ,14,00055
1670022,2,2012,12,04,02,48,36. ,23,00159
1670022,1,2012,12,05,10,11,42. ,09,00036
1670022,3,2012,12,07,17,20,40. ,29,00307
1670022,1,2012,12,07,17,33,30. ,12,00049
1670022,1,2012,12,17,12,20,13. ,05,00018
1670022,2,2013,01,06,07,05,15. ,17,00078
1670022,1,2013,01,08,16,53,11. ,06,00028
1670022,1,2013,01,17,08,33,22. ,10,00038
1670022,4,2013,01,24,06,34,43. ,40,01192
1670022,2,2013,01,29,22,18,00. ,15,00062
1670022,4,2013,02,02,23,18,06. ,44,01728
1670022,2,2013,02,05,13,41,55. ,23,00186
1670022,3,2013,02,17,07,17,49. ,30,00360
1670022,1,2013,02,17,15,36,41. ,07,00026
1670022,1,2013,02,20,01,26,44. ,11,00043
1670022,1,2013,02,20,18,15,13. ,05,00022
1670022,1,2013,02,22,09,52,39. ,07,00024
1670022,1,2013,02,25,00,04,10. ,06,00025
1670022,3,2013,03,09,21,16,50. ,26,00266
1670022,2,2013,03,10,05,11,45. ,21,00138
1670022,1,2013,03,10,20,43,14. ,07,00033
1670022,3,2013,04,06,04,25,13. ,29,00311
1670022,1,2013,04,17,21,05,54. ,05,00018
1670022,1,2013,04,17,22,33,08. ,09,00033
1670022,4,2013,04,19,12,08,00. ,36,00702
1670022,2,2013,04,23,13,56,44. ,15,00100
1670022,1,2013,05,08,23,11,33. ,06,00035
1670022,1,2013,05,09,10,15,33. ,06,00024
1670022,2,2013,05,13,07,43,15. ,16,00069
1670022,1,2013,05,15,22,53,49. ,08,00030
1670022,1,2013,05,17,04,11,00. ,12,00056
1670022,2,2013,05,24,14,49,48. ,15,00055
1670022,1,2013,05,29,12,22,35. ,09,00028
1670022,1,2013,06,21,03,02,48. ,14,00078
1670022,1,2013,07,05,23,12,29. ,13,00060
1670022,1,2013,07,06,15,55,08. ,08,00027
1670022,1,2013,07,10,14,24,11. ,08,00028
1670022,2,2013,07,14,00,37,37. ,16,00110
1670022,3,2013,07,16,23,09,35. ,29,00313
1670022,1,2013,07,27,07,09,23. ,07,00039
1670022,1,2013,08,04,02,59,32. ,09,00037
1670022,1,2013,08,04,12,31,15. ,09,00037
1670022,2,2013,08,05,00,58,31. ,17,00072
1670022,1,2013,08,05,02,11,04. ,09,00033
1670022,2,2013,08,12,09,32,21. ,22,00160
1670022,1,2013,08,13,09,10,39. ,13,00059
1670022,1,2013,08,27,23,27,08. ,06,00022
1670022,1,2013,09,04,20,40,17. ,10,00036
1670022,1,2013,09,11,13,24,47. ,06,00021
1670022,1,2013,09,11,16,13,21. ,11,00036
1670022,1,2013,09,27,22,53,01. ,05,00030
1670022,1,2013,10,04,15,41,36. ,09,00033
1670022,2,2013,10,09,05,30,48. ,15,00061
1670022,2,2013,10,26,02,12,50. ,19,00087
1670022,1,2013,10,29,00,38,10. ,07,00021
1670022,2,2013,11,02,01,31,16. ,18,00081
1670022,1,2013,11,05,01,01,34. ,05,00019
1670022,1,2013,11,05,15,06,58. ,05,00022
1670022,1,2013,11,15,11,01,56. ,07,00023
1670022,1,2013,11,25,16,23,00. ,11,00036
1670022,2,2013,12,09,02,25,55. ,18,00074
1670022,3,2013,12,16,02,17,55. ,30,00409
1670022,3,2013,12,18,02,14,03. ,34,00617
1670022,2,2013,12,27,07,36,08. ,15,00073
1670022,1,2013,12,29,23,29,38. ,05,00021
1670022,1,2014,01,12,20,56,38. ,06,00032
1670022,1,2014,01,22,16,16,49. ,13,00053
1670022,1,2014,02,03,12,09,04. ,13,00048
1670022,1,2014,02,07,12,15,02. ,06,00022
1670022,1,2014,02,08,21,13,47. ,07,00021
1670022,2,2014,02,09,22,34,49. ,19,00095
1670022,2,2014,02,23,13,54,52. ,15,00066
1670022,3,2014,03,10,00,13,36. ,33,00487
1670022,1,2014,04,03,08,24,53. ,05,00022
1670022,1,2014,04,15,02,55,39. ,06,00031
1670022,1,2014,04,18,11,01,10. ,09,00028
1670022,1,2014,05,10,23,52,54. ,12,00045
1670022,1,2014,05,27,03,13,10. ,12,00050
1670022,1,2014,05,30,06,59,36. ,09,00034
1670022,1,2014,05,30,20,22,09. ,12,00042
1670022,2,2014,06,03,01,09,55. ,15,00125
1670022,4,2014,06,26,14,47,22. ,35,00743
1670022,2,2014,06,30,01,34,39. ,15,00061
1670022,1,2014,07,05,07,43,56. ,05,00018
1670022,1,2014,07,18,07,34,52. ,12,00037
1670022,3,2014,07,21,03,33,31. ,27,00259
1670022,1,2014,07,23,16,02,24. ,06,00024
1670022,1,2014,07,25,01,51,48. ,05,00020
1670022,2,2014,07,26,08,22,33. ,15,00059
1670022,2,2014,08,10,12,44,40. ,15,00059
1670022,3,2014,08,19,22,26,31. ,28,00265
1670022,1,2014,08,24,05,51,05. ,05,00023
1670022,2,2014,09,04,12,07,29. ,15,00085
1670022,3,2014,09,18,14,57,00. ,29,00275
1670022,1,2014,10,04,09,35,03. ,14,00055
1670022,2,2014,11,05,23,01,25. ,18,00091
1670022,1,2014,11,13,08,37,49. ,13,00070
1670022,1,2014,11,14,04,48,16. ,13,00050
1670022,2,2014,12,19,13,47,59. ,16,00068
1670022,1,2014,12,22,01,51,58. ,13,00056
1670022,1,2014,12,22,19,05,01. ,10,00046
1670022,1,2014,12,31,17,17,19. ,09,00032
1670022,1,2015,01,05,07,26,40. ,14,00060
1670022,3,2015,01,09,03,42,34. ,28,00326
1670022,1,2015,01,09,12,56,52. ,09,00037
1670022,2,2015,01,16,00,45,34. ,15,00063
1670022,2,2015,01,22,02,36,00. ,23,00171
1670022,1,2015,02,08,21,47,22. ,08,00035
1670022,1,2015,02,17,08,08,11. ,11,00037
1670022,1,2015,02,17,13,48,23. ,08,00033
1670022,2,2015,02,28,09,41,04. ,21,00125
1670022,1,2015,02,28,17,50,35. ,09,00030
1670022,3,2015,03,16,20,56,59. ,31,00393
1670022,1,2015,03,25,09,35,26. ,05,00022
1670022,1,2015,03,25,15,30,34. ,07,00028
1670022,2,2015,04,06,13,58,51. ,23,00172
1670022,2,2015,04,29,02,49,59. ,22,00156
1670022,1,2015,05,13,06,15,07. ,10,00032
1670022,1,2015,06,01,09,49,59. ,09,00039
1670022,1,2015,06,03,20,39,50. ,08,00030
1670022,1,2015,06,04,04,34,50. ,09,00032
1670022,1,2015,06,07,19,20,32. ,11,00051
1670022,1,2015,06,08,15,02,31. ,11,00035
1670022,2,2015,06,27,03,30,48. ,17,00113
1670022,3,2015,07,07,14,11,00. ,31,00430
1670022,1,2015,07,10,03,34,37. ,05,00020
1670022,2,2015,07,11,20,27,55. ,16,00066
1670022,2,2015,08,08,21,58,07. ,22,00145
1670022,1,2015,08,11,00,00,12. ,08,00027
1670022,2,2015,08,11,20,05,55. ,16,00070
1670022,2,2015,08,14,13,44,35. ,18,00081
1670022,1,2015,08,28,04,11,15. ,13,00054
1670022,1,2015,09,02,17,09,38. ,08,00028
1670022,1,2015,09,02,17,24,38. ,05,00017
1670022,1,2015,09,11,15,46,10. ,13,00058
1670022,1,2015,09,12,22,39,10. ,11,00032
1670022,1,2015,09,26,18,51,01. ,07,00028
1670022,2,2015,10,11,07,16,47. ,16,00083
1670022,2,2015,10,15,04,36,34. ,22,00148
1670022,2,2015,10,17,14,18,13. ,24,00225
1670022,2,2015,10,28,12,29,35. ,17,00105
1670022,2,2015,11,04,22,48,06. ,22,00159
1670022,1,2015,11,06,08,30,39. ,09,00033
1670022,2,2015,11,15,03,27,02. ,19,00090
1670022,2,2015,11,22,09,37,25. ,21,00118
1670022,1,2015,11,22,17,47,22. ,07,00022
1670022,4,2015,11,28,11,51,24. ,35,00729
1670022,1,2015,12,07,04,12,55. ,11,00047
1670022,1,2015,12,16,07,07,47. ,07,00025
1670022,2,2015,12,18,03,12,15. ,15,00062
1670022,1,2016,01,03,06,25,21. ,07,00026
1670022,2,2016,01,03,09,38,09. ,17,00082
1670022,1,2016,01,07,09,15,33. ,07,00026
1670022,1,2016,01,12,02,09,42. ,14,00057
1670022,2,2016,01,14,12,26,13. ,20,00103
1670022,3,2016,01,21,06,53,52. ,28,00365
1670022,3,2016,01,24,00,57,15. ,26,00218
1670022,1,2016,01,31,02,24,25. ,11,00051
1670022,1,2016,02,10,06,23,18. ,05,00025
1670022,2,2016,02,23,03,41,14. ,24,00228
1670022,2,2016,03,21,09,12,19. ,21,00125
1670022,2,2016,03,24,16,57,57. ,19,00099
1670022,1,2016,03,30,10,34,06. ,08,00032
1670022,2,2016,03,30,14,10,12. ,20,00116
1670022,3,2016,04,27,07,39,52. ,28,00327
1670022,3,2016,05,03,09,01,19. ,32,00422
1670022,1,2016,05,03,09,23,11. ,14,00075
1670022,1,2016,05,08,16,59,11. ,06,00024
1670022,2,2016,05,12,15,32,47. ,23,00209
1670022,2,2016,05,20,23,05,43. ,17,00076
1670022,1,2016,05,29,00,16,01. ,09,00051
1670022,1,2016,06,06,19,16,27. ,05,00025
1670022,1,2016,06,07,14,17,35. ,06,00023
1670022,1,2016,06,13,02,12,32. ,05,00020
1670022,1,2016,06,30,03,14,11. ,08,00025
1670022,2,2016,07,02,10,48,08. ,23,00145
1670022,2,2016,07,04,09,55,12. ,18,00077
1670022,1,2016,07,07,22,14,32. ,06,00039
1670022,1,2016,07,16,12,54,51. ,06,00026
1670022,1,2016,07,23,10,02,37. ,09,00036
1670022,1,2016,07,24,11,52,12. ,10,00038
1670022,1,2016,07,25,03,05,33. ,12,00045
1670022,2,2016,07,26,19,15,56. ,15,00075
1670022,1,2016,07,29,06,57,00. ,05,00019
1670022,2,2016,08,27,04,36,21. ,17,00140
1670022,1,2016,09,03,14,09,43. ,06,00022
1670022,1,2016,09,29,01,34,02. ,06,00020
1670022,2,2016,10,22,20,16,15. ,16,00096
1670022,2,2016,10,24,05,26,29. ,21,00111
1670022,3,2016,11,19,15,01,41. ,27,00332
1670022,1,2016,11,28,21,31,12. ,12,00045
1670022,1,2016,12,01,15,05,40. ,07,00029
1670022,1,2016,12,28,11,46,54. ,05,00024
1670022,1,2016,12,28,16,40,42. ,07,00027
1670022,1,2017,01,27,10,33,19. ,06,00032
1670022,1,2017,02,17,22,46,50. ,06,00023
1670022,1,2017,02,25,18,22,02. ,05,00019
1670022,2,2017,02,27,15,21,49. ,18,00093
1670022,1,2017,02,27,18,11,34. ,05,00018
1670022,2,2017,03,03,17,27,52. ,20,00115
1670022,1,2017,03,08,22,51,11. ,06,00023
1670022,1,2017,03,14,12,57,50. ,08,00029
1670022,1,2017,04,20,20,42,35. ,12,00050
1670022,1,2017,04,25,21,40,56. ,06,00021
1670022,1,2017,04,30,23,43,31. ,11,00034
1670022,1,2017,05,05,04,20,57. ,06,00019
1670022,3,2017,05,22,20,01,27. ,26,00217
1670022,1,2017,06,10,16,31,44. ,10,00038
1670022,1,2017,06,22,11,43,28. ,11,00037
1670022,1,2017,06,24,03,10,16. ,05,00025
1670022,3,2017,06,28,21,08,02. ,26,00252
1670022,1,2017,07,06,20,44,07. ,05,00021
1670022,1,2017,07,08,13,06,16. ,12,00058
1670022,1,2017,07,09,02,43,16. ,07,00026
1670022,1,2017,07,31,06,02,54. ,14,00059
1670022,1,2017,09,10,17,45,31. ,05,00018
1670022,1,2017,09,21,01,39,30. ,12,00045
1670022,1,2017,09,27,05,23,53. ,05,00017
1670022,1,2017,10,06,17,02,01. ,09,00032
1670022,1,2017,10,12,15,04,22. ,07,00029
1670022,1,2017,10,24,06,27,13. ,12,00044
1670022,2,2017,11,03,12,45,55. ,15,00073
1670022,1,2017,11,13,07,26,21. ,05,00017
1670022,1,2017,12,01,03,48,45. ,14,00070
1670022,1,2017,12,07,15,39,37. ,10,00031
1670022,1,2017,12,08,04,24,35. ,11,00049
1670022,1,2017,12,17,09,30,16. ,07,00028
1670022,3,2017,12,17,20,29,32. ,26,00259
1670022,1,2017,12,26,20,17,14. ,06,00027
1670022,1,2017,12,29,06,15,50. ,07,00027
1670022,1,2017,12,29,14,08,04. ,05,00020
1670022,2,2017,12,30,23,35,03. ,18,00092
1670022,2,2018,01,16,18,49,59. ,21,00178
1670022,2,2018,01,19,21,00,17. ,22,00151
1670022,2,2018,01,24,19,52,26. ,16,00066
1670022,1,2018,02,07,14,40,10. ,11,00037
1670022,1,2018,02,08,10,34,21. ,13,00054
1670022,2,2018,02,11,23,49,46. ,21,00169
1670022,1,2018,02,17,22,32,24. ,05,00021
1670022,2,2018,03,05,04,53,34. ,16,00069
1670022,1,2018,03,06,09,52,20. ,05,00023
1670022,1,2018,03,07,13,42,32. ,10,00031
1670022,1,2018,03,10,04,32,24. ,09,00059
1670022,1,2018,03,19,03,01,55. ,06,00022
1670022,1,2018,03,30,00,41,22. ,12,00045
1670022,1,2018,04,08,11,02,10. ,06,00024
1670022,1,2018,04,09,11,45,50. ,12,00053
1670022,4,2018,04,14,04,00,10. ,44,01896
1670022,1,2018,04,20,19,46,15. ,13,00049
1670022,4,2018,04,24,17,53,35. ,39,00968
1670022,1,2018,04,28,18,16,31. ,06,00024
1670022,3,2018,05,18,03,42,25. ,26,00211
1670022,1,2018,06,02,18,49,08. ,11,00039
1670022,1,2018,06,10,06,46,22. ,11,00043
1670022,1,2018,06,12,21,38,17. ,07,00032
1670022,2,2018,06,18,06,36,23. ,20,00148
1670022,1,2018,06,24,22,18,54. ,11,00037
1670022,1,2018,07,16,02,14,37. ,06,00021
1670022,1,2018,07,16,21,39,52. ,05,00022
1670022,2,2018,07,24,06,38,58. ,16,00076
1670022,1,2018,07,27,13,55,26. ,11,00035
1670022,1,2018,08,09,23,14,41. ,13,00051
1670022,1,2018,08,12,19,22,38. ,06,00029
1670022,2,2018,09,05,10,26,59. ,22,00125
1670022,2,2018,09,06,03,08,50. ,19,00084
1670022,1,2018,09,06,06,12,41. ,06,00023
1670022,2,2018,09,06,23,44,20. ,19,00119
1670022,2,2018,09,22,02,18,42. ,15,00079
1670022,1,2018,10,13,06,40,25. ,07,00022
1670022,1,2018,10,13,20,12,50. ,12,00036
1670022,1,2018,10,18,02,22,55. ,11,00041
1670022,1,2018,10,26,03,38,33. ,07,00024
1670022,2,2018,10,26,12,05,19. ,22,00122
1670022,2,2018,10,26,12,06,10. ,15,00060
1670022,1,2018,10,29,06,56,42. ,13,00052
1670022,2,2018,11,02,20,03,35. ,15,00059
1670022,3,2018,11,05,04,26,28. ,31,00404
1670022,1,2018,11,28,11,24,36. ,05,00018
1670022,2,2018,12,01,18,56,33. ,17,00100
1670022,1,2018,12,02,19,09,24. ,11,00048
1670022,2,2018,12,11,09,27,03. ,23,00162
1670022,1,2018,12,25,03,54,55. ,05,00021
1670022,1,2018,12,26,17,21,20. ,07,00023
1670022,1,2018,12,28,22,04,38. ,13,00054
1670022,1,2018,12,30,04,09,21. ,14,00055
1670022,1,2019,01,01,04,04,47. ,05,00024
1670022,1,2019,01,16,21,12,49. ,05,00019
1670022,1,2019,01,19,05,05,28. ,05,00020
1670022,2,2019,01,26,14,08,50. ,16,00087
1670022,1,2019,01,26,17,24,43. ,05,00019
1670022,1,2019,02,05,02,41,17. ,10,00036
1670022,1,2019,02,07,16,58,51. ,05,00022
1670022,2,2019,02,09,11,24,39. ,16,00100
1670022,1,2019,02,14,16,26,02. ,11,00038
1670022,1,2019,02,21,21,23,53. ,06,00021
1670022,1,2019,02,26,02,14,44. ,14,00058
1670022,3,2019,03,02,12,23,22. ,26,00222
1670022,1,2019,03,03,10,34,13. ,09,00033
1670022,1,2019,03,10,18,53,20. ,08,00025
1670022,2,2019,03,28,11,17,43. ,15,00057
1670022,1,2019,04,11,17,19,47. ,06,00021
1670022,2,2019,04,15,05,28,51. ,21,00127
1670022,1,2019,04,18,06,08,18. ,11,00038
1670022,1,2019,04,19,13,15,12. ,11,00041
1670022,1,2019,04,27,06,36,21. ,05,00024
1670022,2,2019,04,28,02,25,24. ,15,00066
1670022,3,2019,05,05,01,40,40. ,32,00431
1670022,1,2019,05,08,02,59,34. ,09,00029
1670022,1,2019,05,15,05,56,01. ,14,00064
1670022,1,2019,05,28,10,30,25. ,10,00050
1670022,2,2019,06,11,02,19,15. ,23,00202
1670022,1,2019,06,13,09,57,18. ,06,00021
1670022,2,2019,06,15,17,20,44. ,17,00105
1670022,1,2019,06,17,19,09,18. ,12,00053
1670022,1,2019,06,26,13,17,57. ,13,00050
1670022,3,2019,07,04,03,06,50. ,32,00440
1670022,1,2019,07,09,20,35,45. ,05,00017
1670022,1,2019,07,14,22,24,05. ,09,00028
1670022,1,2019,07,19,21,06,02. ,09,00043
1670022,1,2019,07,21,23,02,23. ,09,00029
1670022,1,2019,07,26,23,41,03. ,05,00025
1670022,1,2019,08,15,14,34,34. ,08,00029
1670022,1,2019,08,18,02,18,20. ,06,00026
1670022,1,2019,08,29,08,47,57. ,08,00024
1670022,1,2019,08,30,04,25,06. ,13,00077
1670022,1,2019,09,06,21,09,31. ,08,00027
1670022,1,2019,09,18,11,55,29. ,13,00050
1670022,1,2019,09,19,00,23,27. ,12,00052
1670022,1,2019,09,26,11,12,35. ,09,00032
1670022,1,2019,09,28,01,25,20. ,08,00034
1670022,1,2019,10,15,08,15,42. ,14,00056
1670022,1,2019,10,22,14,51,42. ,09,00035
1670022,1,2019,10,27,11,16,35. ,06,00024
1670022,1,2019,10,31,17,24,45. ,11,00038
1670022,1,2019,11,09,06,04,17. ,12,00052
1670022,1,2019,11,12,04,42,12. ,08,00031
1670022,1,2019,11,21,04,03,41. ,07,00024
1670022,3,2019,11,23,21,58,34. ,27,00317
1670022,3,2019,11,28,16,41,26. ,27,00262
1670022,1,2019,12,04,06,28,51. ,09,00051
1670022,1,2019,12,05,11,05,04. ,08,00025
1670022,1,2019,12,05,13,59,08. ,11,00048
1670022,1,2019,12,07,09,10,52. ,13,00055
1670022,1,2019,12,07,16,51,49. ,08,00028
1670022,2,2019,12,18,20,54,33. ,16,00086
1670022,2,2019,12,24,23,37,10. ,22,00199
1670022,1,2020,01,03,10,21,29. ,05,00021
1670022,1,2020,01,03,11,09,19. ,10,00037
1670022,1,2020,01,08,09,03,05. ,13,00055
1670022,3,2020,01,12,00,55,55. ,30,00409
1670022,2,2020,01,15,20,31,51. ,24,00226
1670022,1,2020,01,23,07,09,07. ,10,00048
1670022,1,2020,01,26,02,44,56. ,11,00041
1670022,3,2020,01,28,10,36,19. ,30,00376
1670022,1,2020,01,29,01,33,57. ,10,00041
1670022,1,2020,02,01,17,21,52. ,13,00060
1670022,2,2020,02,05,10,00,58. ,23,00191
1670022,1,2020,02,12,03,07,07. ,08,00029
1670022,4,2020,02,13,19,35,30. ,41,01110
1670022,2,2020,02,23,21,58,33. ,18,00108
1670022,1,2020,03,07,14,03,17. ,09,00039
1670022,1,2020,03,13,18,07,53. ,08,00027
1670022,1,2020,03,18,00,12,48. ,10,00031
1670022,1,2020,03,25,11,53,33. ,12,00038
1670022,1,2020,04,20,05,41,14. ,08,00024
1670022,1,2020,04,24,04,53,50. ,06,00024
1670022,2,2020,04,26,23,02,48. ,19,00103
1670022,1,2020,05,04,23,59,54. ,05,00017
1670022,2,2020,05,12,11,44,47. ,16,00075
1670022,1,2020,05,13,22,46,47. ,11,00050
1670022,1,2020,05,28,04,09,23. ,05,00019
1670022,3,2020,05,31,03,14,22. ,30,00409
1670022,2,2020,06,12,02,09,46. ,21,00139
1670022,2,2020,06,16,15,36,29. ,20,00125
1670022,1,2020,06,21,07,51,52. ,14,00052
1670022,1,2020,06,30,00,06,22. ,13,00071
1670022,2,2020,07,02,16,08,15. ,17,00074
1670022,2,2020,07,09,14,15,41. ,15,00071
1670022,2,2020,07,14,22,21,33. ,18,00112
1670022,2,2020,07,17,15,11,47. ,19,00096
1670022,2,2020,08,21,04,51,53. ,18,00080
1670022,2,2020,08,27,23,15,54. ,16,00070
1670022,3,2020,09,02,19,35,51. ,25,00211
1670022,1,2020,09,05,21,07,25. ,11,00039
1670022,1,2020,09,06,14,51,25. ,06,00024
1670022,1,2020,09,07,10,19,47. ,14,00064
1670022,1,2020,09,09,21,05,30. ,05,00037
1670022,1,2020,09,12,11,46,23. ,05,00018
1670022,1,2020,09,12,14,47,37. ,06,00026
1670022,1,2020,09,14,12,40,01. ,08,00031
1670022,1,2020,09,15,12,47,25. ,06,00022
1670022,1,2020,10,22,23,43,50. ,11,00047
1670022,2,2020,10,30,14,13,12. ,18,00090
1670022,2,2020,11,09,12,51,08. ,17,00070
1670022,1,2020,12,01,07,57,35. ,07,00022
1670022,1,2020,12,05,15,00,21. ,08,00036
1670022,1,2020,12,12,16,20,38. ,07,00023
1670022,1,2020,12,12,23,11,13. ,05,00026
1670022,2,2020,12,16,10,28,41. ,19,00100
1670022,1,2020,12,21,02,24,45. ,14,00055
1670022,1,2020,12,31,23,45,51. ,12,00070
