station,intensity,year,month,day,hour,minute,intensity_equip,acceleration_max_comb
1610020,2,2006,04,10,20,26,19,00086
1610020,2,2006,04,18,19,38,19,00098
1610020,1,2006,04,29,00,37,12,00066
1610020,2,2006,05,03,22,07,24,00172
1610020,3,2006,05,12,01,10,27,00242
1610020,1,2006,06,13,11,41,13,00083
1610020,2,2006,06,22,19,55,15,00051
1610020,1,2006,08,02,09,32,10,00056
1610020,2,2006,08,14,06,01,15,00096
1610020,1,2006,08,28,12,38,11,00058
1610020,2,2006,08,31,03,38,18,00087
1610020,2,2006,09,24,07,19,20,00092
1610020,1,2006,09,30,00,38,13,00088
1610020,1,2006,10,15,05,35,12,00066
1610020,1,2006,11,01,23,22,09,00042
1610020,3,2006,11,22,20,15,29,00226
1610020,1,2006,12,03,22,55,10,00040
1610020,3,2006,12,06,23,05,26,00183
1610020,1,2006,12,06,23,07,09,00032
1610020,2,2006,12,09,23,51,17,00054
1610020,2,2007,01,13,13,27,24,00125
1610020,2,2007,02,17,09,03,21,00075
1610020,1,2007,03,11,16,10,12,00047
1610020,2,2007,03,18,10,25,21,00088
1610020,1,2007,03,25,17,54,09,00040
1610020,2,2007,03,30,18,05,18,00085
1610020,2,2007,04,19,00,08,18,00085
1610020,3,2007,04,27,01,38,26,00172
1610020,4,2007,07,01,13,12,41,00900
1610020,2,2007,07,16,23,21,22,00111
1610020,2,2007,08,26,14,32,22,00128
1610020,3,2007,10,09,02,11,25,00208
1610020,2,2007,10,30,13,05,15,00068
1610020,1,2007,12,10,16,23,14,00121
1610020,3,2008,03,13,17,41,25,00160
1610020,1,2008,04,12,09,47,13,00042
1610020,2,2008,04,17,04,21,17,00095
1610020,2,2008,05,11,03,24,20,00116
1610020,2,2008,05,31,15,24,18,00072
1610020,1,2008,06,02,19,53,10,00051
1610020,2,2008,06,26,08,38,15,00059
1610020,3,2008,07,24,00,28,34,00417
1610020,2,2008,08,14,20,11,17,00096
1610020,2,2008,08,29,23,41,16,00113
1610020,3,2008,09,11,09,21,31,00246
1610020,3,2008,09,12,07,34,27,00279
1610020,2,2008,09,17,11,31,15,00107
1610020,2,2008,10,23,13,40,16,00059
1610020,1,2008,10,31,04,18,12,00050
1610020,2,2008,11,22,00,45,17,00075
1610020,1,2008,12,15,05,31,12,00049
1610020,2,2008,12,25,05,32,20,00093
1610020,3,2009,01,11,14,57,26,00392
1610020,2,2009,01,11,21,54,16,00083
1610020,2,2009,01,16,02,53,18,00060
1610020,1,2009,02,01,19,19,07,00031
1610020,1,2009,02,15,18,25,10,00023
1610020,2,2009,02,22,23,24,17,00042
1610020,2,2009,02,28,09,36,16,00074
1610020,3,2009,03,20,15,52,27,00232
1610020,2,2009,04,07,13,26,16,00038
1610020,2,2009,04,19,04,21,16,00039
1610020,3,2009,04,28,20,21,34,00504
1610020,2,2009,08,24,14,27,17,00081
1610020,1,2009,09,10,18,30,14,00060
1610020,2,2009,09,29,21,03,19,00116
1610020,1,2009,10,10,17,43,12,00050
1610020,1,2009,11,24,14,26,11,00037
1610020,4,2009,12,28,09,13,35,00470
1610020,1,2010,01,08,13,47,08,00058
1610020,2,2010,01,09,23,01,20,00205
1610020,1,2010,01,12,08,46,08,00040
1610020,1,2010,01,15,03,47,11,00043
1610020,1,2010,01,16,00,45,13,00044
1610020,1,2010,01,22,01,26,10,00040
1610020,1,2010,02,05,08,39,11,00061
1610020,1,2010,02,18,10,17,10,00022
1610020,1,2010,03,06,22,32,14,00048
1610020,4,2010,04,09,03,42,38,00671
1610020,2,2010,06,05,14,22,18,00097
1610020,2,2010,06,18,11,24,24,00096
1610020,3,2010,07,08,21,23,33,00724
1610020,2,2010,07,28,08,07,20,00128
1610020,2,2010,08,07,14,31,17,00098
1610020,2,2010,08,14,13,25,17,00072
1610020,3,2010,09,04,06,15,25,00213
1610020,3,2010,09,28,01,14,28,00247
1610020,2,2010,10,14,22,59,20,00154
1610020,3,2010,11,19,13,02,28,00279
1610020,2,2010,12,15,14,44,17,00053
1610020,1,2011,01,09,21,42,14,00069
1610020,1,2011,03,09,11,47,14,00045
1610020,3,2011,03,11,14,49,31,00257
1610020,2,2011,03,11,15,10,23,00109
1610020,1,2011,03,11,15,17,11,00043
1610020,3,2011,03,11,15,28,33,00366
1610020,1,2011,03,11,15,35,13,00044
1610020,1,2011,03,11,16,01,13,00036
1610020,2,2011,03,11,16,27,15,00065
1610020,2,2011,03,11,16,30,15,00040
1610020,2,2011,03,11,20,38,17,00059
1610020,2,2011,03,22,16,21,15,00066
1610020,3,2011,04,07,23,35,32,00351
1610020,1,2011,04,14,05,33,14,00042
1610020,1,2011,05,06,00,00,14,00046
1610020,1,2011,06,04,20,02,12,00058
1610020,3,2011,06,14,21,49,29,00269
1610020,2,2011,06,23,06,52,23,00106
1610020,2,2011,07,10,09,59,24,00139
1610020,2,2011,09,17,04,28,16,00052
1610020,2,2011,10,21,17,03,24,00153
1610020,2,2011,11,01,06,00,15,00050
1610020,2,2011,11,24,19,26,22,00121
1610020,1,2011,12,25,05,49,11,00041
1610020,1,2012,02,06,12,22,11,00070
1610020,2,2012,02,26,16,05,16,00099
1610020,2,2012,03,11,17,33,21,00172
1610020,1,2012,03,12,21,34,11,00029
1610020,3,2012,03,14,18,09,30,00278
1610020,2,2012,03,14,19,50,22,00096
1610020,1,2012,03,14,19,58,13,00039
1610020,1,2012,03,19,19,24,13,00046
1610020,2,2012,03,25,06,55,24,00181
1610020,1,2012,05,04,14,34,13,00058
1610020,2,2012,05,10,15,01,23,00186
1610020,2,2012,07,22,13,42,23,00129
1610020,3,2012,08,14,12,02,28,00173
1610020,2,2012,08,22,10,33,20,00119
1610020,3,2012,08,25,23,16,32,00456
1610020,4,2012,12,07,17,19,37,00578
1610020,2,2012,12,07,17,33,15,00051
1610020,2,2013,01,17,08,33,24,00152
1610020,3,2013,01,24,06,35,28,00285
1610020,1,2013,01,29,22,17,13,00089
1610020,4,2013,02,02,23,17,44,01317
1610020,1,2013,02,17,07,18,14,00046
1610020,3,2013,03,09,21,16,25,00248
1610020,3,2013,03,10,05,11,25,00285
1610020,2,2013,04,06,04,25,18,00082
1610020,3,2013,04,19,12,08,32,00368
1610020,1,2013,05,17,04,20,10,00057
1610020,3,2013,07,16,23,09,33,00586
1610020,1,2013,08,05,00,58,13,00043
1610020,3,2013,10,26,02,12,25,00137
1610020,2,2013,11,05,15,06,16,00133
1610020,1,2013,11,24,03,42,14,00068
1610020,3,2013,12,16,02,17,25,00225
1610020,2,2014,03,10,00,14,19,00096
1610020,1,2014,04,21,16,47,13,00085
1610020,1,2014,07,18,20,42,14,00058
1610020,2,2014,07,21,03,34,21,00108
1610020,2,2014,08,30,08,34,16,00067
1610020,2,2014,09,18,14,57,18,00099
1610020,1,2014,12,22,19,04,11,00061
1610020,3,2015,01,09,03,42,26,00263
1610020,3,2015,01,22,02,35,28,00336
1610020,2,2015,02,17,08,08,15,00048
1610020,1,2015,02,28,09,41,14,00058
1610020,1,2015,03,06,08,06,11,00038
1610020,1,2015,03,25,09,35,13,00057
1610020,2,2015,07,07,14,11,23,00124
1610020,1,2015,08,05,18,36,11,00055
1610020,2,2015,08,08,21,58,15,00057
1610020,2,2015,08,14,13,44,22,00171
1610020,2,2015,09,12,22,38,15,00063
1610020,2,2015,11,04,22,48,16,00101
1610020,2,2015,11,28,11,51,21,00133
1610020,2,2016,01,12,02,09,15,00044
1610020,3,2016,01,14,12,26,25,00160
1610020,2,2016,01,21,06,54,19,00089
1610020,1,2016,01,24,00,57,14,00065
1610020,1,2016,02,23,03,41,14,00069
1610020,1,2016,03,21,09,12,11,00043
1610020,3,2016,03,30,14,10,32,00332
1610020,2,2016,04,27,07,40,18,00095
1610020,3,2016,05,03,09,01,25,00158
1610020,1,2016,06,06,19,16,12,00067
1610020,1,2016,06,27,11,25,13,00088
1610020,2,2016,07,24,11,51,18,00089
1610020,2,2016,10,09,03,36,15,00086
1610020,2,2016,10,12,04,03,16,00075
1610020,2,2017,02,27,18,11,18,00108
1610020,2,2017,03,03,17,28,23,00147
1610020,2,2017,03,07,18,46,17,00082
1610020,2,2017,03,14,12,57,17,00078
1610020,2,2017,04,30,23,43,18,00100
1610020,2,2017,05,22,20,02,20,00068
1610020,2,2017,06,10,16,31,19,00084
1610020,2,2017,06,28,21,08,19,00092
1610020,2,2017,09,21,01,39,17,00065
1610020,2,2017,10,06,17,01,15,00063
1610020,2,2017,11,03,12,45,19,00121
1610020,2,2017,12,29,06,15,16,00079
1610020,1,2017,12,30,23,35,13,00058
1610020,2,2018,01,24,19,52,19,00076
1610020,3,2018,04,14,04,00,32,00409
1610020,3,2018,04,24,17,53,27,00280
1610020,2,2018,05,18,03,42,24,00132
1610020,1,2018,05,31,06,15,12,00092
1610020,1,2018,06,12,21,38,14,00055
1610020,2,2018,07,16,02,14,18,00098
1610020,3,2018,09,06,03,08,27,00151
1610020,2,2018,12,30,04,09,20,00126
1610020,3,2019,03,02,12,23,30,00297
1610020,3,2019,04,15,05,28,28,00278
1610020,3,2019,04,28,02,25,26,00200
1610020,2,2019,08,15,18,15,15,00073
1610020,2,2019,10,22,17,06,15,00077
1610020,2,2019,11,28,16,41,19,00089
1610020,2,2020,01,15,20,32,21,00151
1610020,2,2020,01,23,07,09,16,00065
1610020,3,2020,01,28,10,36,29,00246
1610020,2,2020,01,29,01,33,16,00180
1610020,3,2020,02,13,19,35,32,00433
1610020,1,2020,02,20,00,50,14,00047
1610020,2,2020,04,26,23,02,19,00086
1610020,4,2020,05,31,03,14,36,00597
1610020,1,2020,08,29,20,56,12,00054
1610020,2,2020,09,02,19,36,17,00084
1610020,1,2020,09,07,10,19,13,00055
1610020,2,2020,12,01,07,57,18,00057
1610020,2,2020,12,05,15,00,18,00088
1610020,3,2020,12,16,10,28,27,00248
1610020,1,2020,12,21,02,24,14,00045
