station,intensity,year,month,day,hour,minute,intensity_equip,acceleration_max_comb
2000020,1,2006,03,12,07,07,13,00034
2000020,1,2006,06,12,08,04,06,00026
2000020,1,2006,06,17,05,20,09,00014
2000020,2,2006,07,06,02,09,17,00040
2000020,1,2006,10,16,11,52,05,00029
2000020,1,2006,11,06,06,57,06,00027
2000020,2,2007,01,13,13,28,20,00048
2000020,1,2007,01,16,21,53,09,00028
2000020,2,2007,02,17,09,04,16,00030
2000020,1,2007,04,19,00,08,14,00034
2000020,1,2007,05,16,05,21,05,00023
2000020,1,2007,05,19,01,00,12,00053
2000020,1,2007,07,01,13,13,12,00031
2000020,1,2007,07,16,10,16,11,00014
2000020,1,2007,07,16,23,20,13,00022
2000020,2,2007,08,22,16,26,15,00030
2000020,1,2008,04,17,04,21,06,00015
2000020,2,2008,04,29,14,26,23,00130
2000020,2,2008,05,08,01,47,18,00028
2000020,1,2008,05,10,09,01,07,00027
2000020,1,2008,05,31,23,29,12,00025
2000020,3,2008,06,14,08,44,27,00101
2000020,2,2008,07,19,11,41,19,00037
2000020,1,2008,07,21,20,32,12,00016
2000020,3,2008,07,24,00,26,33,00291
2000020,1,2008,07,24,11,28,09,00015
2000020,1,2008,08,09,00,53,13,00060
2000020,3,2008,09,11,09,21,25,00065
2000020,2,2008,09,22,16,32,17,00032
2000020,1,2008,09,27,01,54,08,00024
2000020,1,2008,12,04,08,18,11,00015
2000020,2,2009,02,15,18,24,23,00071
2000020,2,2009,04,25,22,54,16,00045
2000020,2,2009,06,05,12,31,19,00044
2000020,2,2009,08,24,14,26,19,00062
2000020,1,2010,01,24,16,19,10,00042
2000020,2,2010,03,14,17,09,22,00042
2000020,2,2010,06,13,12,34,18,00028
2000020,1,2010,06,18,11,26,13,00018
2000020,1,2010,06,19,19,01,10,00035
2000020,2,2010,06,28,06,03,17,00067
2000020,2,2010,07,05,06,56,23,00066
2000020,2,2010,08,10,14,51,22,00048
2000020,1,2010,08,31,11,31,10,00013
2000020,2,2010,09,13,14,48,23,00122
2000020,1,2010,10,14,23,00,11,00027
2000020,2,2010,12,06,16,31,15,00036
2000020,3,2011,03,09,11,46,31,00125
2000020,1,2011,03,09,11,59,14,00019
2000020,1,2011,03,09,12,00,14,00021
2000020,2,2011,03,09,13,38,18,00029
2000020,2,2011,03,10,03,17,16,00024
2000020,3,2011,03,10,06,25,25,00066
2000020,4,2011,03,11,14,48,41,00492
2000020,2,2011,03,11,14,52,24,00066
2000020,2,2011,03,11,14,56,15,00024
2000020,1,2011,03,11,14,57,14,00024
2000020,1,2011,03,11,14,59,13,00019
2000020,1,2011,03,11,15,06,12,00018
2000020,2,2011,03,11,15,07,23,00071
2000020,4,2011,03,11,15,09,39,00537
2000020,2,2011,03,11,15,15,19,00041
2000020,1,2011,03,11,15,14,11,00018
2000020,2,2011,03,11,15,18,21,00040
2000020,2,2011,03,11,15,24,15,00028
2000020,3,2011,03,11,15,28,27,00130
2000020,1,2011,03,11,15,41,14,00024
2000020,2,2011,03,11,15,50,20,00059
2000020,2,2011,03,11,16,05,15,00027
2000020,2,2011,03,11,16,17,18,00029
2000020,1,2011,03,11,16,18,12,00014
2000020,1,2011,03,11,16,27,11,00021
2000020,2,2011,03,11,16,29,21,00066
2000020,1,2011,03,11,16,32,06,00016
2000020,1,2011,03,11,16,39,14,00032
2000020,2,2011,03,11,17,14,16,00023
2000020,2,2011,03,11,17,21,15,00022
2000020,1,2011,03,11,17,29,12,00015
2000020,2,2011,03,11,17,34,17,00037
2000020,1,2011,03,11,17,42,13,00019
2000020,2,2011,03,11,18,43,16,00045
2000020,1,2011,03,11,18,48,12,00015
2000020,2,2011,03,11,19,11,21,00055
2000020,3,2011,03,11,20,37,30,00154
2000020,1,2011,03,11,20,40,12,00015
2000020,1,2011,03,11,20,58,14,00030
2000020,1,2011,03,11,21,16,10,00020
2000020,2,2011,03,12,04,03,22,00050
2000020,3,2011,03,12,04,47,33,00224
2000020,1,2011,03,12,05,12,13,00026
2000020,1,2011,03,12,10,35,11,00014
2000020,1,2011,03,12,10,49,13,00018
2000020,2,2011,03,12,12,02,17,00031
2000020,1,2011,03,12,13,07,09,00015
2000020,2,2011,03,12,13,54,17,00024
2000020,1,2011,03,12,15,19,12,00020
2000020,2,2011,03,12,19,54,15,00032
2000020,2,2011,03,12,22,17,16,00025
2000020,1,2011,03,12,23,04,13,00017
2000020,2,2011,03,12,23,43,22,00071
2000020,1,2011,03,13,06,49,09,00017
2000020,1,2011,03,13,07,14,09,00011
2000020,2,2011,03,13,07,32,15,00029
2000020,2,2011,03,13,08,26,15,00027
2000020,1,2011,03,13,16,58,11,00013
2000020,1,2011,03,13,18,26,09,00014
2000020,1,2011,03,13,18,54,10,00013
2000020,1,2011,03,14,15,45,10,00022
2000020,2,2011,03,15,18,51,16,00022
2000020,1,2011,03,15,22,30,14,00019
2000020,2,2011,03,16,00,24,18,00048
2000020,1,2011,03,16,15,29,11,00031
2000020,1,2011,03,17,08,39,12,00018
2000020,2,2011,03,17,13,14,23,00105
2000020,2,2011,03,17,18,00,15,00041
2000020,1,2011,03,17,18,06,10,00023
2000020,1,2011,03,17,21,57,12,00017
2000020,1,2011,03,19,08,34,11,00019
2000020,1,2011,03,20,10,10,10,00017
2000020,2,2011,03,20,21,04,15,00026
2000020,1,2011,03,22,18,21,10,00014
2000020,2,2011,03,22,18,45,18,00029
2000020,1,2011,03,22,19,19,06,00029
2000020,1,2011,03,22,19,24,05,00018
2000020,1,2011,03,23,00,50,08,00016
2000020,1,2011,03,23,09,07,07,00016
2000020,1,2011,03,24,17,22,12,00027
2000020,2,2011,03,25,20,37,16,00032
2000020,1,2011,03,27,12,21,09,00027
2000020,1,2011,03,27,22,42,12,00022
2000020,3,2011,03,28,07,25,25,00062
2000020,2,2011,03,29,19,56,16,00023
2000020,1,2011,03,30,01,37,12,00015
2000020,2,2011,03,31,16,16,22,00050
2000020,2,2011,04,01,19,50,17,00053
2000020,2,2011,04,01,20,58,20,00048
2000020,1,2011,04,02,02,04,14,00028
2000020,4,2011,04,07,23,34,35,00251
2000020,2,2011,04,11,17,18,20,00038
2000020,2,2011,04,14,04,58,18,00031
2000020,1,2011,04,21,10,55,12,00016
2000020,1,2011,04,23,19,14,09,00016
2000020,1,2011,05,03,06,26,13,00030
2000020,1,2011,05,04,14,42,13,00074
2000020,1,2011,05,06,00,00,09,00015
2000020,2,2011,05,08,05,53,19,00055
2000020,2,2011,05,24,12,42,16,00024
2000020,1,2011,06,14,23,56,14,00041
2000020,2,2011,06,22,23,29,15,00041
2000020,3,2011,06,23,06,51,34,00319
2000020,1,2011,06,25,02,40,09,00022
2000020,3,2011,07,10,09,58,26,00071
2000020,3,2011,07,23,13,35,26,00078
2000020,2,2011,07,25,03,53,17,00027
2000020,2,2011,07,31,03,55,22,00045
2000020,1,2011,08,01,02,37,12,00025
2000020,2,2011,08,01,22,45,17,00037
2000020,1,2011,08,05,19,54,12,00035
2000020,2,2011,08,17,04,36,19,00067
2000020,2,2011,08,19,14,38,15,00022
2000020,3,2011,09,17,04,28,26,00077
2000020,2,2011,09,17,06,09,21,00049
2000020,2,2011,09,17,06,37,16,00027
2000020,2,2011,09,17,07,41,18,00039
2000020,3,2011,09,17,16,34,25,00084
2000020,2,2011,09,18,16,05,19,00040
2000020,1,2011,09,18,19,40,08,00019
2000020,1,2011,10,07,11,51,08,00028
2000020,1,2011,10,21,17,04,13,00038
2000020,1,2011,11,24,04,26,11,00012
2000020,2,2011,11,24,19,26,19,00062
2000020,1,2011,12,20,15,27,13,00032
2000020,1,2012,01,12,12,23,11,00013
2000020,1,2012,01,14,18,58,07,00022
2000020,2,2012,01,28,09,22,22,00070
2000020,2,2012,01,28,21,45,16,00041
2000020,2,2012,03,05,15,25,15,00042
2000020,2,2012,03,14,18,09,23,00095
2000020,1,2012,03,14,19,50,13,00040
2000020,1,2012,03,19,11,56,07,00030
2000020,1,2012,03,26,11,34,12,00032
2000020,2,2012,03,27,20,01,24,00133
2000020,1,2012,04,03,20,53,08,00017
2000020,1,2012,04,12,23,52,12,00014
2000020,1,2012,04,27,03,41,10,00034
2000020,2,2012,04,30,00,03,15,00034
2000020,1,2012,05,10,09,29,11,00027
2000020,2,2012,05,20,04,06,16,00026
2000020,2,2012,05,20,16,22,18,00038
2000020,1,2012,05,20,17,22,11,00015
2000020,3,2012,05,24,00,02,33,00375
2000020,2,2012,06,18,05,33,21,00049
2000020,1,2012,07,30,07,06,11,00026
2000020,2,2012,08,14,12,03,20,00053
2000020,1,2012,08,17,16,25,12,00059
2000020,2,2012,08,25,23,17,21,00079
2000020,2,2012,10,02,07,22,23,00064
2000020,3,2012,12,07,17,20,31,00182
2000020,2,2013,01,08,16,52,16,00054
2000020,3,2013,02,02,23,18,28,00216
2000020,2,2013,04,02,03,54,17,00028
2000020,1,2013,04,17,21,05,10,00015
2000020,2,2013,04,19,12,09,20,00069
2000020,2,2013,05,16,08,47,17,00087
2000020,1,2013,05,18,14,49,14,00018
2000020,2,2013,05,24,14,51,21,00049
2000020,1,2013,06,20,10,50,07,00038
2000020,1,2013,07,16,07,46,10,00023
2000020,1,2013,07,26,04,05,10,00033
2000020,1,2013,08,04,12,30,13,00018
2000020,1,2013,08,07,16,52,06,00024
2000020,2,2013,10,26,02,12,19,00052
2000020,1,2013,11,15,11,01,14,00062
2000020,1,2013,11,28,02,46,12,00050
2000020,1,2013,12,09,02,29,10,00013
2000020,1,2013,12,27,19,32,11,00047
2000020,1,2014,01,16,10,13,13,00028
2000020,1,2014,04,03,08,24,07,00014
2000020,1,2014,04,05,10,17,10,00019
2000020,2,2014,06,09,07,51,15,00083
2000020,2,2014,06,15,02,32,17,00033
2000020,2,2014,07,05,07,42,19,00052
2000020,1,2014,07,08,18,06,11,00019
2000020,2,2014,07,12,04,24,17,00027
2000020,1,2014,07,21,03,35,07,00021
2000020,1,2014,07,25,13,18,09,00032
2000020,3,2014,08,10,12,43,28,00289
2000020,1,2014,08,27,13,49,12,00025
2000020,1,2014,09,10,10,10,09,00027
2000020,2,2014,10,03,09,58,23,00093
2000020,2,2014,10,11,11,36,23,00088
2000020,2,2014,10,11,14,21,15,00034
2000020,1,2014,10,14,06,25,13,00052
2000020,1,2014,10,27,13,33,07,00032
2000020,3,2015,02,17,08,07,28,00118
2000020,2,2015,02,17,13,47,17,00043
2000020,2,2015,02,20,13,26,19,00036
2000020,1,2015,02,21,04,29,08,00019
2000020,1,2015,02,21,19,15,11,00019
2000020,1,2015,02,24,11,30,14,00021
2000020,2,2015,04,30,01,10,15,00040
2000020,3,2015,05,13,06,14,29,00108
2000020,2,2015,05,30,20,28,17,00026
2000020,2,2015,06,08,15,01,18,00103
2000020,1,2015,06,10,17,34,11,00016
2000020,2,2015,06,11,13,52,16,00032
2000020,1,2015,06,11,13,57,11,00022
2000020,1,2015,06,23,00,35,07,00024
2000020,1,2015,07,07,14,13,09,00026
2000020,1,2015,07,09,17,28,10,00027
2000020,3,2015,07,10,03,33,25,00103
2000020,1,2015,07,16,10,15,06,00028
2000020,1,2015,09,18,06,43,07,00037
2000020,1,2015,11,01,12,49,10,00035
2000020,1,2016,01,11,15,27,10,00038
2000020,1,2016,01,12,02,09,13,00030
2000020,3,2016,01,14,12,26,30,00248
2000020,2,2016,02,02,14,32,19,00049
2000020,1,2016,05,03,09,03,06,00020
2000020,1,2016,05,25,14,23,09,00036
2000020,2,2016,06,16,14,22,19,00081
2000020,1,2016,06,30,03,14,09,00022
2000020,1,2016,07,24,11,52,08,00028
2000020,1,2016,08,20,14,16,11,00015
2000020,2,2016,08,20,18,02,15,00026
2000020,2,2016,08,21,00,59,17,00025
2000020,1,2016,08,21,01,11,11,00015
2000020,2,2016,09,26,14,14,15,00063
2000020,1,2016,10,12,04,03,05,00020
2000020,1,2016,11,12,06,44,11,00017
2000020,2,2016,11,22,06,01,24,00074
2000020,1,2016,12,10,13,45,09,00023
2000020,1,2017,01,21,20,55,05,00027
2000020,1,2017,01,22,03,11,12,00058
2000020,1,2017,01,26,17,07,11,00025
2000020,1,2017,02,12,22,37,14,00037
2000020,1,2017,03,08,01,08,08,00032
2000020,1,2017,05,22,20,03,06,00015
2000020,1,2017,07,24,00,36,13,00019
2000020,1,2017,09,10,17,45,14,00028
2000020,3,2017,09,27,05,22,26,00089
2000020,1,2017,12,16,02,59,11,00022
2000020,3,2018,01,24,19,51,26,00163
2000020,1,2018,03,12,15,40,09,00018
2000020,1,2018,04,19,20,39,07,00020
2000020,1,2018,05,14,19,32,14,00037
2000020,1,2018,07,02,02,27,10,00048
2000020,2,2018,07,02,20,54,15,00051
2000020,1,2018,07,10,13,56,07,00026
2000020,1,2018,08,23,00,07,07,00028
2000020,2,2018,08,24,23,16,15,00049
2000020,3,2018,09,06,03,08,29,00163
2000020,2,2018,09,06,03,10,20,00037
2000020,1,2018,09,06,03,11,13,00019
2000020,1,2018,09,06,03,21,09,00029
2000020,1,2018,09,06,06,12,13,00039
2000020,1,2018,09,11,22,26,09,00024
2000020,2,2018,11,28,11,24,16,00056
2000020,1,2018,12,03,17,15,11,00071
2000020,1,2019,01,19,05,04,07,00020
2000020,2,2019,01,26,17,23,24,00139
2000020,2,2019,02,21,21,23,15,00036
2000020,1,2019,03,02,12,25,08,00026
2000020,2,2019,04,11,17,20,19,00032
2000020,1,2019,04,23,02,46,11,00020
2000020,1,2019,04,28,02,25,14,00041
2000020,3,2019,06,18,22,23,25,00074
2000020,1,2019,07,01,09,38,09,00032
2000020,2,2019,08,04,19,24,15,00025
2000020,2,2019,08,15,14,33,20,00123
2000020,1,2019,08,15,15,06,09,00031
2000020,2,2019,08,29,08,47,22,00105
2000020,1,2019,09,07,18,36,07,00033
2000020,2,2019,12,19,15,22,21,00106
2000020,2,2020,02,13,19,36,18,00070
2000020,1,2020,03,28,09,58,07,00022
2000020,2,2020,04,20,05,39,21,00053
2000020,1,2020,04,24,04,53,09,00033
2000020,1,2020,04,30,12,16,12,00051
2000020,2,2020,09,12,11,45,20,00044
2000020,2,2020,11,06,17,57,18,00061
2000020,1,2020,11,07,02,17,07,00015
2000020,1,2020,12,01,07,58,14,00018
2000020,2,2020,12,12,16,19,16,00086
2000020,3,2020,12,21,02,23,30,00230
