station,intensity,year,month,day,hour,minute,intensity_equip,acceleration_max_comb
2130440,1,2015,07,16,14,39,06,00054
2130440,1,2015,07,21,18,17,09,00064
2130440,1,2015,08,01,09,23,11,00123
2130440,1,2015,08,01,23,24,11,00125
2130440,1,2015,08,03,14,30,12,00098
2130440,2,2015,08,10,11,34,16,00205
2130440,1,2015,08,10,22,31,08,00096
2130440,1,2015,08,20,21,57,07,00039
2130440,1,2015,08,23,11,08,14,00164
2130440,1,2015,08,25,03,25,06,00041
2130440,1,2015,08,25,14,58,09,00165
2130440,1,2015,09,04,06,04,08,00119
2130440,1,2015,09,05,12,13,06,00081
2130440,1,2015,09,25,05,06,06,00081
2130440,1,2015,10,06,18,32,09,00081
2130440,1,2015,10,06,19,17,05,00062
2130440,1,2015,11,13,14,12,09,00146
2130440,1,2015,11,29,16,38,11,00185
2130440,2,2015,12,02,13,41,19,00278
2130440,1,2015,12,03,06,17,05,00076
2130440,1,2015,12,13,06,06,06,00099
2130440,1,2016,01,26,20,38,13,00141
2130440,1,2016,02,02,14,32,13,00056
2130440,1,2016,02,06,08,17,06,00082
2130440,1,2016,02,09,01,54,07,00064
2130440,1,2016,02,25,01,11,12,00129
2130440,1,2016,03,18,03,59,10,00079
2130440,1,2016,04,20,21,20,12,00069
2130440,1,2016,04,27,00,01,09,00063
2130440,1,2016,05,05,01,10,11,00126
2130440,1,2016,05,09,17,18,05,00049
2130440,1,2016,05,15,10,11,11,00075
2130440,1,2016,05,25,03,01,07,00162
2130440,1,2016,05,28,05,40,05,00099
2130440,1,2016,06,22,12,41,07,00100
2130440,1,2016,08,13,17,50,05,00084
2130440,1,2016,08,15,16,05,13,00057
2130440,1,2016,08,22,15,11,12,00112
2130440,1,2016,09,17,22,40,11,00077
2130440,1,2016,09,20,08,47,07,00066
2130440,2,2016,10,16,16,37,17,00147
2130440,1,2016,11,10,07,21,06,00049
2130440,3,2016,11,12,06,43,30,00569
2130440,2,2016,11,22,06,00,20,00127
2130440,1,2016,11,22,06,11,05,00036
2130440,1,2016,12,31,05,09,07,00037
2130440,1,2017,01,03,21,14,07,00071
2130440,1,2017,01,05,00,45,06,00032
2130440,1,2017,01,28,22,41,09,00081
2130440,1,2017,02,06,11,27,06,00067
2130440,2,2017,02,28,16,49,18,00136
2130440,1,2017,03,12,04,58,07,00034
2130440,1,2017,04,10,06,05,05,00088
2130440,1,2017,07,07,21,49,06,00045
2130440,1,2017,07,11,17,03,08,00077
2130440,1,2017,07,12,10,54,08,00092
2130440,2,2017,07,20,09,12,15,00066
2130440,1,2017,07,25,21,08,05,00040
2130440,1,2017,07,27,17,46,06,00091
2130440,1,2017,07,31,22,07,07,00095
2130440,1,2017,08,08,07,35,05,00065
2130440,2,2017,09,27,05,23,15,00073
2130440,1,2017,10,06,17,00,08,00045
2130440,1,2017,10,06,23,57,11,00051
2130440,1,2017,10,09,23,47,08,00093
2130440,2,2017,11,11,01,38,22,00446
2130440,1,2017,12,07,05,47,06,00099
2130440,2,2017,12,16,02,59,16,00108
2130440,1,2017,12,18,06,10,13,00168
2130440,1,2017,12,19,06,55,06,00053
2130440,1,2018,01,13,08,56,05,00082
2130440,1,2018,01,24,19,52,09,00029
2130440,1,2018,01,27,03,11,13,00188
2130440,1,2018,01,30,09,26,09,00109
2130440,1,2018,02,17,06,39,14,00137
2130440,1,2018,02,26,01,29,09,00045
2130440,1,2018,03,15,05,41,09,00096
2130440,1,2018,03,23,06,32,13,00090
2130440,2,2018,04,12,22,37,20,00406
2130440,1,2018,04,19,13,58,06,00098
2130440,1,2018,05,07,05,01,13,00054
2130440,1,2018,05,13,01,49,12,00179
2130440,1,2018,05,29,00,47,06,00087
2130440,1,2018,07,12,17,39,09,00063
2130440,1,2018,07,14,18,14,06,00077
2130440,1,2018,07,31,17,43,14,00068
2130440,1,2018,08,20,03,10,14,00235
2130440,2,2018,09,19,01,22,16,00233
2130440,1,2018,09,25,12,31,06,00054
2130440,1,2018,10,16,08,34,05,00082
2130440,1,2018,10,21,05,14,08,00059
2130440,1,2018,10,23,20,06,09,00122
2130440,3,2018,10,26,03,36,25,00519
2130440,1,2018,11,05,03,03,08,00106
2130440,1,2018,11,09,06,52,05,00055
2130440,2,2018,12,16,01,28,15,00168
2130440,1,2018,12,27,01,49,05,00047
2130440,2,2019,01,06,17,34,16,00187
2130440,1,2019,01,26,17,23,09,00048
2130440,1,2019,02,20,01,25,09,00104
2130440,2,2019,03,07,04,26,24,00369
2130440,1,2019,04,07,10,02,09,00084
2130440,1,2019,04,25,21,00,13,00245
2130440,1,2019,05,04,11,41,08,00073
2130440,2,2019,05,18,10,18,17,00225
2130440,1,2019,06,11,10,21,14,00288
2130440,2,2019,06,18,22,22,20,00096
2130440,1,2019,07,17,18,00,12,00134
2130440,1,2019,08,04,03,04,07,00044
2130440,2,2019,08,04,19,23,22,00223
2130440,1,2019,08,24,03,05,07,00104
2130440,1,2019,11,16,18,17,11,00141
2130440,1,2019,12,11,18,39,10,00063
2130440,1,2019,12,22,21,33,07,00068
2130440,1,2019,12,26,18,26,13,00131
2130440,2,2020,02,12,19,38,15,00088
2130440,1,2020,02,13,19,37,07,00032
2130440,2,2020,04,20,05,39,24,00318
2130440,1,2020,05,15,06,40,08,00073
2130440,2,2020,05,18,12,00,17,00226
2130440,1,2020,05,19,12,17,12,00065
2130440,1,2020,06,16,01,55,06,00043
2130440,1,2020,09,03,12,05,05,00064
2130440,3,2020,09,12,11,44,28,00502
2130440,1,2020,09,12,11,51,11,00087
2130440,1,2020,09,12,12,49,05,00042
2130440,1,2020,09,30,22,59,07,00084
2130440,1,2020,10,06,15,28,06,00049
2130440,1,2020,11,21,07,21,09,00061
2130440,1,2020,12,12,16,19,10,00071
2130440,2,2020,12,21,02,24,16,00062
2130440,1,2020,12,25,06,27,06,00083
