station,intensity,year,month,day,hour,minute,second,intensity_equip,acceleration_max_comb
2021631,3,2011,03,09,11,47,00. ,32,00169
2021631,1,2011,03,09,11,58,35. ,14,00021
2021631,1,2011,03,09,12,10,19. ,05,00007
2021631,2,2011,03,09,13,38,13. ,16,00025
2021631,2,2011,03,10,03,17,27. ,20,00046
2021631,1,2011,03,10,03,45,58. ,11,00016
2021631,3,2011,03,10,06,24,56. ,29,00104
2021631,4,2011,03,11,14,48,00. ,44,01088
2021631,2,2011,03,11,14,53,09. ,21,00053
2021631,2,2011,03,11,14,55,12. ,15,00029
2021631,2,2011,03,11,14,57,53. ,19,00068
2021631,1,2011,03,11,15,04,29. ,12,00038
2021631,1,2011,03,11,15,06,02. ,13,00056
2021631,3,2011,03,11,15,07,00. ,32,00329
2021631,4,2011,03,11,15,09,09. ,41,01082
2021631,2,2011,03,11,15,14,11. ,15,00037
2021631,2,2011,03,11,15,17,40. ,20,00057
2021631,1,2011,03,11,15,21,08. ,13,00020
2021631,2,2011,03,11,15,23,40. ,23,00139
2021631,3,2011,03,11,15,27,50. ,29,00287
2021631,1,2011,03,11,15,30,45. ,10,00029
2021631,1,2011,03,11,15,33,06. ,06,00014
2021631,1,2011,03,11,15,45,02. ,07,00025
2021631,1,2011,03,11,15,47,03. ,09,00028
2021631,1,2011,03,11,15,49,11. ,08,00032
2021631,2,2011,03,11,15,50,10. ,20,00082
2021631,2,2011,03,11,16,04,25. ,20,00093
2021631,1,2011,03,11,16,06,26. ,11,00044
2021631,1,2011,03,11,16,12,29. ,09,00013
2021631,1,2011,03,11,16,16,52. ,14,00024
2021631,2,2011,03,11,16,27,09. ,17,00079
2021631,3,2011,03,11,16,29,29. ,28,00254
2021631,2,2011,03,11,16,32,35. ,15,00065
2021631,1,2011,03,11,16,35,08. ,10,00037
2021631,1,2011,03,11,16,36,24. ,06,00011
2021631,2,2011,03,11,16,39,18. ,18,00078
2021631,1,2011,03,11,16,56,04. ,12,00029
2021631,1,2011,03,11,16,58,06. ,07,00010
2021631,1,2011,03,11,17,06,44. ,07,00011
2021631,1,2011,03,11,17,13,56. ,13,00018
2021631,1,2011,03,11,17,21,37. ,12,00017
2021631,1,2011,03,11,17,28,37. ,13,00025
2021631,1,2011,03,11,17,29,31. ,14,00026
2021631,1,2011,03,11,17,32,30. ,14,00027
2021631,2,2011,03,11,17,33,33. ,18,00072
2021631,1,2011,03,11,17,37,14. ,12,00052
2021631,2,2011,03,11,17,42,13. ,15,00036
2021631,1,2011,03,11,18,28,45. ,09,00022
2021631,2,2011,03,11,18,43,05. ,24,00190
2021631,1,2011,03,11,18,47,57. ,09,00017
2021631,3,2011,03,11,19,11,02. ,25,00172
2021631,1,2011,03,11,19,58,54. ,11,00032
2021631,4,2011,03,11,20,37,08. ,35,00520
2021631,1,2011,03,11,20,43,01. ,13,00046
2021631,1,2011,03,11,20,54,15. ,09,00032
2021631,2,2011,03,11,20,57,40. ,23,00165
2021631,1,2011,03,11,21,02,35. ,08,00029
2021631,1,2011,03,11,21,14,09. ,09,00022
2021631,2,2011,03,11,21,16,29. ,19,00100
2021631,2,2011,03,13,06,48,55. ,16,00069
2021631,1,2011,03,13,06,59,05. ,11,00041
2021631,1,2011,03,13,07,14,17. ,09,00023
2021631,2,2011,03,13,07,32,12. ,20,00072
2021631,1,2011,03,13,07,37,15. ,09,00032
2021631,2,2011,03,13,08,26,01. ,18,00037
2021631,1,2011,03,13,14,48,27. ,08,00034
2021631,1,2011,03,13,16,57,50. ,08,00013
2021631,1,2011,03,13,18,26,00. ,12,00025
2021631,1,2011,03,13,18,53,23. ,12,00032
2021631,1,2011,03,13,20,39,14. ,08,00012
2021631,1,2011,03,14,00,28,05. ,10,00036
2021631,1,2011,03,14,15,13,59. ,12,00023
2021631,2,2011,03,14,15,44,41. ,17,00082
2021631,1,2011,03,15,04,35,07. ,06,00018
2021631,1,2011,03,15,17,57,23. ,07,00032
2021631,1,2011,03,15,18,51,32. ,12,00017
2021631,1,2011,03,15,22,29,24. ,11,00023
2021631,1,2011,03,15,23,41,22. ,09,00043
2021631,2,2011,03,16,00,24,46. ,16,00060
2021631,1,2011,03,16,04,02,40. ,10,00029
2021631,2,2011,03,16,15,29,23. ,21,00160
2021631,1,2011,03,17,08,39,00. ,14,00055
2021631,2,2011,03,17,13,14,16. ,22,00137
2021631,1,2011,03,17,18,00,14. ,14,00050
2021631,1,2011,03,17,18,06,32. ,14,00067
2021631,1,2011,03,17,21,56,44. ,12,00018
2021631,1,2011,03,18,00,01,02. ,06,00029
2021631,2,2011,03,19,08,33,46. ,17,00069
2021631,1,2011,03,19,18,58,49. ,09,00011
2021631,2,2011,03,20,10,10,32. ,17,00071
2021631,2,2011,03,20,21,04,23. ,18,00086
2021631,1,2011,03,22,04,29,35. ,08,00038
2021631,1,2011,03,22,18,20,41. ,10,00018
2021631,1,2011,03,22,18,45,34. ,11,00020
2021631,2,2011,03,23,00,50,13. ,15,00066
2021631,1,2011,03,23,00,59,15. ,07,00025
2021631,2,2011,03,23,09,07,26. ,16,00090
2021631,1,2011,03,23,13,13,45. ,09,00032
2021631,2,2011,03,24,17,21,34. ,24,00155
2021631,2,2011,03,25,20,37,04. ,20,00066
2021631,1,2011,03,27,12,20,51. ,09,00040
2021631,2,2011,03,27,22,42,24. ,17,00065
2021631,3,2011,03,28,07,24,36. ,26,00150
2021631,1,2011,03,29,19,56,12. ,13,00021
2021631,2,2011,03,31,16,16,07. ,23,00165
2021631,2,2011,04,01,19,50,00. ,18,00202
2021631,2,2011,04,01,20,58,18. ,20,00084
2021631,1,2011,04,02,02,04,42. ,10,00027
2021631,1,2011,04,02,05,00,38. ,10,00039
2021631,4,2011,04,07,23,33,22. ,37,00588
2021631,1,2011,04,09,18,43,34. ,07,00021
2021631,2,2011,04,11,17,18,20. ,21,00051
2021631,1,2011,04,12,14,09,32. ,09,00015
2021631,1,2011,04,13,04,38,28. ,12,00038
2021631,1,2011,04,14,04,58,26. ,14,00034
2021631,1,2011,04,14,05,33,20. ,10,00019
2021631,1,2011,04,14,19,33,31. ,08,00029
2021631,1,2011,04,19,03,03,25. ,08,00030
2021631,1,2011,04,19,21,56,00. ,08,00056
2021631,1,2011,04,21,10,55,43. ,09,00016
2021631,1,2011,04,21,17,19,18. ,08,00028
2021631,2,2011,04,23,19,13,41. ,15,00060
2021631,1,2011,04,28,18,29,35. ,06,00016
2021631,1,2011,05,03,06,26,28. ,14,00045
2021631,2,2011,05,04,14,42,14. ,15,00064
2021631,1,2011,05,05,23,59,49. ,09,00029
2021631,2,2011,05,08,05,52,51. ,19,00096
2021631,1,2011,05,24,12,41,49. ,13,00029
2021631,1,2011,05,31,21,29,15. ,10,00028
2021631,1,2011,06,09,07,12,04. ,13,00048
2021631,1,2011,06,13,15,51,28. ,07,00021
2021631,2,2011,06,14,23,56,42. ,22,00139
2021631,1,2011,06,18,20,32,32. ,11,00022
2021631,1,2011,06,22,23,29,41. ,14,00060
2021631,4,2011,06,23,06,51,12. ,35,00604
2021631,1,2011,06,25,02,40,29. ,07,00021
2021631,2,2011,07,08,22,11,19. ,15,00058
2021631,2,2011,07,10,09,58,12. ,23,00076
2021631,1,2011,07,11,13,30,07. ,08,00025
2021631,3,2011,07,23,13,34,54. ,26,00138
2021631,2,2011,07,25,03,52,40. ,17,00038
2021631,1,2011,07,28,18,02,45. ,07,00015
2021631,2,2011,07,31,03,55,19. ,19,00052
2021631,1,2011,08,01,02,36,59. ,09,00024
2021631,2,2011,08,01,22,45,06. ,24,00172
2021631,2,2011,08,05,19,53,52. ,15,00057
2021631,1,2011,08,11,22,32,26. ,09,00029
2021631,1,2011,08,12,03,23,37. ,14,00031
2021631,2,2011,08,17,04,35,50. ,16,00069
2021631,1,2011,08,17,12,06,06. ,12,00037
2021631,2,2011,08,19,14,37,48. ,16,00046
2021631,1,2011,09,09,07,06,57. ,08,00041
2021631,2,2011,09,17,04,27,19. ,23,00072
2021631,2,2011,09,17,06,08,53. ,16,00048
2021631,1,2011,09,17,06,37,33. ,10,00016
2021631,1,2011,09,17,07,41,37. ,13,00029
2021631,2,2011,09,17,16,34,39. ,19,00071
2021631,2,2011,09,18,16,05,10. ,19,00063
2021631,1,2011,10,21,17,04,19. ,08,00031
2021631,1,2011,11,24,04,26,05. ,08,00019
2021631,2,2011,11,24,19,26,32. ,15,00036
2021631,1,2011,12,20,15,27,00. ,13,00046
2021631,1,2011,12,21,11,07,23. ,12,00057
2021631,1,2012,01,01,14,32,01. ,08,00015
2021631,1,2012,01,06,01,48,02. ,09,00018
2021631,1,2012,01,09,07,13,48. ,08,00025
2021631,1,2012,01,12,12,22,35. ,11,00019
2021631,1,2012,01,12,14,38,35. ,11,00024
2021631,1,2012,01,14,18,58,27. ,12,00053
2021631,2,2012,01,28,09,22,35. ,20,00088
2021631,1,2012,01,28,21,44,56. ,13,00051
2021631,2,2012,03,05,15,24,57. ,15,00077
2021631,3,2012,03,14,18,09,28. ,25,00154
2021631,2,2012,03,14,19,50,42. ,15,00051
2021631,1,2012,03,18,09,37,16. ,13,00061
2021631,1,2012,03,26,11,34,20. ,11,00041
2021631,3,2012,03,27,20,01,05. ,32,00442
2021631,1,2012,03,30,18,41,28. ,07,00033
2021631,1,2012,04,01,23,06,09. ,09,00016
2021631,1,2012,04,12,23,52,22. ,14,00022
2021631,1,2012,04,13,19,12,02. ,07,00010
2021631,2,2012,04,30,00,02,39. ,21,00157
2021631,2,2012,05,10,09,28,38. ,16,00101
2021631,1,2012,05,10,15,41,51. ,08,00038
2021631,1,2012,05,20,04,06,23. ,12,00026
2021631,2,2012,05,20,16,22,00. ,16,00035
2021631,1,2012,05,20,17,22,11. ,06,00013
2021631,3,2012,05,24,00,02,49. ,25,00168
2021631,2,2012,06,18,05,32,56. ,22,00106
2021631,1,2012,07,02,11,06,44. ,06,00037
2021631,2,2012,07,30,07,05,54. ,21,00112
2021631,1,2012,08,14,12,03,58. ,13,00031
2021631,1,2012,08,17,16,25,15. ,07,00031
2021631,2,2012,08,25,23,17,14. ,15,00044
2021631,1,2012,08,30,04,06,12. ,11,00034
2021631,2,2012,09,18,04,10,02. ,15,00069
2021631,2,2012,10,02,07,22,38. ,21,00071
2021631,1,2012,10,06,01,19,20. ,10,00052
2021631,1,2012,10,22,10,44,03. ,08,00032
2021631,1,2012,10,25,19,33,33. ,08,00022
2021631,1,2012,11,23,08,27,33. ,06,00033
2021631,3,2012,12,07,17,20,10. ,34,00486
2021631,1,2012,12,07,17,32,39. ,09,00025
2021631,1,2012,12,21,17,08,11. ,12,00045
2021631,1,2012,12,26,04,59,32. ,08,00052
2021631,1,2012,12,30,00,00,30. ,14,00049
2021631,1,2013,01,08,16,52,02. ,14,00048
2021631,1,2013,01,13,12,18,28. ,08,00028
2021631,3,2013,02,02,23,18,28. ,26,00161
2021631,1,2013,03,13,06,33,04. ,09,00047
2021631,1,2013,03,31,16,46,59. ,11,00027
2021631,2,2013,04,02,03,54,08. ,19,00068
2021631,1,2013,04,02,11,10,02. ,07,00016
2021631,1,2013,04,17,21,04,20. ,12,00041
2021631,2,2013,04,19,12,09,38. ,17,00059
2021631,2,2013,05,16,08,46,48. ,15,00087
2021631,2,2013,05,18,14,49,19. ,15,00035
2021631,1,2013,05,24,14,48,25. ,11,00016
2021631,1,2013,06,20,10,50,17. ,10,00034
2021631,2,2013,07,10,14,22,34. ,16,00084
2021631,2,2013,07,16,07,46,35. ,22,00181
2021631,1,2013,07,19,08,44,59. ,11,00050
2021631,2,2013,07,26,04,05,38. ,15,00076
2021631,1,2013,08,04,12,29,45. ,14,00041
2021631,1,2013,09,04,09,23,15. ,07,00013
2021631,1,2013,09,20,02,26,59. ,06,00010
2021631,2,2013,10,26,02,11,40. ,20,00090
2021631,1,2013,11,15,11,01,17. ,14,00067
2021631,2,2013,12,09,06,28,01. ,17,00237
2021631,1,2013,12,27,19,31,38. ,14,00072
2021631,1,2014,01,16,10,12,55. ,14,00046
2021631,1,2014,02,06,02,33,12. ,11,00023
2021631,2,2014,04,03,08,23,27. ,16,00066
2021631,2,2014,04,05,10,17,04. ,17,00090
2021631,1,2014,06,08,14,25,11. ,09,00034
2021631,2,2014,06,15,02,32,16. ,19,00070
2021631,1,2014,06,16,05,16,27. ,10,00020
2021631,3,2014,07,05,07,42,23. ,26,00286
2021631,1,2014,07,12,04,23,48. ,12,00023
2021631,2,2014,08,10,12,43,48. ,21,00110
2021631,1,2014,08,27,13,49,54. ,08,00022
2021631,2,2014,09,10,10,09,51. ,24,00265
2021631,2,2014,10,03,09,57,53. ,20,00090
2021631,2,2014,10,11,11,36,35. ,22,00087
2021631,2,2014,10,11,14,21,27. ,15,00032
2021631,1,2014,10,27,13,33,33. ,07,00047
2021631,3,2015,02,17,08,07,06. ,27,00196
2021631,3,2015,02,17,13,46,55. ,28,00278
2021631,2,2015,02,20,13,26,32. ,15,00025
2021631,1,2015,02,24,11,29,53. ,10,00021
2021631,1,2015,04,30,01,10,34. ,14,00058
2021631,3,2015,05,13,06,13,27. ,31,00247
2021631,1,2015,05,17,06,41,58. ,08,00035
2021631,1,2015,05,30,20,28,11. ,09,00013
2021631,2,2015,06,08,15,01,52. ,16,00068
2021631,1,2015,06,10,17,34,20. ,08,00014
2021631,1,2015,06,11,13,46,44. ,08,00013
2021631,1,2015,06,11,13,52,20. ,13,00023
2021631,1,2015,06,11,13,57,34. ,07,00018
2021631,1,2015,07,07,14,13,07. ,08,00023
2021631,1,2015,07,09,17,28,11. ,11,00045
2021631,3,2015,07,10,03,33,05. ,26,00311
2021631,1,2015,12,26,01,42,48. ,07,00031
2021631,2,2016,01,11,15,26,44. ,23,00402
2021631,1,2016,01,12,00,15,53. ,13,00130
2021631,1,2016,01,12,02,10,00. ,10,00026
2021631,3,2016,01,14,12,26,11. ,26,00145
2021631,2,2016,02,02,14,32,24. ,23,00117
2021631,1,2016,03,05,18,30,11. ,09,00102
2021631,1,2016,03,07,16,37,35. ,12,00048
2021631,1,2016,04,04,19,32,59. ,10,00060
2021631,1,2016,04,20,21,21,11. ,08,00016
2021631,1,2016,05,24,18,48,31. ,08,00051
2021631,1,2016,06,16,14,22,19. ,11,00030
2021631,1,2016,06,30,03,13,58. ,08,00027
2021631,2,2016,07,16,22,12,53. ,23,00298
2021631,1,2016,07,16,22,29,15. ,09,00064
2021631,1,2016,08,15,16,06,22. ,06,00014
2021631,1,2016,08,20,18,02,32. ,13,00021
2021631,1,2016,08,21,00,59,07. ,11,00018
2021631,1,2016,08,21,01,11,52. ,07,00015
2021631,1,2016,08,22,15,12,10. ,09,00021
2021631,1,2016,09,26,14,14,23. ,11,00029
2021631,1,2016,10,16,16,38,10. ,09,00025
2021631,2,2016,11,12,06,43,54. ,15,00047
2021631,2,2016,11,22,06,01,50. ,24,00073
2021631,1,2016,11,24,06,25,26. ,06,00009
2021631,1,2016,12,10,13,45,27. ,11,00045
2021631,1,2016,12,20,01,43,09. ,06,00009
2021631,1,2016,12,28,21,40,57. ,06,00012
2021631,1,2017,01,21,20,55,06. ,08,00037
2021631,1,2017,01,26,17,07,02. ,09,00030
2021631,1,2017,01,28,22,41,09. ,08,00023
2021631,1,2017,02,12,22,37,24. ,12,00049
2021631,1,2017,02,28,16,50,31. ,09,00023
2021631,1,2017,07,20,09,13,00. ,07,00014
2021631,1,2017,07,24,00,37,00. ,07,00012
2021631,1,2017,09,10,17,45,31. ,07,00018
2021631,2,2017,09,27,05,22,31. ,24,00105
2021631,1,2017,10,06,23,58,20. ,09,00024
2021631,2,2017,12,16,02,59,02. ,21,00125
2021631,2,2018,01,24,19,51,43. ,24,00135
2021631,1,2018,01,28,04,44,01. ,07,00025
2021631,1,2018,03,12,15,40,54. ,07,00019
2021631,1,2018,04,19,20,38,59. ,08,00037
2021631,1,2018,05,07,05,01,20. ,14,00042
2021631,1,2018,05,14,19,31,57. ,12,00046
2021631,1,2018,07,02,20,54,05. ,12,00037
2021631,1,2018,07,31,17,44,06. ,09,00015
2021631,1,2018,08,24,23,16,36. ,14,00042
2021631,2,2018,09,06,03,08,56. ,21,00081
2021631,1,2018,09,06,06,12,38. ,08,00023
2021631,1,2018,10,26,03,37,13. ,14,00060
2021631,1,2018,11,28,11,24,27. ,09,00023
2021631,1,2019,01,19,05,04,37. ,08,00020
2021631,3,2019,01,26,17,23,19. ,27,00228
2021631,1,2019,03,02,12,24,53. ,10,00031
2021631,2,2019,04,11,17,19,06. ,19,00051
2021631,1,2019,04,23,02,46,32. ,07,00016
2021631,1,2019,04,28,02,25,57. ,10,00032
2021631,1,2019,05,08,09,20,28. ,08,00055
2021631,2,2019,06,18,22,23,16. ,18,00041
2021631,2,2019,08,04,19,24,19. ,16,00039
2021631,2,2019,08,15,14,33,09. ,19,00086
2021631,1,2019,08,15,15,06,35. ,10,00028
2021631,2,2019,08,29,08,47,27. ,21,00083
2021631,1,2019,11,29,13,02,39. ,08,00018
2021631,1,2019,12,03,08,25,41. ,12,00074
2021631,3,2019,12,19,15,21,49. ,29,00337
2021631,2,2020,02,13,19,36,54. ,16,00056
2021631,2,2020,04,20,05,39,38. ,23,00101
2021631,1,2020,04,30,12,16,03. ,14,00056
2021631,1,2020,05,09,06,35,40. ,07,00024
2021631,2,2020,08,28,03,20,40. ,16,00128
2021631,2,2020,09,12,11,44,50. ,20,00081
2021631,1,2020,10,06,15,28,14. ,11,00052
2021631,2,2020,11,06,17,57,30. ,16,00046
2021631,1,2020,12,01,07,58,09. ,11,00017
2021631,2,2020,12,12,16,19,10. ,24,00276
2021631,3,2020,12,21,02,23,44. ,32,00272
