station,intensity,year,month,day,hour,minute,intensity_equip,acceleration_max_comb
2030530,1,1998,10,18,01,08,11,00125
2030530,1,1998,10,18,03,53,06,00046
2030530,1,1998,11,02,04,13,05,00050
2030530,1,1999,05,17,06,20,07,00059
2030530,1,1999,07,16,04,29,11,00285
2030530,1,1999,11,17,07,54,10,00054
2030530,1,2000,07,05,08,16,05,00043
2030530,1,2000,08,27,00,31,07,00031
2030530,1,2000,12,22,19,15,11,00047
2030530,1,2001,02,26,15,01,07,00033
2030530,1,2001,04,03,04,55,13,00067
2030530,1,2001,04,27,02,51,06,00035
2030530,1,2001,05,25,09,44,06,00009
2030530,2,2001,08,14,05,12,19,00103
2030530,1,2001,08,24,18,49,13,00040
2030530,1,2001,11,21,19,26,09,00043
2030530,2,2001,12,02,22,02,18,00081
2030530,1,2001,12,06,15,13,06,00048
2030530,1,2002,02,14,10,12,11,00072
2030530,2,2002,04,04,08,42,15,00101
2030530,1,2002,04,21,06,31,11,00068
2030530,1,2002,05,30,14,08,07,00055
2030530,1,2002,06,29,02,21,06,00014
2030530,1,2002,07,10,23,49,09,00078
2030530,2,2002,10,14,23,13,16,00089
2030530,1,2002,11,17,13,55,10,00039
2030530,1,2003,02,19,14,03,07,00030
2030530,1,2003,02,24,02,01,08,00049
2030530,1,2003,04,17,03,00,10,00029
2030530,2,2003,05,26,18,26,21,00112
2030530,1,2003,06,12,04,47,05,00021
2030530,1,2003,07,26,07,15,05,00012
2030530,1,2003,07,27,15,27,06,00025
2030530,1,2003,08,30,19,07,06,00035
2030530,3,2003,09,26,04,51,32,00368
2030530,3,2003,09,26,06,08,34,00593
2030530,1,2003,09,28,07,24,09,00040
2030530,1,2003,09,29,11,38,06,00019
2030530,1,2003,10,07,01,28,12,00084
2030530,1,2003,11,14,07,39,11,00064
2030530,1,2003,11,24,21,19,10,00051
2030530,1,2004,02,04,15,09,05,00032
2030530,1,2004,06,11,03,13,08,00037
2030530,2,2004,07,04,21,31,15,00092
2030530,1,2004,08,10,15,14,08,00026
2030530,1,2004,09,04,11,18,14,00139
2030530,2,2004,09,08,20,59,15,00171
2030530,1,2004,09,10,13,23,07,00037
2030530,1,2004,09,22,20,04,10,00075
2030530,1,2004,10,20,11,16,05,00078
2030530,1,2004,11,27,07,43,11,00050
2030530,2,2004,11,29,03,33,20,00059
2030530,1,2004,12,06,04,46,05,00046
2030530,1,2004,12,06,23,16,14,00033
2030530,1,2005,01,06,22,01,12,00080
2030530,1,2005,01,18,23,10,10,00026
2030530,1,2005,02,26,21,38,12,00052
2030530,1,2005,05,11,08,52,05,00035
2030530,1,2005,06,03,01,32,07,00048
2030530,2,2005,08,16,11,47,17,00049
2030530,1,2005,09,21,11,27,05,00033
2030530,1,2005,10,18,01,14,13,00063
2030530,1,2005,10,18,01,16,10,00048
2030530,1,2005,11,12,05,04,06,00128
2030530,1,2005,11,15,06,40,10,00035
2030530,1,2006,02,24,17,52,08,00111
2030530,1,2006,04,26,23,11,07,00050
2030530,1,2006,06,12,08,04,09,00067
2030530,1,2007,01,13,13,28,09,00029
2030530,1,2007,02,17,09,03,06,00022
2030530,1,2007,03,15,14,43,09,00063
2030530,2,2007,04,19,00,08,17,00105
2030530,1,2007,05,07,23,10,06,00044
2030530,1,2007,05,19,01,00,12,00078
2030530,1,2007,06,23,07,20,08,00048
2030530,1,2007,07,01,13,13,09,00101
2030530,1,2007,08,22,16,26,11,00038
2030530,2,2008,04,29,14,26,22,00244
2030530,1,2008,05,08,01,48,05,00008
2030530,1,2008,05,10,09,01,06,00041
2030530,1,2008,06,14,08,44,12,00041
2030530,3,2008,07,24,00,26,29,00284
2030530,1,2008,07,24,11,28,06,00022
2030530,1,2008,08,09,00,53,07,00033
2030530,1,2008,08,09,09,55,06,00034
2030530,2,2008,09,11,09,22,16,00028
2030530,1,2008,09,22,16,32,06,00016
2030530,1,2008,10,04,04,23,05,00035
2030530,1,2009,02,15,18,25,06,00020
2030530,1,2009,02,28,09,36,13,00088
2030530,1,2009,05,10,11,30,06,00036
2030530,1,2009,05,26,19,32,05,00034
2030530,1,2009,06,05,12,31,13,00030
2030530,1,2009,07,11,00,02,09,00037
2030530,1,2009,08,24,14,27,09,00024
2030530,1,2009,09,08,01,25,06,00028
2030530,1,2009,10,05,09,35,09,00066
2030530,1,2009,10,10,17,43,12,00091
2030530,1,2009,12,30,04,23,05,00038
2030530,1,2010,01,15,03,47,08,00036
2030530,1,2010,01,24,16,19,07,00030
2030530,1,2010,03,14,17,10,05,00013
2030530,1,2010,06,18,11,26,07,00012
2030530,2,2010,06,28,06,03,19,00176
2030530,1,2010,07,05,06,57,07,00016
2030530,2,2010,09,13,14,48,20,00168
2030530,1,2010,10,14,22,59,10,00046
2030530,1,2010,12,06,16,31,08,00023
2030530,1,2011,03,09,11,47,14,00030
2030530,3,2011,03,11,14,48,27,00161
2030530,1,2011,03,11,15,07,13,00051
2030530,2,2011,03,11,15,09,23,00108
2030530,1,2011,03,11,15,18,07,00018
2030530,2,2011,03,11,15,28,18,00088
2030530,1,2011,03,11,15,50,08,00022
2030530,1,2011,03,11,16,30,12,00038
2030530,2,2011,03,11,20,37,16,00062
2030530,2,2011,03,12,04,47,24,00172
2030530,1,2011,03,12,23,44,10,00031
2030530,1,2011,03,17,13,14,10,00035
2030530,1,2011,03,28,07,25,08,00017
2030530,1,2011,04,01,19,50,08,00043
2030530,2,2011,04,07,23,34,21,00076
2030530,1,2011,04,11,17,18,05,00010
2030530,2,2011,06,23,06,51,22,00120
2030530,1,2011,06,25,02,40,10,00063
2030530,1,2011,07,10,09,59,09,00030
2030530,1,2011,07,23,13,35,09,00022
2030530,2,2011,07,26,07,59,15,00102
2030530,1,2011,07,31,03,56,09,00013
2030530,1,2011,08,01,02,36,09,00037
2030530,1,2011,09,17,04,27,10,00024
2030530,1,2011,09,17,16,35,08,00018
2030530,1,2011,09,18,19,40,10,00063
2030530,1,2011,10,07,11,51,09,00067
2030530,1,2011,10,21,17,03,11,00071
2030530,2,2011,11,24,19,26,15,00080
2030530,2,2012,03,14,18,10,16,00094
2030530,1,2012,03,27,20,01,12,00042
2030530,1,2012,04,21,23,30,09,00046
2030530,1,2012,04,27,03,41,09,00074
2030530,2,2012,05,24,00,02,21,00160
2030530,1,2012,08,14,12,03,11,00026
2030530,2,2012,08,25,23,16,19,00124
2030530,1,2012,10,02,07,23,09,00016
2030530,2,2012,12,07,17,20,21,00120
2030530,3,2013,02,02,23,18,25,00232
2030530,2,2013,04,19,12,09,15,00071
2030530,1,2013,04,23,02,51,09,00055
2030530,1,2013,05,24,14,50,09,00013
2030530,1,2013,10,26,02,12,10,00039
2030530,1,2013,11,15,11,01,12,00079
2030530,2,2013,11,28,02,46,19,00113
2030530,1,2014,06,09,07,51,07,00051
2030530,1,2014,07,08,18,06,12,00059
2030530,1,2014,07,25,13,18,12,00064
2030530,2,2014,08,10,12,43,16,00089
2030530,1,2014,10,11,11,36,13,00047
2030530,1,2015,02,17,08,07,13,00028
2030530,1,2015,02,21,04,29,10,00060
2030530,1,2015,05,13,06,14,13,00037
2030530,1,2015,05,30,20,28,09,00012
2030530,2,2015,06,08,15,01,19,00173
2030530,2,2015,07,10,03,33,17,00102
2030530,1,2015,11,01,12,49,13,00119
2030530,1,2016,01,11,15,27,08,00038
2030530,1,2016,01,12,02,09,09,00039
2030530,3,2016,01,14,12,25,31,00538
2030530,1,2016,05,25,14,23,06,00038
2030530,4,2016,06,16,14,21,37,01840
2030530,1,2016,07,24,11,52,07,00028
2030530,1,2016,09,07,18,42,07,00041
2030530,1,2016,09,26,11,25,09,00057
2030530,2,2016,09,26,14,14,17,00090
2030530,1,2016,10,03,17,49,10,00046
2030530,1,2016,10,12,04,03,11,00055
2030530,1,2016,11,22,06,02,07,00011
2030530,1,2017,03,08,01,08,09,00059
2030530,1,2017,09,10,17,45,10,00037
2030530,2,2017,12,02,05,48,15,00105
2030530,2,2018,01,24,19,51,18,00072
2030530,1,2018,04,29,21,32,06,00067
2030530,1,2018,07,02,02,27,08,00062
2030530,3,2018,09,06,03,08,28,00373
2030530,1,2018,09,06,03,20,11,00053
2030530,1,2018,09,06,06,12,12,00085
2030530,1,2018,09,17,02,52,08,00044
2030530,1,2018,09,30,17,54,06,00040
2030530,1,2018,11,28,11,24,06,00028
2030530,1,2018,12,30,04,09,09,00040
2030530,1,2019,01,26,17,23,10,00038
2030530,2,2019,02,21,21,23,15,00089
2030530,1,2019,04,28,02,25,13,00079
2030530,1,2019,06,18,22,24,08,00011
2030530,1,2019,08,15,14,33,12,00074
2030530,1,2019,08,29,08,47,12,00040
2030530,1,2019,09,07,18,36,09,00062
2030530,1,2019,12,19,15,22,14,00069
2030530,2,2020,02,13,19,36,17,00090
2030530,1,2020,03,28,09,58,14,00095
2030530,1,2020,04,12,22,12,08,00071
2030530,1,2020,04,20,05,40,06,00014
2030530,1,2020,11,06,17,57,09,00022
2030530,1,2020,12,12,16,19,11,00055
2030530,2,2020,12,21,02,23,17,00076
