station,intensity,year,month,day,hour,minute,second,intensity_equip,acceleration_max_comb
2211730,1,2002,04,04,08,44,21. ,06,00010
2211730,1,2002,05,06,17,12,43. ,08,00023
2211730,1,2002,06,14,11,43,35. ,11,00020
2211730,1,2002,06,19,18,17,17. ,13,00015
2211730,1,2002,06,24,07,24,13. ,06,00008
2211730,2,2002,06,29,02,21,50. ,17,00026
2211730,1,2002,07,13,21,46,57. ,06,00009
2211730,3,2002,07,24,05,05,56. ,27,00107
2211730,1,2002,08,03,08,15,26. ,11,00015
2211730,1,2002,08,12,06,57,22. ,05,00008
2211730,1,2002,09,24,21,47,09. ,05,00011
2211730,1,2002,10,11,10,04,51. ,14,00031
2211730,2,2002,10,12,20,00,00. ,24,00064
2211730,2,2002,10,14,23,14,27. ,15,00024
2211730,1,2002,10,16,13,05,57. ,07,00009
2211730,2,2002,10,21,01,06,42. ,19,00039
2211730,1,2002,10,26,19,43,57. ,08,00020
2211730,3,2002,11,03,12,38,13. ,29,00136
2211730,1,2002,11,03,12,40,10. ,14,00019
2211730,1,2002,11,04,04,15,49. ,05,00008
2211730,2,2002,11,17,13,58,22. ,16,00027
2211730,1,2002,12,01,18,59,19. ,11,00014
2211730,2,2002,12,05,00,51,25. ,15,00034
2211730,1,2002,12,05,00,53,48. ,10,00015
2211730,1,2002,12,09,03,34,37. ,06,00028
2211730,1,2003,01,06,13,44,38. ,09,00012
2211730,1,2003,01,09,13,15,06. ,09,00018
2211730,2,2003,01,21,13,20,10. ,17,00030
2211730,3,2003,02,16,12,04,05. ,31,00153
2211730,1,2003,02,19,14,04,21. ,12,00018
2211730,3,2003,03,03,07,47,04. ,28,00170
2211730,1,2003,03,13,12,13,55. ,10,00017
2211730,1,2003,04,08,03,29,26. ,14,00022
2211730,2,2003,04,17,03,01,33. ,20,00037
2211730,1,2003,04,25,07,41,16. ,07,00012
2211730,2,2003,05,12,00,58,08. ,15,00023
2211730,1,2003,05,17,23,34,17. ,14,00018
2211730,4,2003,05,26,18,24,55. ,44,00829
2211730,1,2003,05,26,22,34,56. ,06,00022
2211730,1,2003,05,27,00,44,57. ,08,00016
2211730,1,2003,06,10,16,24,48. ,05,00018
2211730,2,2003,06,16,18,34,27. ,23,00095
2211730,1,2003,07,18,12,33,24. ,05,00018
2211730,3,2003,07,26,00,13,23. ,25,00147
2211730,3,2003,07,26,07,13,45. ,33,00245
2211730,1,2003,07,26,07,15,40. ,10,00012
2211730,1,2003,07,26,07,44,37. ,05,00018
2211730,1,2003,07,26,07,52,25. ,07,00021
2211730,2,2003,07,26,10,22,46. ,17,00042
2211730,2,2003,07,26,16,56,59. ,24,00077
2211730,2,2003,07,27,15,29,26. ,23,00051
2211730,1,2003,07,28,04,08,26. ,13,00027
2211730,1,2003,08,04,20,57,58. ,09,00016
2211730,2,2003,09,20,12,55,52. ,24,00066
2211730,3,2003,09,26,04,52,50. ,31,00140
2211730,3,2003,09,26,06,10,40. ,26,00076
2211730,1,2003,09,29,11,39,17. ,08,00010
2211730,1,2003,10,08,18,09,29. ,07,00008
2211730,1,2003,10,15,16,31,49. ,12,00016
2211730,3,2003,10,31,10,06,58. ,29,00114
2211730,1,2003,10,31,23,15,56. ,14,00020
2211730,1,2003,11,01,09,27,57. ,09,00012
2211730,2,2003,11,01,22,11,05. ,16,00026
2211730,2,2003,11,02,11,59,04. ,20,00043
2211730,1,2003,11,03,16,12,24. ,06,00012
2211730,3,2003,11,12,17,29,16. ,27,00101
2211730,3,2003,11,15,03,44,21. ,30,00129
2211730,1,2003,11,23,07,01,44. ,05,00008
2211730,1,2003,11,23,17,57,55. ,05,00007
2211730,3,2004,01,23,18,01,47. ,31,00291
2211730,1,2004,02,04,15,09,30. ,12,00028
2211730,1,2004,02,28,18,34,26. ,09,00012
2211730,2,2004,03,11,11,35,45. ,17,00032
2211730,1,2004,03,15,13,01,00. ,07,00011
2211730,1,2004,04,03,18,57,51. ,06,00015
2211730,2,2004,04,04,08,02,38. ,23,00073
2211730,1,2004,05,09,01,30,54. ,07,00022
2211730,1,2004,05,10,15,38,34. ,08,00013
2211730,1,2004,05,16,00,38,16. ,06,00015
2211730,3,2004,05,29,12,47,30. ,30,00134
2211730,1,2004,05,30,05,57,52. ,11,00015
2211730,2,2004,06,27,04,43,40. ,15,00047
2211730,1,2004,07,05,18,23,17. ,09,00015
2211730,1,2004,07,17,15,11,42. ,10,00020
2211730,1,2004,07,19,23,38,33. ,06,00009
2211730,1,2004,07,21,09,13,28. ,05,00007
2211730,2,2004,08,10,15,14,19. ,15,00030
2211730,2,2004,08,19,20,41,13. ,18,00049
2211730,2,2004,09,01,11,49,50. ,20,00045
2211730,1,2004,09,05,19,08,46. ,10,00013
2211730,1,2004,09,06,00,00,00. ,09,00010
2211730,1,2004,09,07,08,31,09. ,07,00009
2211730,1,2004,10,01,10,00,00. ,06,00013
2211730,2,2004,10,06,23,41,27. ,24,00064
2211730,2,2004,10,17,02,20,09. ,19,00035
2211730,2,2004,10,17,03,55,30. ,17,00034
2211730,3,2004,10,23,17,56,32. ,33,00161
2211730,1,2004,10,23,18,00,33. ,09,00011
2211730,3,2004,10,23,18,03,43. ,25,00070
2211730,1,2004,10,23,18,08,24. ,13,00019
2211730,2,2004,10,23,18,12,42. ,19,00035
2211730,3,2004,10,23,18,34,36. ,26,00076
2211730,1,2004,10,23,19,37,44. ,08,00011
2211730,1,2004,10,23,19,46,50. ,14,00019
2211730,1,2004,10,23,21,45,28. ,05,00007
2211730,1,2004,10,23,23,35,38. ,12,00018
2211730,1,2004,10,25,00,28,49. ,13,00018
2211730,2,2004,10,25,06,05,30. ,17,00030
2211730,2,2004,10,27,10,41,24. ,23,00056
2211730,1,2004,11,01,04,36,51. ,05,00007
2211730,1,2004,11,02,22,05,29. ,12,00015
2211730,1,2004,11,04,08,58,21. ,05,00010
2211730,1,2004,11,06,02,54,11. ,10,00016
2211730,2,2004,11,08,11,16,40. ,19,00036
2211730,1,2004,11,08,11,33,06. ,09,00016
2211730,1,2004,11,10,03,43,59. ,10,00012
2211730,1,2004,11,19,17,41,24. ,06,00017
2211730,2,2004,11,29,03,34,41. ,16,00025
2211730,1,2004,12,06,23,17,45. ,14,00023
2211730,1,2004,12,19,14,23,45. ,08,00011
2211730,1,2004,12,19,19,17,30. ,05,00010
2211730,1,2004,12,28,18,31,31. ,05,00009
2211730,1,2004,12,29,22,59,28. ,12,00019
2211730,1,2004,12,30,10,53,51. ,10,00041
2211730,2,2004,12,30,22,30,24. ,16,00037
2211730,2,2005,01,01,05,14,16. ,21,00101
2211730,1,2005,01,18,23,11,40. ,11,00016
2211730,1,2005,01,19,15,13,25. ,09,00013
2211730,1,2005,02,08,11,30,27. ,06,00009
2211730,2,2005,02,16,04,47,26. ,23,00055
2211730,2,2005,02,26,21,39,10. ,15,00023
2211730,2,2005,04,04,02,57,31. ,23,00077
2211730,3,2005,04,11,07,22,57. ,29,00110
2211730,1,2005,04,19,10,50,35. ,14,00020
2211730,1,2005,05,11,08,53,19. ,05,00008
2211730,1,2005,05,19,10,15,42. ,10,00014
2211730,1,2005,05,21,07,02,05. ,13,00018
2211730,2,2005,05,27,17,07,40. ,24,00072
2211730,1,2005,06,20,01,16,21. ,11,00017
2211730,1,2005,07,02,09,33,10. ,13,00018
2211730,1,2005,07,10,08,39,15. ,06,00009
2211730,1,2005,07,11,07,28,16. ,07,00015
2211730,3,2005,07,23,16,36,00. ,28,00096
2211730,1,2005,07,23,16,38,42. ,06,00007
2211730,2,2005,08,08,00,07,27. ,20,00048
2211730,4,2005,08,16,11,46,48. ,44,00687
2211730,2,2005,08,24,19,15,57. ,15,00030
2211730,1,2005,08,26,07,29,57. ,14,00019
2211730,2,2005,08,31,03,11,33. ,17,00027
2211730,1,2005,09,11,05,07,20. ,08,00025
2211730,1,2005,09,12,04,29,10. ,06,00014
2211730,1,2005,09,21,11,28,24. ,08,00010
2211730,1,2005,09,28,20,20,53. ,13,00019
2211730,1,2005,10,12,13,30,45. ,08,00025
2211730,2,2005,10,16,16,06,44. ,17,00031
2211730,1,2005,10,18,03,48,57. ,12,00026
2211730,3,2005,10,19,20,45,11. ,31,00148
2211730,3,2005,10,22,22,13,04. ,33,00204
2211730,1,2005,10,23,19,09,36. ,08,00023
2211730,1,2005,10,24,18,35,49. ,07,00010
2211730,1,2005,11,12,06,02,54. ,08,00016
2211730,3,2005,11,15,06,39,46. ,29,00128
2211730,3,2005,12,02,22,13,32. ,29,00119
2211730,1,2005,12,05,03,04,44. ,09,00013
2211730,2,2005,12,05,07,20,55. ,23,00076
2211730,3,2005,12,17,03,32,40. ,29,00114
2211730,1,2005,12,21,07,59,19. ,06,00008
2211730,1,2005,12,28,18,47,00. ,06,00012
2211730,3,2006,01,18,23,25,49. ,27,00123
2211730,1,2006,02,01,20,36,33. ,09,00046
2211730,1,2006,02,03,13,04,32. ,07,00015
2211730,3,2006,02,03,13,38,25. ,26,00082
2211730,1,2006,02,03,13,40,22. ,11,00018
2211730,1,2006,02,03,14,39,33. ,05,00007
2211730,1,2006,02,03,14,42,45. ,08,00010
2211730,2,2006,02,03,15,11,04. ,16,00025
2211730,1,2006,02,09,22,06,00. ,05,00014
2211730,1,2006,03,05,03,40,35. ,14,00020
2211730,1,2006,03,13,13,07,26. ,09,00010
2211730,1,2006,03,13,13,16,41. ,08,00011
2211730,2,2006,03,28,22,35,48. ,17,00027
2211730,2,2006,03,29,19,29,15. ,18,00046
2211730,2,2006,04,10,09,21,54. ,19,00039
2211730,1,2006,04,16,20,52,28. ,07,00010
2211730,1,2006,04,24,13,29,01. ,10,00016
2211730,1,2006,07,01,08,28,54. ,13,00027
2211730,1,2006,07,06,02,10,06. ,07,00010
2211730,1,2006,08,22,07,23,33. ,13,00018
2211730,1,2006,09,09,19,36,40. ,14,00046
2211730,1,2006,10,02,02,08,18. ,09,00017
2211730,3,2006,10,11,08,58,49. ,27,00078
2211730,1,2006,10,14,06,39,30. ,05,00014
2211730,1,2006,10,24,06,21,07. ,11,00013
2211730,1,2006,11,17,21,34,07. ,14,00019
2211730,1,2007,01,13,13,29,00. ,14,00023
2211730,2,2007,03,08,14,06,53. ,23,00053
2211730,1,2007,03,09,12,26,16. ,06,00008
2211730,1,2007,03,14,22,41,03. ,06,00009
2211730,2,2007,03,25,09,44,00. ,16,00026
2211730,2,2007,03,31,22,32,50. ,15,00030
2211730,1,2007,04,05,20,40,00. ,12,00031
2211730,1,2007,04,12,22,50,46. ,09,00025
2211730,1,2007,04,19,00,09,42. ,08,00009
2211730,1,2007,05,06,10,10,24. ,07,00015
2211730,1,2007,06,19,15,28,34. ,05,00008
2211730,1,2007,07,01,13,14,56. ,09,00012
2211730,3,2007,07,16,10,14,04. ,27,00090
2211730,1,2007,07,16,15,38,25. ,14,00024
2211730,2,2007,07,16,23,19,01. ,16,00068
2211730,1,2007,08,01,17,18,30. ,07,00013
2211730,1,2007,08,16,04,16,26. ,09,00012
2211730,1,2007,08,22,16,28,31. ,07,00009
2211730,2,2007,09,28,22,45,31. ,20,00037
2211730,1,2007,10,23,10,23,15. ,09,00067
2211730,1,2007,10,31,12,38,16. ,10,00013
2211730,1,2007,11,07,20,06,09. ,11,00033
2211730,1,2007,11,26,06,42,39. ,05,00037
2211730,3,2007,11,26,22,51,56. ,29,00115
2211730,1,2007,11,30,18,37,46. ,06,00011
2211730,2,2007,12,07,09,50,51. ,18,00033
2211730,2,2007,12,25,23,05,08. ,20,00048
2211730,1,2008,01,16,02,56,28. ,09,00016
2211730,1,2008,02,09,07,07,45. ,12,00020
2211730,2,2008,03,08,01,55,39. ,17,00038
2211730,2,2008,03,24,12,40,29. ,18,00033
2211730,1,2008,03,24,22,30,14. ,07,00013
2211730,1,2008,04,04,19,02,47. ,10,00020
2211730,1,2008,04,29,14,27,55. ,08,00010
2211730,1,2008,05,02,06,59,30. ,08,00012
2211730,2,2008,05,02,14,41,49. ,21,00043
2211730,1,2008,05,05,09,28,09. ,08,00010
2211730,3,2008,05,08,01,02,38. ,30,00122
2211730,2,2008,05,08,01,04,30. ,22,00051
2211730,1,2008,05,08,01,13,12. ,12,00019
2211730,2,2008,05,08,01,17,24. ,17,00029
2211730,4,2008,05,08,01,45,51. ,36,00239
2211730,1,2008,05,08,02,32,23. ,12,00016
2211730,1,2008,05,08,03,21,08. ,05,00008
2211730,1,2008,05,09,06,20,14. ,06,00007
2211730,2,2008,05,09,08,21,56. ,20,00041
2211730,1,2008,05,31,14,04,25. ,13,00021
2211730,1,2008,05,31,16,56,50. ,07,00012
2211730,1,2008,05,31,23,30,01. ,06,00010
2211730,1,2008,06,02,00,58,59. ,10,00032
2211730,4,2008,06,14,08,44,08. ,43,00964
2211730,1,2008,06,14,08,47,00. ,09,00010
2211730,2,2008,06,14,09,20,39. ,15,00030
2211730,1,2008,06,14,10,00,53. ,07,00012
2211730,1,2008,06,14,10,40,33. ,08,00016
2211730,1,2008,06,14,11,35,53. ,07,00017
2211730,1,2008,06,14,12,28,06. ,12,00021
2211730,1,2008,06,14,23,43,07. ,11,00043
2211730,2,2008,06,16,23,15,13. ,20,00054
2211730,1,2008,06,18,16,55,37. ,08,00027
2211730,1,2008,06,27,22,57,54. ,07,00021
2211730,2,2008,07,05,16,49,31. ,17,00051
2211730,4,2008,07,19,11,39,52. ,38,00334
2211730,1,2008,07,19,11,47,57. ,13,00017
2211730,2,2008,07,21,18,01,52. ,18,00033
2211730,3,2008,07,21,20,30,54. ,30,00183
2211730,2,2008,07,22,17,47,19. ,22,00056
2211730,4,2008,07,24,00,26,54. ,42,00586
2211730,1,2008,07,29,16,36,30. ,06,00017
2211730,2,2008,08,22,20,00,33. ,18,00037
2211730,2,2008,09,06,00,14,48. ,18,00028
2211730,2,2008,09,11,09,22,55. ,18,00032
2211730,1,2008,09,11,12,14,49. ,08,00012
2211730,1,2008,09,21,07,18,29. ,05,00007
2211730,1,2008,09,22,16,33,38. ,08,00013
2211730,3,2008,10,30,00,48,58. ,25,00181
2211730,2,2008,12,04,08,17,50. ,15,00024
2211730,1,2008,12,04,12,11,55. ,14,00022
2211730,1,2008,12,04,17,30,02. ,07,00039
2211730,1,2008,12,06,05,04,24. ,05,00008
2211730,2,2008,12,18,15,48,03. ,15,00024
2211730,1,2008,12,20,19,32,00. ,08,00010
2211730,1,2008,12,20,19,36,21. ,06,00008
2211730,1,2008,12,20,19,49,13. ,07,00009
2211730,2,2008,12,20,21,22,49. ,16,00025
2211730,1,2008,12,21,02,38,25. ,07,00010
2211730,1,2008,12,21,04,14,38. ,05,00008
2211730,2,2008,12,21,18,17,38. ,21,00048
2211730,1,2008,12,24,05,58,30. ,09,00013
2211730,1,2008,12,25,19,44,22. ,08,00010
2211730,1,2009,01,03,16,13,33. ,14,00048
2211730,1,2009,01,05,10,37,16. ,05,00009
2211730,1,2009,01,06,08,53,54. ,09,00012
2211730,1,2009,01,16,02,55,45. ,06,00009
2211730,2,2009,02,01,06,52,17. ,24,00097
2211730,1,2009,02,01,18,33,11. ,14,00024
2211730,2,2009,02,15,18,25,48. ,24,00067
2211730,2,2009,02,17,09,13,11. ,22,00173
2211730,2,2009,04,21,18,58,07. ,23,00061
2211730,1,2009,04,25,22,55,51. ,12,00018
2211730,1,2009,04,28,06,38,19. ,11,00026
2211730,2,2009,06,01,00,33,19. ,17,00060
2211730,1,2009,06,05,12,32,48. ,12,00014
2211730,2,2009,06,06,14,53,53. ,15,00022
2211730,1,2009,06,20,11,54,16. ,06,00008
2211730,1,2009,06,23,16,38,07. ,13,00024
2211730,1,2009,07,19,10,48,34. ,05,00009
2211730,2,2009,08,01,18,46,09. ,15,00039
2211730,1,2009,08,03,16,20,08. ,05,00009
2211730,1,2009,08,06,14,40,44. ,05,00007
2211730,1,2009,08,08,07,31,17. ,06,00015
2211730,3,2009,08,09,19,58,10. ,29,00118
2211730,2,2009,08,11,05,08,23. ,16,00025
2211730,2,2009,08,13,07,51,02. ,20,00046
2211730,1,2009,08,24,14,27,53. ,06,00009
2211730,1,2009,08,31,00,46,33. ,12,00015
2211730,1,2009,09,08,22,34,19. ,14,00040
2211730,2,2009,09,22,20,41,12. ,23,00124
2211730,2,2009,10,23,10,29,07. ,19,00057
2211730,1,2009,10,28,14,25,57. ,07,00024
2211730,1,2009,12,02,15,14,56. ,12,00023
2211730,1,2009,12,04,08,42,19. ,06,00009
2211730,2,2009,12,18,05,42,22. ,16,00027
2211730,1,2009,12,19,04,31,19. ,13,00033
2211730,2,2010,01,17,15,05,29. ,18,00037
2211730,1,2010,01,21,18,49,36. ,07,00014
2211730,1,2010,01,30,13,29,53. ,09,00038
2211730,1,2010,02,18,10,17,08. ,14,00022
2211730,4,2010,03,13,21,46,42. ,39,00376
2211730,4,2010,03,14,17,08,20. ,39,00373
2211730,1,2010,04,26,06,23,28. ,14,00027
2211730,1,2010,05,03,19,31,15. ,06,00008
2211730,2,2010,06,01,13,49,36. ,16,00060
2211730,4,2010,06,13,12,33,15. ,41,00606
2211730,3,2010,07,05,06,56,43. ,27,00101
2211730,1,2010,07,23,06,07,46. ,09,00013
2211730,2,2010,07,27,08,31,38. ,15,00030
2211730,2,2010,08,10,14,51,42. ,22,00052
2211730,1,2010,08,21,23,26,47. ,07,00010
2211730,1,2010,08,27,00,09,52. ,07,00012
2211730,1,2010,09,01,16,33,09. ,11,00028
2211730,2,2010,09,13,14,49,36. ,16,00027
2211730,2,2010,09,29,17,00,16. ,16,00034
2211730,2,2010,09,30,21,47,37. ,15,00035
2211730,1,2010,11,05,07,31,30. ,09,00016
2211730,1,2010,11,24,20,10,02. ,10,00017
2211730,3,2010,11,30,12,28,40. ,29,00114
2211730,2,2010,12,06,16,32,20. ,15,00023
2211730,2,2010,12,22,02,24,20. ,21,00044
2211730,1,2010,12,23,06,54,25. ,14,00021
2211730,1,2011,01,01,08,01,40. ,10,00028
2211730,1,2011,01,03,13,46,02. ,07,00011
2211730,1,2011,01,13,06,37,25. ,12,00017
2211730,3,2011,02,10,22,03,20. ,25,00087
2211730,1,2011,02,16,04,02,15. ,07,00009
2211730,1,2011,02,16,04,07,56. ,08,00011
2211730,1,2011,02,26,23,42,10. ,11,00015
2211730,2,2011,02,27,00,39,04. ,20,00043
2211730,4,2011,03,09,11,45,55. ,37,00264
2211730,2,2011,03,09,11,58,14. ,18,00030
2211730,2,2011,03,09,11,59,10. ,21,00044
2211730,1,2011,03,09,12,09,33. ,11,00015
2211730,1,2011,03,09,13,07,07. ,08,00010
2211730,2,2011,03,09,13,38,02. ,16,00027
2211730,1,2011,03,09,13,46,49. ,11,00016
2211730,1,2011,03,09,15,26,33. ,08,00010
2211730,1,2011,03,09,20,29,04. ,07,00010
2211730,3,2011,03,10,03,16,57. ,31,00136
2211730,2,2011,03,10,03,45,40. ,21,00045
2211730,4,2011,03,10,06,24,35. ,35,00208
2211730,2,2011,03,10,17,09,28. ,15,00022
2211730,1,2011,03,10,20,22,22. ,05,00007
2211730,1,2011,03,11,01,55,54. ,11,00013
2211730,B,2011,03,11,14,47,50. ,54,02609
2211730,4,2011,03,11,14,52,00. ,39,/////
2211730,3,2011,03,11,14,54,30. ,32,00207
2211730,3,2011,03,11,14,56,30. ,32,00147
2211730,2,2011,03,11,14,57,35. ,19,00065
2211730,4,2011,03,11,15,09,31. ,37,/////
2211730,4,2011,03,11,15,13,40. ,35,/////
2211730,2,2011,03,11,16,00,23. ,17,00040
2211730,2,2011,03,11,16,14,37. ,18,00031
2211730,4,2011,03,11,16,29,30. ,38,00336
2211730,3,2011,03,11,16,30,30. ,33,00199
2211730,3,2011,03,11,17,27,26. ,25,00067
2211730,3,2011,03,11,17,28,20. ,26,00085
2211730,4,2011,03,11,17,31,20. ,39,00371
2211730,1,2011,03,11,17,33,43. ,10,00025
2211730,2,2011,03,11,17,35,37. ,17,00033
2211730,1,2011,03,11,17,39,07. ,07,00013
2211730,4,2011,03,11,17,41,07. ,36,00315
2211730,1,2011,03,11,17,44,45. ,13,00018
2211730,2,2011,03,11,17,47,12. ,21,00069
2211730,1,2011,03,11,17,49,16. ,11,00018
2211730,1,2011,03,11,17,53,04. ,13,00020
2211730,2,2011,03,11,17,54,22. ,19,00094
2211730,1,2011,03,11,18,01,05. ,08,00017
2211730,2,2011,03,11,18,04,54. ,17,00031
2211730,2,2011,03,11,18,06,23. ,15,00026
2211730,1,2011,03,11,18,10,08. ,12,00018
2211730,1,2011,03,11,18,15,41. ,09,00019
2211730,2,2011,03,11,18,16,40. ,24,00163
2211730,2,2011,03,11,18,28,12. ,16,00040
2211730,2,2011,03,11,18,34,34. ,18,00067
2211730,1,2011,03,11,18,37,56. ,10,00014
2211730,1,2011,03,11,18,43,27. ,06,00013
2211730,1,2011,03,11,18,48,18. ,14,00019
2211730,2,2011,03,11,18,52,58. ,16,00044
2211730,1,2011,03,11,18,55,55. ,12,00018
2211730,2,2011,03,11,19,11,30. ,22,00052
2211730,1,2011,03,11,19,13,04. ,09,00018
2211730,2,2011,03,11,19,21,03. ,22,00075
2211730,1,2011,03,11,19,29,47. ,13,00016
2211730,2,2011,03,11,19,35,54. ,20,00044
2211730,1,2011,03,11,19,46,39. ,11,00026
2211730,1,2011,03,11,19,58,52. ,09,00019
2211730,3,2011,03,11,20,01,08. ,28,00134
2211730,1,2011,03,11,20,06,52. ,11,00022
2211730,1,2011,03,11,20,09,30. ,10,00019
2211730,1,2011,03,11,20,12,25. ,10,00012
2211730,2,2011,03,11,20,14,03. ,18,00032
2211730,2,2011,03,11,20,17,32. ,16,00026
2211730,2,2011,03,11,20,21,58. ,20,00036
2211730,3,2011,03,11,20,31,14. ,25,00187
2211730,1,2011,03,11,20,33,17. ,11,00013
2211730,3,2011,03,11,20,37,16. ,34,00234
2211730,2,2011,03,11,20,40,10. ,16,00032
2211730,2,2011,03,11,20,45,01. ,24,00057
2211730,2,2011,03,11,20,47,35. ,18,00043
2211730,2,2011,03,11,20,57,12. ,16,00024
2211730,2,2011,03,11,20,58,10. ,17,00046
2211730,1,2011,03,11,21,01,05. ,05,00008
2211730,3,2011,03,11,21,13,28. ,29,00135
2211730,3,2011,03,11,21,16,13. ,25,00074
2211730,2,2011,03,11,21,21,41. ,18,00036
2211730,1,2011,03,11,21,29,43. ,09,00011
2211730,1,2011,03,11,21,34,00. ,14,00027
2211730,1,2011,03,11,21,36,00. ,12,00016
2211730,1,2011,03,11,21,38,56. ,09,00014
2211730,2,2011,03,11,21,49,47. ,17,00028
2211730,1,2011,03,11,21,55,28. ,12,00022
2211730,2,2011,03,11,21,56,22. ,19,00054
2211730,2,2011,03,11,22,00,08. ,15,00024
2211730,2,2011,03,11,22,16,17. ,21,00071
2211730,2,2011,03,11,22,17,33. ,17,00032
2211730,1,2011,03,11,22,35,29. ,09,00013
2211730,1,2011,03,11,22,48,12. ,09,00021
2211730,3,2011,03,11,22,56,15. ,29,00208
2211730,1,2011,03,11,22,59,34. ,12,00022
2211730,2,2011,03,11,23,01,27. ,15,00027
2211730,3,2011,03,11,23,10,58. ,25,00108
2211730,1,2011,03,11,23,29,22. ,07,00016
2211730,1,2011,03,11,23,44,47. ,14,00029
2211730,1,2011,03,11,23,54,56. ,13,00019
2211730,2,2011,03,11,23,57,10. ,23,00063
2211730,1,2011,03,12,00,02,29. ,10,00014
2211730,1,2011,03,12,00,06,55. ,14,00037
2211730,2,2011,03,12,00,08,31. ,21,00048
2211730,3,2011,03,12,00,13,57. ,30,00122
2211730,1,2011,03,12,00,15,43. ,10,00019
2211730,2,2011,03,12,00,20,23. ,19,00041
2211730,1,2011,03,12,00,26,37. ,10,00021
2211730,1,2011,03,12,00,33,17. ,10,00016
2211730,1,2011,03,12,00,37,23. ,07,00008
2211730,1,2011,03,12,00,42,52. ,11,00015
2211730,1,2011,03,12,00,51,47. ,08,00014
2211730,1,2011,03,12,01,05,51. ,08,00015
2211730,1,2011,03,12,01,12,49. ,11,00013
2211730,1,2011,03,12,01,21,50. ,07,00010
2211730,1,2011,03,12,02,15,46. ,07,00014
2211730,1,2011,03,12,02,31,11. ,14,00027
2211730,1,2011,03,12,02,57,07. ,11,00029
2211730,3,2011,03,12,03,11,52. ,29,00119
2211730,2,2011,03,12,03,17,50. ,17,00029
2211730,2,2011,03,12,03,44,39. ,18,00055
2211730,1,2011,03,12,03,46,23. ,10,00018
2211730,2,2011,03,12,03,59,57. ,23,00056
2211730,3,2011,03,12,04,03,45. ,28,00093
2211730,2,2011,03,12,04,09,26. ,15,00031
2211730,2,2011,03,12,04,25,33. ,19,00037
2211730,2,2011,03,12,04,32,58. ,16,00027
2211730,2,2011,03,12,04,45,40. ,16,00050
2211730,1,2011,03,12,04,47,54. ,09,00013
2211730,2,2011,03,12,05,12,06. ,24,00064
2211730,2,2011,03,12,05,35,12. ,20,00042
2211730,2,2011,03,12,05,36,57. ,15,00029
2211730,1,2011,03,12,05,43,28. ,07,00011
2211730,2,2011,03,12,06,01,38. ,17,00027
2211730,2,2011,03,12,06,34,43. ,17,00040
2211730,1,2011,03,12,06,42,45. ,13,00022
2211730,2,2011,03,12,07,52,43. ,15,00025
2211730,1,2011,03,12,07,55,38. ,07,00009
2211730,1,2011,03,12,08,12,20. ,05,00012
2211730,2,2011,03,12,08,55,16. ,21,00100
2211730,2,2011,03,12,09,00,02. ,20,00037
2211730,1,2011,03,12,09,01,23. ,06,00008
2211730,1,2011,03,18,17,02,35. ,14,00020
2211730,1,2011,03,18,21,21,39. ,10,00014
2211730,1,2011,03,19,03,33,41. ,10,00016
2211730,2,2011,03,19,04,53,18. ,18,00097
2211730,1,2011,03,19,05,33,06. ,10,00019
2211730,2,2011,03,19,08,33,48. ,24,00066
2211730,2,2011,03,19,08,49,35. ,15,00035
2211730,1,2011,03,19,11,56,22. ,12,00031
2211730,3,2011,03,19,18,57,09. ,34,00258
2211730,1,2011,03,20,00,27,08. ,05,00030
2211730,1,2011,03,20,01,38,59. ,05,00021
2211730,2,2011,03,20,05,48,43. ,18,00067
2211730,1,2011,03,20,10,25,15. ,12,00020
2211730,3,2011,03,20,10,31,05. ,27,00139
2211730,1,2011,03,20,14,20,26. ,09,00019
2211730,3,2011,03,20,14,55,43. ,29,00150
2211730,1,2011,03,20,20,32,32. ,09,00035
2211730,2,2011,03,20,21,04,30. ,17,00033
2211730,1,2011,03,20,21,43,46. ,11,00031
2211730,1,2011,03,21,08,43,36. ,09,00020
2211730,1,2011,03,21,14,09,02. ,10,00015
2211730,1,2011,03,21,14,55,11. ,07,00009
2211730,1,2011,03,21,17,07,13. ,10,00013
2211730,1,2011,03,21,21,38,19. ,14,00035
2211730,1,2011,03,21,23,54,35. ,08,00011
2211730,1,2011,03,22,01,47,39. ,13,00016
2211730,1,2011,03,22,12,39,43. ,12,00017
2211730,2,2011,03,22,16,19,53. ,22,00075
2211730,4,2011,03,22,18,19,25. ,36,00254
2211730,2,2011,03,22,18,45,59. ,18,00030
2211730,1,2011,03,22,19,57,19. ,09,00020
2211730,1,2011,03,22,21,02,33. ,07,00009
2211730,3,2011,03,22,21,04,52. ,26,00074
2211730,2,2011,03,22,22,51,43. ,20,00037
2211730,2,2011,03,23,00,04,41. ,15,00020
2211730,1,2011,03,23,00,50,20. ,12,00025
2211730,1,2011,03,23,01,13,25. ,08,00010
2211730,1,2011,03,23,03,50,26. ,10,00046
2211730,1,2011,03,23,04,11,03. ,08,00012
2211730,3,2011,03,23,07,12,47. ,31,00157
2211730,2,2011,03,23,07,35,12. ,19,00072
2211730,3,2011,03,23,07,36,50. ,26,00136
2211730,1,2011,03,23,09,07,44. ,08,00016
2211730,1,2011,03,23,18,55,46. ,10,00034
2211730,2,2011,03,23,19,44,16. ,16,00028
2211730,1,2011,03,23,22,57,15. ,13,00017
2211730,1,2011,03,23,23,48,39. ,09,00020
2211730,1,2011,03,24,08,57,35. ,08,00014
2211730,1,2011,03,24,12,59,09. ,09,00016
2211730,1,2011,03,24,14,04,20. ,05,00014
2211730,3,2011,03,24,17,21,35. ,34,00234
2211730,1,2011,03,25,02,09,13. ,06,00013
2211730,1,2011,03,25,04,18,22. ,08,00011
2211730,1,2011,03,25,04,45,28. ,08,00021
2211730,3,2011,03,25,20,36,57. ,26,00107
2211730,2,2011,03,26,19,19,07. ,19,00075
2211730,1,2011,03,26,23,11,40. ,06,00017
2211730,1,2011,03,27,14,09,08. ,07,00010
2211730,1,2011,03,27,20,08,51. ,09,00019
2211730,1,2011,03,27,22,42,22. ,13,00021
2211730,1,2011,03,28,00,18,16. ,06,00011
2211730,1,2011,03,28,06,12,27. ,08,00015
2211730,4,2011,03,28,07,24,22. ,35,00255
2211730,1,2011,03,28,14,45,53. ,12,00018
2211730,1,2011,03,28,20,19,56. ,09,00013
2211730,1,2011,03,28,20,34,44. ,09,00041
2211730,1,2011,03,29,16,05,19. ,11,00023
2211730,3,2011,03,29,19,54,59. ,32,00184
2211730,1,2011,03,30,01,37,17. ,10,00012
2211730,1,2011,03,30,08,37,39. ,09,00011
2211730,1,2011,03,30,14,31,01. ,13,00018
2211730,1,2011,03,30,21,52,58. ,10,00012
2211730,2,2011,03,30,22,00,44. ,16,00027
2211730,2,2011,03,30,22,19,42. ,16,00035
2211730,1,2011,03,30,23,46,40. ,06,00008
2211730,2,2011,03,31,16,16,05. ,22,00053
2211730,2,2011,04,01,04,35,41. ,15,00024
2211730,2,2011,04,01,20,58,36. ,22,00052
2211730,1,2011,04,01,21,15,56. ,08,00011
2211730,2,2011,04,01,23,45,28. ,18,00028
2211730,1,2011,04,02,02,05,21. ,14,00018
2211730,1,2011,04,02,05,00,47. ,06,00010
2211730,2,2011,04,02,13,08,46. ,18,00062
2211730,1,2011,04,02,14,08,48. ,08,00015
2211730,1,2011,04,02,16,56,45. ,09,00016
2211730,1,2011,04,02,23,38,37. ,11,00019
2211730,1,2011,04,03,12,10,02. ,08,00012
2211730,3,2011,04,03,16,39,00. ,32,00219
2211730,1,2011,04,03,16,53,21. ,12,00037
2211730,1,2011,04,03,21,58,06. ,12,00021
2211730,1,2011,04,03,23,53,57. ,14,00030
2211730,1,2011,04,04,17,39,03. ,13,00023
2211730,1,2011,04,04,18,39,59. ,08,00012
2211730,1,2011,04,05,11,57,44. ,06,00012
2211730,1,2011,04,06,07,02,38. ,14,00028
2211730,1,2011,04,06,15,07,52. ,06,00009
2211730,1,2011,04,06,21,57,31. ,09,00019
2211730,3,2011,04,06,22,55,05. ,32,00265
2211730,1,2011,04,07,11,41,27. ,11,00022
2211730,A,2011,04,07,23,33,02. ,49,01341
2211730,1,2011,04,07,23,47,54. ,10,00037
2211730,1,2011,04,07,23,50,03. ,10,00033
2211730,1,2011,04,08,00,25,43. ,09,00025
2211730,1,2011,04,08,07,03,25. ,09,00013
2211730,1,2011,04,08,11,57,55. ,13,00024
2211730,1,2011,04,09,10,26,13. ,12,00017
2211730,3,2011,04,09,18,42,38. ,25,00139
2211730,1,2011,04,11,00,07,37. ,09,00033
2211730,1,2011,04,11,02,45,25. ,08,00015
2211730,1,2011,04,11,06,36,30. ,10,00026
2211730,2,2011,04,11,13,52,04. ,17,00045
2211730,4,2011,04,11,17,16,31. ,39,00484
2211730,3,2011,04,11,17,17,49. ,27,00127
2211730,1,2011,04,11,17,20,01. ,10,00026
2211730,2,2011,04,11,17,26,56. ,18,00042
2211730,1,2011,04,11,17,45,45. ,13,00039
2211730,1,2011,04,11,17,58,32. ,13,00038
2211730,2,2011,04,11,18,00,15. ,16,00063
2211730,2,2011,04,11,18,05,36. ,20,00074
2211730,1,2011,04,11,18,13,07. ,10,00024
2211730,1,2011,04,11,18,31,10. ,07,00011
2211730,1,2011,04,11,18,36,58. ,08,00019
2211730,1,2011,04,11,18,48,44. ,10,00027
2211730,1,2011,04,11,19,00,36. ,06,00018
2211730,1,2011,04,11,20,27,57. ,12,00039
2211730,3,2011,04,11,20,42,53. ,28,00155
2211730,1,2011,04,11,22,06,11. ,10,00018
2211730,2,2011,04,12,00,22,14. ,15,00036
2211730,1,2011,04,12,00,58,26. ,11,00022
2211730,2,2011,04,12,08,09,11. ,23,00055
2211730,1,2011,04,12,08,48,32. ,08,00027
2211730,1,2011,04,12,11,14,18. ,09,00025
2211730,4,2011,04,12,14,07,59. ,35,00288
2211730,1,2011,04,12,14,15,34. ,06,00017
2211730,1,2011,04,12,14,26,50. ,12,00030
2211730,1,2011,04,12,16,47,44. ,10,00027
2211730,1,2011,04,12,17,48,54. ,11,00023
2211730,1,2011,04,13,04,02,50. ,07,00014
2211730,1,2011,04,13,04,38,49. ,12,00015
2211730,1,2011,04,13,06,53,03. ,07,00009
2211730,1,2011,04,13,08,54,45. ,08,00033
2211730,2,2011,04,13,10,08,25. ,16,00040
2211730,2,2011,04,14,04,58,46. ,21,00046
2211730,1,2011,04,14,05,33,52. ,10,00012
2211730,2,2011,04,14,07,36,23. ,17,00043
2211730,3,2011,04,14,12,09,16. ,25,00095
2211730,2,2011,04,15,23,35,16. ,17,00029
2211730,1,2011,04,16,06,11,24. ,11,00020
2211730,3,2011,04,16,11,20,01. ,25,00072
2211730,2,2011,04,16,13,20,18. ,16,00042
2211730,1,2011,04,17,05,19,50. ,07,00017
2211730,1,2011,04,17,05,22,26. ,09,00014
2211730,1,2011,04,17,05,38,01. ,13,00019
2211730,1,2011,04,17,16,13,14. ,11,00020
2211730,1,2011,04,18,00,48,01. ,10,00019
2211730,1,2011,04,18,01,48,26. ,10,00064
2211730,1,2011,04,19,15,54,01. ,12,00025
2211730,1,2011,04,19,23,11,13. ,13,00030
2211730,1,2011,04,20,04,29,52. ,09,00026
2211730,1,2011,04,20,09,51,17. ,14,00034
2211730,1,2011,04,21,01,33,47. ,11,00035
2211730,1,2011,04,21,12,09,19. ,13,00026
2211730,2,2011,04,21,17,18,50. ,18,00044
2211730,3,2011,04,21,22,37,59. ,28,00100
2211730,3,2011,04,22,01,11,31. ,34,00314
2211730,3,2011,04,23,00,25,32. ,30,00233
2211730,1,2011,04,23,08,16,08. ,08,00018
2211730,2,2011,04,23,19,13,31. ,22,00056
2211730,1,2011,04,24,19,10,19. ,08,00022
2211730,1,2011,04,24,23,34,28. ,08,00015
2211730,2,2011,04,26,06,14,54. ,15,00024
2211730,1,2011,04,26,06,16,54. ,10,00037
2211730,2,2011,04,26,13,02,15. ,17,00034
2211730,1,2011,04,26,13,15,10. ,06,00038
2211730,2,2011,04,26,21,12,55. ,15,00027
2211730,2,2011,04,28,06,45,29. ,16,00051
2211730,1,2011,04,28,10,45,20. ,09,00024
2211730,3,2011,04,28,18,28,04. ,34,00234
2211730,1,2011,04,30,07,20,13. ,14,00021
2211730,2,2011,04,30,14,07,08. ,21,00073
2211730,1,2011,04,30,14,47,13. ,11,00038
2211730,1,2011,05,01,11,49,06. ,12,00029
2211730,1,2011,05,01,12,27,10. ,09,00023
2211730,2,2011,05,02,11,09,50. ,18,00073
2211730,1,2011,05,03,06,27,14. ,10,00013
2211730,1,2011,05,03,20,44,31. ,12,00028
2211730,1,2011,05,04,04,15,41. ,10,00046
2211730,1,2011,05,04,17,25,00. ,05,00007
2211730,2,2011,05,05,23,59,16. ,19,00046
2211730,2,2011,05,06,02,04,45. ,18,00036
2211730,3,2011,05,08,05,53,33. ,28,00094
2211730,1,2011,05,08,07,11,34. ,06,00023
2211730,2,2011,05,08,19,43,08. ,22,00076
2211730,1,2011,05,10,05,16,53. ,14,00021
2211730,1,2011,05,10,08,39,04. ,08,00018
2211730,1,2011,05,10,17,31,33. ,06,00010
2211730,1,2011,05,10,19,15,41. ,08,00013
2211730,1,2011,05,11,10,21,11. ,07,00009
2211730,1,2011,05,12,03,22,20. ,11,00016
2211730,1,2011,05,14,06,50,39. ,06,00008
2211730,2,2011,05,14,08,36,09. ,21,00083
2211730,1,2011,05,15,00,02,06. ,14,00022
2211730,3,2011,05,15,08,51,02. ,31,00137
2211730,2,2011,05,15,19,25,57. ,16,00030
2211730,2,2011,05,15,21,14,47. ,20,00048
2211730,1,2011,05,16,04,08,37. ,06,00010
2211730,2,2011,05,17,00,53,55. ,18,00036
2211730,1,2011,05,17,10,03,09. ,11,00074
2211730,1,2011,05,19,17,33,18. ,14,00046
2211730,1,2011,05,19,18,13,36. ,13,00024
2211730,3,2011,05,20,09,47,12. ,27,00085
2211730,3,2011,05,20,16,29,00. ,27,00240
2211730,2,2011,05,22,07,07,31. ,18,00034
2211730,1,2011,05,22,20,07,45. ,07,00010
2211730,1,2011,05,22,23,47,13. ,09,00013
2211730,1,2011,05,23,06,40,08. ,12,00051
2211730,1,2011,05,23,14,21,35. ,08,00011
2211730,1,2011,05,24,12,42,09. ,13,00019
2211730,1,2011,05,24,20,50,07. ,10,00016
2211730,1,2011,05,25,05,36,48. ,09,00019
2211730,1,2011,05,25,07,38,18. ,07,00032
2211730,1,2011,05,25,17,28,17. ,08,00026
2211730,1,2011,05,26,19,57,17. ,11,00026
2211730,1,2011,05,31,21,29,38. ,08,00015
2211730,1,2011,06,01,01,41,46. ,08,00036
2211730,2,2011,06,03,09,05,57. ,21,00051
2211730,3,2011,06,04,01,00,39. ,26,00102
2211730,1,2011,06,04,12,37,40. ,12,00042
2211730,1,2011,06,05,20,17,05. ,06,00017
2211730,2,2011,06,07,05,10,41. ,16,00048
2211730,2,2011,06,09,19,26,46. ,21,00045
2211730,2,2011,06,09,19,39,19. ,16,00026
2211730,2,2011,06,10,00,41,20. ,16,00025
2211730,1,2011,06,10,03,17,20. ,08,00011
2211730,1,2011,06,11,07,36,23. ,12,00038
2211730,1,2011,06,12,05,09,24. ,10,00026
2211730,1,2011,06,12,17,10,31. ,08,00018
2211730,1,2011,06,14,01,50,48. ,06,00009
2211730,1,2011,06,14,06,00,06. ,07,00009
2211730,2,2011,06,14,22,07,45. ,19,00040
2211730,1,2011,06,14,23,57,03. ,12,00021
2211730,1,2011,06,18,13,39,33. ,07,00021
2211730,3,2011,06,18,20,31,21. ,32,00203
2211730,1,2011,06,21,17,50,53. ,12,00015
2211730,1,2011,06,22,23,30,27. ,10,00015
2211730,4,2011,06,23,06,51,44. ,38,00283
2211730,1,2011,06,23,17,23,20. ,08,00018
2211730,2,2011,06,23,19,35,26. ,21,00076
2211730,1,2011,06,25,02,41,41. ,06,00009
2211730,1,2011,06,25,15,55,21. ,08,00015
2211730,1,2011,06,25,16,06,36. ,08,00021
2211730,1,2011,06,30,02,09,57. ,06,00023
2211730,1,2011,06,30,19,23,01. ,14,00059
2211730,2,2011,07,07,00,15,51. ,22,00059
2211730,1,2011,07,07,13,02,46. ,07,00012
2211730,1,2011,07,07,14,10,40. ,07,00020
2211730,4,2011,07,08,03,35,59. ,35,00265
2211730,4,2011,07,10,09,57,45. ,36,00279
2211730,1,2011,07,11,09,09,39. ,11,00028
2211730,1,2011,07,11,13,30,33. ,07,00011
2211730,1,2011,07,12,18,00,53. ,06,00011
2211730,2,2011,07,13,00,37,55. ,16,00032
2211730,2,2011,07,13,05,47,36. ,18,00031
2211730,1,2011,07,14,10,35,27. ,13,00053
2211730,1,2011,07,14,13,11,44. ,07,00009
2211730,2,2011,07,15,21,02,03. ,19,00041
2211730,2,2011,07,19,10,39,19. ,18,00039
2211730,1,2011,07,23,11,37,43. ,09,00013
2211730,2,2011,07,23,13,34,59. ,24,00078
2211730,1,2011,07,25,00,07,50. ,13,00020
2211730,4,2011,07,25,03,51,39. ,41,00641
2211730,2,2011,07,25,20,05,19. ,15,00030
2211730,1,2011,07,25,20,56,15. ,07,00009
2211730,1,2011,07,26,05,40,32. ,10,00013
2211730,1,2011,07,27,23,51,26. ,08,00011
2211730,1,2011,07,28,18,03,37. ,06,00008
2211730,2,2011,07,29,23,54,07. ,19,00039
2211730,4,2011,07,31,03,54,11. ,38,00407
2211730,2,2011,08,01,22,45,52. ,17,00027
2211730,1,2011,08,01,23,59,29. ,07,00008
2211730,1,2011,08,04,01,33,09. ,08,00010
2211730,1,2011,08,07,12,35,41. ,07,00016
2211730,1,2011,08,08,16,20,10. ,09,00032
2211730,2,2011,08,11,22,31,48. ,19,00048
2211730,4,2011,08,12,03,22,23. ,36,00266
2211730,1,2011,08,13,23,01,41. ,08,00010
2211730,1,2011,08,17,04,36,40. ,11,00014
2211730,2,2011,08,17,12,05,41. ,15,00032
2211730,2,2011,08,17,20,45,07. ,17,00044
2211730,4,2011,08,19,14,36,49. ,44,00832
2211730,1,2011,08,21,07,59,17. ,07,00021
2211730,1,2011,08,22,07,06,12. ,14,00039
2211730,2,2011,08,22,20,24,25. ,18,00033
2211730,1,2011,08,23,00,26,35. ,07,00019
2211730,1,2011,08,23,07,05,16. ,08,00023
2211730,1,2011,08,27,09,17,26. ,06,00007
2211730,2,2011,08,27,23,29,57. ,19,00035
2211730,1,2011,08,27,23,34,49. ,06,00009
2211730,1,2011,08,30,03,22,52. ,07,00009
2211730,1,2011,08,30,22,45,25. ,10,00013
2211730,1,2011,09,05,21,14,44. ,13,00063
2211730,2,2011,09,07,02,55,36. ,16,00029
2211730,2,2011,09,08,22,38,31. ,23,00073
2211730,1,2011,09,10,15,01,14. ,10,00017
2211730,2,2011,09,14,23,57,02. ,15,00047
2211730,3,2011,09,15,17,00,52. ,29,00107
2211730,2,2011,09,17,04,28,04. ,24,00061
2211730,2,2011,09,17,06,09,36. ,20,00039
2211730,1,2011,09,17,06,38,07. ,12,00016
2211730,2,2011,09,17,07,42,18. ,17,00029
2211730,2,2011,09,17,16,35,30. ,17,00029
2211730,2,2011,09,18,16,05,34. ,19,00037
2211730,2,2011,09,19,03,32,38. ,22,00072
2211730,1,2011,09,21,05,59,36. ,14,00020
2211730,2,2011,09,21,22,31,24. ,21,00077
2211730,1,2011,09,23,04,59,45. ,10,00020
2211730,2,2011,09,23,17,16,36. ,17,00053
2211730,1,2011,09,23,22,13,28. ,07,00012
2211730,1,2011,09,29,04,18,33. ,08,00018
2211730,1,2011,09,29,19,05,24. ,12,00046
2211730,2,2011,10,03,01,49,29. ,23,00060
2211730,1,2011,10,05,14,18,56. ,09,00012
2211730,4,2011,10,10,11,46,11. ,35,00324
2211730,1,2011,10,14,03,09,53. ,07,00010
2211730,1,2011,10,14,19,59,46. ,12,00052
2211730,1,2011,10,20,06,22,07. ,10,00032
2211730,1,2011,10,21,17,05,13. ,09,00012
2211730,1,2011,10,25,12,54,39. ,08,00035
2211730,2,2011,10,26,02,09,23. ,18,00050
2211730,2,2011,11,20,02,37,21. ,20,00047
2211730,2,2011,11,20,10,24,08. ,20,00061
2211730,2,2011,11,20,10,26,39. ,15,00030
2211730,3,2011,11,24,04,24,47. ,29,00123
2211730,2,2011,11,24,19,27,33. ,18,00030
2211730,1,2011,11,27,10,08,09. ,10,00016
2211730,1,2011,11,30,12,08,43. ,07,00029
2211730,1,2011,12,02,09,50,57. ,14,00049
2211730,1,2011,12,05,04,20,32. ,12,00045
2211730,1,2011,12,05,10,02,19. ,09,00014
2211730,1,2011,12,10,15,08,55. ,08,00020
2211730,1,2011,12,20,15,27,45. ,09,00011
2211730,1,2011,12,22,05,11,06. ,09,00015
2211730,3,2012,01,01,14,30,50. ,34,00209
2211730,1,2012,01,03,03,29,26. ,11,00017
2211730,1,2012,01,06,01,48,08. ,07,00010
2211730,1,2012,01,06,08,29,16. ,12,00018
2211730,1,2012,01,07,19,43,36. ,12,00038
2211730,1,2012,01,09,07,14,11. ,08,00011
2211730,1,2012,01,09,17,51,01. ,06,00009
2211730,3,2012,01,12,12,21,09. ,33,00188
2211730,2,2012,01,12,14,38,10. ,17,00037
2211730,1,2012,01,13,00,27,29. ,06,00009
2211730,2,2012,01,23,20,45,59. ,24,00081
2211730,2,2012,01,26,05,43,17. ,20,00063
2211730,2,2012,01,28,09,23,32. ,18,00039
2211730,1,2012,01,28,21,45,47. ,09,00013
2211730,1,2012,02,06,07,06,43. ,11,00014
2211730,1,2012,02,08,21,02,20. ,11,00015
2211730,2,2012,02,10,06,52,30. ,18,00062
2211730,1,2012,02,12,04,56,47. ,10,00013
2211730,2,2012,02,14,12,28,43. ,22,00051
2211730,3,2012,02,14,15,22,46. ,25,00076
2211730,2,2012,02,15,15,28,52. ,16,00036
2211730,1,2012,02,18,23,21,26. ,06,00009
2211730,1,2012,02,19,06,44,27. ,07,00014
2211730,2,2012,02,19,14,55,28. ,15,00035
2211730,1,2012,02,28,01,31,13. ,09,00012
2211730,1,2012,02,28,14,21,35. ,11,00016
2211730,2,2012,02,29,18,00,22. ,17,00048
2211730,1,2012,02,29,23,34,07. ,14,00020
2211730,2,2012,03,01,07,33,14. ,22,00061
2211730,1,2012,03,06,18,50,50. ,10,00022
2211730,1,2012,03,08,12,24,00. ,13,00017
2211730,2,2012,03,10,02,25,56. ,24,00075
2211730,2,2012,03,14,18,10,06. ,19,00041
2211730,1,2012,03,14,19,51,20. ,10,00012
2211730,3,2012,03,14,21,05,44. ,26,00081
2211730,1,2012,03,16,04,21,27. ,10,00015
2211730,1,2012,03,17,22,47,52. ,12,00040
2211730,1,2012,03,18,09,37,26. ,08,00012
2211730,1,2012,03,21,17,33,45. ,08,00010
2211730,1,2012,03,21,21,02,28. ,12,00016
2211730,3,2012,03,25,22,22,55. ,31,00197
2211730,3,2012,03,27,20,01,26. ,34,00208
2211730,2,2012,03,30,13,38,46. ,24,00191
2211730,4,2012,04,01,23,04,42. ,35,00302
2211730,1,2012,04,08,14,45,11. ,06,00033
2211730,1,2012,04,12,20,20,39. ,11,00019
2211730,3,2012,04,12,23,51,07. ,33,00191
2211730,3,2012,04,13,19,10,26. ,28,00104
2211730,2,2012,04,13,21,12,35. ,21,00043
2211730,1,2012,04,14,18,25,50. ,11,00017
2211730,1,2012,04,14,19,51,57. ,07,00010
2211730,1,2012,04,15,19,37,23. ,11,00016
2211730,1,2012,04,19,12,34,02. ,10,00015
2211730,1,2012,04,24,12,28,23. ,07,00017
2211730,2,2012,04,25,05,23,11. ,18,00032
2211730,2,2012,04,26,05,45,46. ,20,00043
2211730,2,2012,04,29,19,29,54. ,20,00040
2211730,2,2012,04,30,00,03,19. ,18,00036
2211730,2,2012,05,06,05,12,59. ,20,00062
2211730,1,2012,05,08,04,00,32. ,06,00009
2211730,2,2012,05,10,09,29,28. ,17,00033
2211730,1,2012,05,13,12,06,11. ,07,00011
2211730,2,2012,05,16,01,01,04. ,21,00119
2211730,1,2012,05,20,04,06,50. ,11,00013
2211730,2,2012,05,20,16,22,10. ,23,00055
2211730,1,2012,05,20,17,22,27. ,08,00011
2211730,1,2012,05,20,17,43,21. ,08,00009
2211730,1,2012,05,22,16,20,01. ,05,00007
2211730,2,2012,05,24,00,03,54. ,24,00061
2211730,1,2012,05,25,12,59,44. ,11,00069
2211730,1,2012,05,29,01,37,56. ,10,00016
2211730,2,2012,05,31,14,49,45. ,17,00055
2211730,1,2012,06,01,17,49,13. ,13,00019
2211730,2,2012,06,06,04,32,32. ,19,00033
2211730,2,2012,06,08,14,22,57. ,22,00058
2211730,1,2012,06,12,20,13,31. ,06,00012
2211730,2,2012,06,15,16,32,21. ,15,00027
2211730,2,2012,06,18,05,32,55. ,24,00087
2211730,2,2012,06,20,07,29,03. ,23,00144
2211730,2,2012,06,28,14,52,08. ,23,00120
2211730,1,2012,06,30,16,12,16. ,12,00039
2211730,1,2012,07,02,15,23,42. ,07,00035
2211730,1,2012,07,03,09,46,49. ,09,00017
2211730,1,2012,07,03,11,32,34. ,11,00020
2211730,1,2012,07,20,01,12,11. ,07,00013
2211730,1,2012,07,21,12,01,48. ,13,00035
2211730,1,2012,07,30,07,05,58. ,10,00018
2211730,1,2012,08,07,13,19,02. ,13,00063
2211730,1,2012,08,11,19,30,37. ,09,00022
2211730,2,2012,08,14,12,04,39. ,18,00032
2211730,1,2012,08,17,15,15,49. ,09,00019
2211730,1,2012,08,17,20,38,13. ,07,00020
2211730,1,2012,08,20,20,43,45. ,09,00014
2211730,2,2012,08,21,01,43,24. ,22,00070
2211730,1,2012,08,24,02,10,29. ,08,00020
2211730,1,2012,08,25,23,18,36. ,13,00017
2211730,3,2012,08,26,03,37,20. ,27,00188
2211730,1,2012,08,28,22,56,06. ,09,00014
2211730,3,2012,08,30,04,05,31. ,31,00177
2211730,1,2012,09,01,00,31,52. ,07,00012
2211730,1,2012,09,11,20,12,43. ,07,00018
2211730,1,2012,09,14,02,23,23. ,07,00010
2211730,1,2012,10,01,07,39,49. ,09,00024
2211730,1,2012,10,02,03,41,38. ,10,00015
2211730,1,2012,10,02,05,51,13. ,10,00015
2211730,2,2012,10,02,07,23,07. ,19,00040
2211730,1,2012,10,03,18,40,28. ,14,00031
2211730,1,2012,10,06,01,20,14. ,08,00009
2211730,1,2012,10,08,02,32,50. ,08,00017
2211730,1,2012,10,12,13,58,25. ,08,00012
2211730,1,2012,10,14,20,12,50. ,12,00019
2211730,1,2012,10,17,09,44,39. ,08,00019
2211730,1,2012,10,22,18,27,37. ,10,00019
2211730,1,2012,10,23,17,57,31. ,09,00012
2211730,2,2012,10,25,19,32,47. ,24,00134
2211730,1,2012,10,26,19,37,28. ,07,00011
2211730,1,2012,10,27,04,33,36. ,09,00021
2211730,2,2012,11,03,07,34,33. ,20,00080
2211730,2,2012,11,05,13,31,03. ,18,00035
2211730,2,2012,11,09,12,52,28. ,16,00029
2211730,2,2012,11,11,14,16,13. ,17,00060
2211730,1,2012,11,22,02,43,10. ,12,00026
2211730,3,2012,11,24,05,21,47. ,28,00164
2211730,2,2012,11,24,10,30,28. ,19,00077
2211730,A,2012,12,07,17,19,05. ,45,00795
2211730,1,2012,12,07,21,59,09. ,06,00009
2211730,1,2012,12,08,08,01,09. ,06,00013
2211730,1,2012,12,09,11,35,20. ,10,00015
2211730,1,2012,12,12,09,20,20. ,09,00015
2211730,3,2012,12,15,13,27,26. ,31,00209
2211730,1,2012,12,15,14,46,49. ,10,00021
2211730,1,2012,12,19,03,37,15. ,11,00016
2211730,1,2012,12,20,04,27,04. ,05,00011
2211730,1,2012,12,21,17,07,53. ,13,00026
2211730,2,2012,12,30,00,00,18. ,23,00060
2211730,1,2012,12,30,08,05,54. ,11,00015
2211730,1,2013,01,04,22,53,35. ,12,00044
2211730,1,2013,01,06,17,11,57. ,11,00024
2211730,1,2013,01,07,22,54,27. ,12,00021
2211730,1,2013,01,08,16,52,54. ,09,00012
2211730,3,2013,01,10,21,48,34. ,26,00228
2211730,1,2013,01,14,15,54,18. ,14,00026
2211730,1,2013,01,22,04,48,11. ,09,00011
2211730,1,2013,01,24,06,31,27. ,14,00030
2211730,1,2013,01,28,03,42,30. ,08,00025
2211730,1,2013,01,31,23,54,22. ,13,00032
2211730,3,2013,02,02,23,20,00. ,27,00096
2211730,1,2013,02,09,13,43,40. ,14,00030
2211730,1,2013,02,13,11,22,08. ,08,00018
2211730,1,2013,02,16,10,30,37. ,08,00018
2211730,1,2013,02,16,10,33,05. ,11,00047
2211730,1,2013,02,19,21,29,03. ,10,00012
2211730,2,2013,02,22,00,34,28. ,17,00084
2211730,1,2013,02,24,13,55,47. ,10,00031
2211730,2,2013,02,25,16,24,24. ,17,00029
2211730,1,2013,02,26,01,19,55. ,09,00020
2211730,1,2013,02,26,21,47,11. ,08,00011
2211730,1,2013,03,13,06,33,28. ,08,00012
2211730,1,2013,03,22,07,21,01. ,07,00018
2211730,2,2013,03,31,16,47,01. ,15,00028
2211730,2,2013,04,02,03,54,35. ,22,00057
2211730,2,2013,04,02,11,10,08. ,15,00023
2211730,1,2013,04,04,13,43,54. ,10,00013
2211730,2,2013,04,06,05,01,26. ,20,00050
2211730,1,2013,04,10,13,39,17. ,13,00047
2211730,3,2013,04,14,22,25,15. ,26,00111
2211730,3,2013,04,17,21,03,56. ,25,00098
2211730,2,2013,04,19,12,10,25. ,20,00043
2211730,2,2013,04,21,12,25,46. ,17,00030
2211730,1,2013,04,21,19,27,59. ,06,00011
2211730,2,2013,04,29,22,02,40. ,21,00051
2211730,2,2013,05,07,10,04,35. ,17,00042
2211730,1,2013,05,16,08,47,52. ,08,00012
2211730,4,2013,05,18,14,48,14. ,39,00491
2211730,2,2013,05,24,14,52,00. ,16,00025
2211730,2,2013,05,24,17,33,31. ,21,00083
2211730,1,2013,05,25,11,12,01. ,07,00024
2211730,1,2013,05,27,18,17,23. ,07,00013
2211730,1,2013,06,04,17,33,49. ,14,00028
2211730,1,2013,06,05,09,36,58. ,06,00020
2211730,1,2013,07,04,00,06,40. ,12,00016
2211730,1,2013,07,10,14,23,07. ,13,00021
2211730,1,2013,07,19,08,45,06. ,05,00012
2211730,3,2013,07,20,01,39,34. ,29,00127
2211730,2,2013,07,20,15,07,09. ,15,00023
2211730,1,2013,07,21,18,54,01. ,11,00016
2211730,2,2013,07,23,11,04,14. ,15,00029
2211730,2,2013,07,23,12,02,29. ,16,00045
2211730,1,2013,07,26,04,06,33. ,06,00009
2211730,1,2013,07,31,09,14,48. ,13,00022
2211730,3,2013,08,04,12,29,08. ,32,00316
2211730,2,2013,08,10,07,56,33. ,19,00047
2211730,2,2013,08,12,22,00,05. ,15,00039
2211730,3,2013,09,04,09,21,39. ,33,00187
2211730,1,2013,09,18,09,28,34. ,09,00012
2211730,3,2013,09,20,02,25,25. ,29,00163
2211730,1,2013,10,11,17,22,29. ,10,00022
2211730,1,2013,10,12,02,43,55. ,09,00016
2211730,2,2013,10,20,00,14,49. ,19,00065
2211730,2,2013,10,22,10,19,03. ,20,00051
2211730,3,2013,10,26,02,11,10. ,34,00228
2211730,1,2013,10,26,23,36,40. ,14,00052
2211730,1,2013,10,28,03,14,32. ,10,00020
2211730,1,2013,10,30,12,22,27. ,09,00031
2211730,1,2013,11,01,00,01,56. ,14,00023
2211730,1,2013,11,03,14,26,21. ,09,00012
2211730,2,2013,11,03,17,53,42. ,15,00022
2211730,2,2013,11,04,22,48,03. ,15,00023
2211730,2,2013,11,10,07,38,41. ,21,00042
2211730,1,2013,11,15,11,02,37. ,08,00011
2211730,2,2013,11,16,17,15,17. ,20,00045
2211730,1,2013,11,19,04,12,57. ,12,00021
2211730,2,2013,11,21,12,38,14. ,19,00078
2211730,2,2013,11,22,04,58,15. ,16,00042
2211730,1,2013,11,26,00,43,35. ,10,00021
2211730,2,2013,12,03,18,17,25. ,20,00047
2211730,1,2013,12,18,19,14,58. ,06,00010
2211730,1,2013,12,21,01,11,47. ,11,00019
2211730,1,2013,12,21,10,35,23. ,10,00012
2211730,2,2013,12,31,10,03,39. ,23,00078
2211730,1,2014,01,04,14,24,02. ,14,00021
2211730,1,2014,01,09,03,58,18. ,07,00010
2211730,1,2014,01,16,10,13,41. ,09,00014
2211730,1,2014,02,04,09,35,55. ,13,00024
2211730,1,2014,02,06,02,32,59. ,14,00023
2211730,3,2014,02,08,02,18,47. ,26,00245
2211730,2,2014,02,08,11,34,51. ,18,00047
2211730,1,2014,03,17,18,03,35. ,12,00015
2211730,2,2014,03,29,10,54,52. ,15,00029
2211730,1,2014,03,30,20,12,39. ,11,00023
2211730,1,2014,04,01,13,09,01. ,13,00055
2211730,2,2014,04,03,08,23,30. ,16,00038
2211730,1,2014,04,05,10,17,20. ,07,00014
2211730,2,2014,04,13,18,16,27. ,24,00092
2211730,2,2014,04,17,03,18,00. ,18,00044
2211730,1,2014,04,17,23,44,38. ,13,00030
2211730,1,2014,05,02,18,16,37. ,09,00014
2211730,1,2014,05,03,22,39,31. ,08,00019
2211730,2,2014,05,05,05,19,15. ,16,00040
2211730,1,2014,05,13,08,36,17. ,07,00010
2211730,1,2014,06,08,14,25,11. ,12,00030
2211730,2,2014,06,09,06,10,56. ,19,00159
2211730,1,2014,06,15,02,32,29. ,13,00032
2211730,2,2014,06,16,03,19,59. ,24,00057
2211730,4,2014,06,16,05,15,08. ,38,00548
2211730,1,2014,06,17,02,44,10. ,10,00018
2211730,2,2014,06,27,06,55,53. ,20,00054
2211730,1,2014,07,10,17,59,40. ,09,00015
2211730,4,2014,07,12,04,22,29. ,37,00263
2211730,1,2014,07,16,17,25,20. ,09,00017
2211730,2,2014,08,10,12,44,59. ,16,00024
2211730,1,2014,08,18,03,17,01. ,05,00007
2211730,1,2014,08,27,13,50,55. ,09,00012
2211730,1,2014,08,29,16,35,42. ,12,00017
2211730,1,2014,09,03,16,25,06. ,12,00016
2211730,2,2014,09,16,12,29,17. ,18,00039
2211730,2,2014,09,24,21,46,00. ,18,00072
2211730,3,2014,09,24,22,31,10. ,29,00165
2211730,1,2014,10,03,09,58,49. ,14,00022
2211730,1,2014,10,06,00,09,42. ,07,00014
2211730,2,2014,10,11,11,37,41. ,15,00023
2211730,1,2014,10,11,14,22,32. ,11,00013
2211730,1,2014,10,15,12,51,46. ,12,00049
2211730,1,2014,10,31,15,35,00. ,06,00008
2211730,2,2014,11,08,08,54,43. ,17,00047
2211730,1,2014,11,12,09,54,25. ,07,00010
2211730,3,2014,11,20,10,52,00. ,28,00101
2211730,1,2014,11,22,22,09,13. ,13,00017
2211730,1,2014,11,23,22,36,26. ,06,00009
2211730,3,2014,12,20,18,30,13. ,26,00137
2211730,1,2014,12,20,18,50,26. ,06,00019
2211730,3,2014,12,25,08,06,28. ,26,00091
2211730,1,2014,12,27,06,05,10. ,07,00024
2211730,1,2014,12,28,03,19,31. ,09,00031
2211730,1,2015,01,14,04,51,23. ,08,00012
2211730,1,2015,01,18,03,18,11. ,07,00016
2211730,1,2015,01,26,07,21,17. ,09,00012
2211730,1,2015,02,15,09,15,17. ,08,00012
2211730,3,2015,02,17,08,07,32. ,27,00089
2211730,2,2015,02,17,13,47,48. ,16,00033
2211730,1,2015,02,18,01,34,55. ,06,00008
2211730,2,2015,02,20,13,26,55. ,18,00031
2211730,1,2015,02,21,19,15,26. ,13,00018
2211730,1,2015,02,24,11,30,15. ,14,00021
2211730,1,2015,02,26,10,11,59. ,10,00031
2211730,1,2015,03,12,20,03,05. ,14,00025
2211730,1,2015,03,19,10,34,27. ,11,00016
2211730,1,2015,03,24,13,54,20. ,06,00009
2211730,1,2015,03,27,12,05,17. ,09,00012
2211730,1,2015,03,27,21,32,45. ,11,00015
2211730,1,2015,03,27,23,40,04. ,11,00016
2211730,1,2015,04,13,04,26,15. ,08,00012
2211730,1,2015,04,30,01,11,15. ,11,00017
2211730,2,2015,05,03,13,03,07. ,20,00087
2211730,1,2015,05,03,23,31,38. ,07,00009
2211730,3,2015,05,13,06,13,29. ,31,00160
2211730,2,2015,05,15,12,30,53. ,22,00101
2211730,2,2015,05,25,14,28,52. ,19,00040
2211730,3,2015,05,30,20,27,17. ,31,00149
2211730,1,2015,05,31,03,52,23. ,07,00010
2211730,1,2015,06,08,15,02,56. ,10,00014
2211730,1,2015,06,10,17,34,32. ,09,00012
2211730,2,2015,06,11,13,46,58. ,16,00027
2211730,2,2015,06,11,13,52,43. ,20,00043
2211730,1,2015,06,11,13,58,00. ,08,00010
2211730,2,2015,06,19,09,35,28. ,15,00042
2211730,1,2015,06,22,11,18,38. ,14,00026
2211730,2,2015,06,23,21,22,45. ,20,00037
2211730,3,2015,07,10,03,33,52. ,25,00078
2211730,1,2015,07,14,22,17,06. ,11,00025
2211730,2,2015,07,21,18,17,15. ,24,00077
2211730,2,2015,08,01,23,25,14. ,15,00039
2211730,2,2015,08,03,14,30,24. ,20,00089
2211730,2,2015,08,06,18,23,11. ,17,00052
2211730,2,2015,08,14,05,13,51. ,15,00029
2211730,1,2015,08,16,08,44,34. ,08,00037
2211730,1,2015,08,24,14,50,10. ,13,00021
2211730,1,2015,08,26,16,23,35. ,09,00013
2211730,1,2015,08,28,23,47,05. ,12,00023
2211730,1,2015,09,04,01,52,53. ,11,00017
2211730,1,2015,09,05,12,13,56. ,05,00008
2211730,3,2015,10,21,15,05,04. ,30,00157
2211730,1,2015,11,07,22,45,50. ,08,00013
2211730,2,2015,11,19,18,33,15. ,16,00058
2211730,1,2015,11,22,08,21,09. ,09,00014
2211730,1,2015,12,02,07,48,54. ,05,00010
2211730,1,2015,12,02,13,41,37. ,13,00040
2211730,2,2016,01,12,02,10,52. ,15,00022
2211730,2,2016,01,14,12,27,09. ,18,00037
2211730,1,2016,01,19,18,49,46. ,08,00025
2211730,1,2016,01,26,20,38,12. ,12,00048
2211730,1,2016,01,30,12,29,43. ,09,00011
2211730,3,2016,02,02,14,32,56. ,25,00067
2211730,1,2016,02,14,15,29,43. ,06,00010
2211730,1,2016,02,15,03,12,53. ,11,00013
2211730,1,2016,02,19,22,14,34. ,14,00033
2211730,1,2016,02,22,03,04,13. ,06,00009
2211730,1,2016,03,01,09,14,14. ,09,00038
2211730,1,2016,03,22,14,35,08. ,07,00012
2211730,3,2016,04,20,21,19,59. ,28,00118
2211730,2,2016,04,27,00,01,50. ,15,00032
2211730,1,2016,05,05,01,10,53. ,11,00016
2211730,1,2016,05,13,02,43,56. ,10,00030
2211730,2,2016,05,16,21,23,56. ,24,00057
2211730,1,2016,06,10,21,08,28. ,07,00012
2211730,1,2016,06,12,07,55,33. ,13,00021
2211730,3,2016,06,27,07,57,35. ,25,00072
2211730,2,2016,07,17,13,25,06. ,16,00024
2211730,1,2016,07,20,07,26,41. ,10,00013
2211730,2,2016,07,30,06,26,24. ,18,00029
2211730,1,2016,08,15,03,49,40. ,12,00037
2211730,3,2016,08,15,16,04,58. ,30,00219
2211730,2,2016,08,19,21,08,22. ,23,00072
2211730,2,2016,08,20,18,03,21. ,17,00028
2211730,2,2016,08,21,00,59,50. ,20,00038
2211730,1,2016,08,21,01,12,28. ,08,00010
2211730,1,2016,08,22,08,14,50. ,07,00008
2211730,2,2016,08,22,15,11,44. ,16,00027
2211730,1,2016,08,22,18,36,41. ,07,00009
2211730,1,2016,08,26,02,08,09. ,07,00009
2211730,1,2016,08,31,05,05,48. ,09,00015
2211730,1,2016,09,07,13,29,40. ,08,00012
2211730,1,2016,09,09,20,54,02. ,13,00024
2211730,1,2016,09,11,12,22,34. ,10,00016
2211730,1,2016,09,21,01,24,37. ,07,00010
2211730,1,2016,09,23,09,16,15. ,11,00014
2211730,1,2016,09,29,20,58,13. ,09,00012
2211730,1,2016,10,14,19,21,46. ,09,00015
2211730,2,2016,10,16,16,37,28. ,21,00051
2211730,2,2016,10,20,11,50,40. ,16,00027
2211730,2,2016,11,02,07,38,04. ,16,00032
2211730,1,2016,11,10,07,21,23. ,10,00018
2211730,3,2016,11,12,06,43,21. ,27,00133
2211730,1,2016,11,21,07,00,36. ,13,00019
2211730,1,2016,11,21,11,47,33. ,10,00015
2211730,4,2016,11,22,06,00,06. ,43,00610
2211730,1,2016,11,22,06,03,43. ,11,00018
2211730,2,2016,11,22,06,10,50. ,17,00036
2211730,1,2016,11,22,06,28,53. ,11,00021
2211730,2,2016,11,22,06,40,10. ,23,00056
2211730,1,2016,11,22,06,43,08. ,14,00024
2211730,1,2016,11,22,06,51,26. ,14,00025
2211730,1,2016,11,22,08,23,47. ,08,00010
2211730,1,2016,11,22,08,40,24. ,12,00018
2211730,1,2016,11,22,10,31,57. ,14,00026
2211730,1,2016,11,22,10,38,31. ,13,00035
2211730,1,2016,11,22,12,06,31. ,07,00010
2211730,2,2016,11,22,23,04,16. ,23,00083
2211730,1,2016,11,23,18,37,07. ,06,00009
2211730,1,2016,11,23,23,20,35. ,05,00009
2211730,3,2016,11,24,06,23,57. ,29,00136
2211730,1,2016,11,25,01,56,36. ,06,00009
2211730,1,2016,11,27,21,50,45. ,10,00021
2211730,1,2016,12,02,08,03,52. ,09,00012
2211730,1,2016,12,04,08,35,11. ,11,00015
2211730,1,2016,12,04,14,33,38. ,10,00014
2211730,1,2016,12,04,14,36,41. ,14,00022
2211730,1,2016,12,04,20,43,03. ,07,00011
2211730,1,2016,12,05,05,44,01. ,06,00016
2211730,2,2016,12,08,17,16,15. ,18,00034
2211730,3,2016,12,20,01,41,33. ,28,00101
2211730,1,2016,12,24,02,25,47. ,14,00024
2211730,4,2016,12,28,21,39,15. ,36,00311
2211730,1,2016,12,28,21,53,53. ,09,00029
2211730,3,2016,12,31,05,08,42. ,26,00096
2211730,3,2017,01,05,00,44,31. ,26,00081
2211730,2,2017,01,05,02,53,49. ,19,00046
2211730,1,2017,01,26,17,07,50. ,14,00020
2211730,1,2017,02,03,23,16,00. ,14,00026
2211730,2,2017,02,11,06,05,56. ,23,00100
2211730,1,2017,02,12,22,38,15. ,09,00011
2211730,1,2017,02,19,15,02,22. ,12,00036
2211730,2,2017,02,19,18,20,35. ,18,00034
2211730,2,2017,02,27,00,03,51. ,21,00078
2211730,4,2017,02,28,16,49,15. ,40,00488
2211730,2,2017,03,01,15,43,18. ,16,00038
2211730,3,2017,03,12,04,58,02. ,26,00107
2211730,1,2017,03,13,09,48,35. ,05,00007
2211730,1,2017,03,22,09,21,31. ,08,00017
2211730,2,2017,04,09,07,20,28. ,20,00043
2211730,1,2017,04,20,02,16,04. ,14,00025
2211730,3,2017,07,07,21,48,47. ,27,00168
2211730,1,2017,07,12,10,54,59. ,08,00033
2211730,2,2017,07,15,12,02,50. ,19,00035
2211730,3,2017,07,20,09,11,41. ,27,00110
2211730,1,2017,07,24,00,37,24. ,09,00012
2211730,1,2017,07,30,21,46,32. ,08,00011
2211730,3,2017,08,02,02,02,29. ,25,00129
2211730,1,2017,08,10,09,37,47. ,07,00010
2211730,1,2017,08,26,04,21,02. ,12,00032
2211730,1,2017,08,27,11,26,44. ,10,00020
2211730,1,2017,09,08,22,24,13. ,09,00014
2211730,2,2017,09,20,05,18,34. ,20,00041
2211730,2,2017,09,21,01,38,07. ,23,00073
2211730,3,2017,09,27,05,23,03. ,32,00170
2211730,2,2017,09,28,16,11,55. ,15,00031
2211730,1,2017,10,01,10,25,43. ,10,00023
2211730,2,2017,10,06,17,00,34. ,17,00037
2211730,4,2017,10,06,23,56,58. ,41,00628
2211730,1,2017,10,12,15,13,25. ,13,00021
2211730,1,2017,10,22,01,26,23. ,08,00013
2211730,1,2017,11,03,21,38,43. ,14,00031
2211730,1,2017,11,11,01,38,51. ,14,00031
2211730,2,2017,11,13,07,25,34. ,15,00033
2211730,1,2017,11,17,10,03,15. ,14,00028
2211730,2,2017,12,16,02,59,37. ,18,00035
2211730,1,2017,12,19,06,55,00. ,08,00028
2211730,2,2018,01,24,19,52,56. ,22,00053
2211730,1,2018,01,24,22,56,00. ,12,00031
2211730,1,2018,01,27,03,11,27. ,11,00020
2211730,1,2018,02,24,11,44,23. ,06,00008
2211730,3,2018,02,26,01,28,57. ,30,00160
2211730,1,2018,02,28,07,57,59. ,11,00019
2211730,1,2018,03,23,06,33,03. ,12,00021
2211730,1,2018,03,25,23,39,40. ,07,00011
2211730,1,2018,03,30,08,18,16. ,14,00028
2211730,1,2018,04,04,16,37,34. ,09,00016
2211730,1,2018,04,12,22,38,10. ,10,00022
2211730,1,2018,04,21,18,48,33. ,09,00011
2211730,1,2018,05,07,05,01,32. ,12,00021
2211730,1,2018,05,10,19,57,43. ,06,00014
2211730,1,2018,05,13,01,50,09. ,12,00025
2211730,1,2018,05,14,19,32,43. ,08,00011
2211730,1,2018,05,17,12,13,37. ,11,00015
2211730,1,2018,05,25,21,14,55. ,07,00009
2211730,1,2018,05,26,23,02,00. ,11,00020
2211730,2,2018,07,07,20,25,09. ,16,00025
2211730,1,2018,07,12,17,39,57. ,09,00029
2211730,1,2018,07,17,04,34,55. ,09,00015
2211730,1,2018,07,19,20,52,33. ,12,00026
2211730,3,2018,07,31,17,42,37. ,28,00170
2211730,1,2018,08,08,00,14,03. ,13,00023
2211730,2,2018,08,08,18,07,36. ,18,00080
2211730,2,2018,08,11,06,11,43. ,19,00063
2211730,2,2018,09,05,05,12,01. ,19,00058
2211730,2,2018,09,06,03,10,40. ,20,00045
2211730,1,2018,09,11,04,27,49. ,08,00023
2211730,1,2018,09,14,14,36,05. ,12,00024
2211730,1,2018,09,19,01,22,27. ,06,00018
2211730,1,2018,10,09,04,52,31. ,12,00023
2211730,1,2018,10,12,13,16,55. ,10,00013
2211730,1,2018,10,21,05,14,04. ,09,00019
2211730,2,2018,10,26,03,36,28. ,22,00086
2211730,1,2018,10,27,20,40,35. ,09,00011
2211730,2,2018,11,23,23,30,31. ,20,00090
2211730,1,2018,11,27,08,34,49. ,12,00017
2211730,1,2018,11,28,11,25,32. ,09,00011
2211730,2,2018,12,08,10,54,33. ,19,00050
2211730,1,2018,12,14,17,05,20. ,07,00014
2211730,1,2018,12,31,23,10,51. ,10,00027
2211730,1,2019,01,06,17,34,46. ,12,00043
2211730,1,2019,01,13,21,15,12. ,12,00023
2211730,1,2019,01,18,21,47,23. ,12,00019
2211730,1,2019,01,19,05,05,42. ,05,00008
2211730,1,2019,01,26,17,24,23. ,12,00016
2211730,1,2019,02,24,09,33,52. ,08,00029
2211730,1,2019,03,02,12,25,34. ,10,00015
2211730,1,2019,03,07,04,26,35. ,12,00036
2211730,3,2019,03,11,02,11,31. ,25,00073
2211730,1,2019,03,11,02,25,15. ,10,00015
2211730,1,2019,04,05,19,00,16. ,09,00012
2211730,2,2019,04,11,17,19,48. ,17,00033
2211730,1,2019,04,23,02,47,20. ,09,00011
2211730,1,2019,04,25,21,00,32. ,07,00020
2211730,1,2019,05,05,04,52,30. ,07,00009
2211730,1,2019,05,13,19,00,11. ,08,00013
2211730,1,2019,05,18,10,18,40. ,10,00035
2211730,1,2019,06,04,13,43,07. ,12,00015
2211730,2,2019,06,17,08,00,50. ,19,00062
2211730,4,2019,06,18,22,22,45. ,37,00311
2211730,1,2019,07,05,20,26,53. ,08,00015
2211730,1,2019,07,17,18,00,59. ,12,00038
2211730,1,2019,07,25,07,16,01. ,06,00007
2211730,4,2019,07,28,03,33,39. ,36,00253
2211730,2,2019,07,30,05,39,53. ,19,00033
2211730,4,2019,08,04,19,23,17. ,42,00741
2211730,1,2019,08,15,14,34,17. ,13,00017
2211730,2,2019,08,24,13,53,12. ,23,00078
2211730,1,2019,08,29,08,48,33. ,11,00016
2211730,1,2019,09,12,01,45,13. ,14,00021
2211730,1,2019,10,12,18,23,24. ,07,00012
2211730,1,2019,11,03,14,03,13. ,14,00044
2211730,2,2019,11,29,13,02,45. ,19,00039
2211730,1,2019,12,04,10,39,30. ,13,00031
2211730,1,2019,12,05,22,35,55. ,07,00015
2211730,1,2019,12,07,12,34,19. ,12,00027
2211730,2,2019,12,11,18,39,24. ,24,00118
2211730,2,2019,12,19,15,22,52. ,17,00036
2211730,1,2019,12,26,18,27,11. ,09,00017
2211730,3,2020,01,03,03,24,48. ,25,00082
2211730,1,2020,01,08,11,58,35. ,07,00013
2211730,1,2020,01,14,04,55,02. ,09,00013
2211730,1,2020,01,14,13,26,42. ,09,00017
2211730,1,2020,01,24,12,45,14. ,08,00012
2211730,1,2020,02,01,02,08,47. ,14,00023
2211730,2,2020,02,06,20,20,47. ,19,00037
2211730,3,2020,02,12,19,37,37. ,34,00242
2211730,2,2020,02,13,19,37,42. ,18,00034
2211730,1,2020,03,01,09,09,17. ,06,00014
2211730,1,2020,03,31,20,24,49. ,08,00013
2211730,1,2020,04,12,00,45,34. ,11,00020
2211730,1,2020,04,16,11,18,38. ,07,00017
2211730,2,2020,04,18,17,30,02. ,23,00056
2211730,3,2020,04,20,05,39,40. ,26,00091
2211730,1,2020,05,04,22,09,00. ,10,00014
2211730,1,2020,05,06,10,16,27. ,06,00030
2211730,2,2020,05,11,08,59,19. ,19,00042
2211730,2,2020,05,18,12,00,56. ,24,00091
2211730,3,2020,05,19,12,17,26. ,32,00258
2211730,2,2020,06,01,06,03,02. ,16,00044
2211730,1,2020,06,04,05,32,05. ,08,00014
2211730,1,2020,06,16,01,55,30. ,14,00054
2211730,2,2020,06,25,04,48,31. ,21,00050
2211730,2,2020,07,03,14,13,10. ,17,00061
2211730,1,2020,07,17,13,50,00. ,12,00033
2211730,2,2020,08,06,02,54,54. ,23,00062
2211730,1,2020,08,06,12,07,35. ,10,00014
2211730,1,2020,08,07,00,37,16. ,06,00011
2211730,1,2020,09,04,06,45,53. ,14,00023
2211730,2,2020,09,07,06,34,28. ,17,00036
2211730,3,2020,09,12,11,44,35. ,32,00180
2211730,1,2020,09,12,11,51,28. ,09,00015
2211730,1,2020,10,05,11,33,14. ,05,00021
2211730,1,2020,10,06,15,28,28. ,07,00013
2211730,1,2020,11,06,17,58,35. ,12,00018
2211730,3,2020,11,22,19,06,24. ,27,00096
2211730,2,2020,12,01,07,58,53. ,15,00021
2211730,1,2020,12,12,16,20,12. ,11,00017
2211730,3,2020,12,21,02,24,39. ,27,00094
2211730,1,2020,12,29,04,26,15. ,07,00009
2211730,2,2020,12,30,09,36,11. ,15,00029
