station,intensity,year,month,day,hour,minute,intensity_equip,acceleration_max_comb
2121530,2,2002,04,04,08,43,17,00057
2121530,2,2002,04,11,21,04,17,00049
2121530,2,2002,05,06,17,12,21,00071
2121530,3,2002,05,12,10,29,29,00211
2121530,2,2002,08,12,06,56,21,00071
2121530,2,2002,08,17,22,27,16,00056
2121530,1,2002,08,23,11,19,10,00028
2121530,2,2002,10,11,10,05,15,00030
2121530,2,2002,10,12,20,00,24,00087
2121530,3,2002,10,14,23,13,26,00142
2121530,3,2002,11,03,12,38,34,00299
2121530,1,2002,11,04,04,15,11,00021
2121530,2,2002,11,17,13,57,22,00072
2121530,2,2002,12,01,18,58,18,00060
2121530,1,2002,12,02,08,03,09,00021
2121530,2,2002,12,05,00,51,17,00055
2121530,2,2002,12,05,00,53,18,00052
2121530,1,2002,12,18,00,49,09,00026
2121530,1,2002,12,19,21,20,09,00018
2121530,2,2003,01,06,13,43,17,00044
2121530,1,2003,02,16,12,04,13,00027
2121530,3,2003,02,19,14,03,25,00096
2121530,4,2003,03,03,07,47,36,00330
2121530,1,2003,03,27,10,11,13,00035
2121530,2,2003,04,17,03,00,23,00093
2121530,1,2003,04,29,10,05,10,00026
2121530,1,2003,04,29,22,56,14,00034
2121530,1,2003,05,23,03,33,08,00024
2121530,B,2003,05,26,18,24,54,02900
2121530,1,2003,05,26,18,30,09,00024
2121530,2,2003,05,26,18,40,15,00069
2121530,1,2003,05,26,18,43,08,00030
2121530,2,2003,05,26,19,10,17,00049
2121530,2,2003,05,26,22,34,20,00084
2121530,1,2003,05,26,23,48,08,00025
2121530,3,2003,05,27,00,44,25,00161
2121530,1,2003,05,27,10,47,09,00027
2121530,1,2003,05,28,06,24,12,00036
2121530,2,2003,05,31,18,42,16,00061
2121530,1,2003,06,01,05,39,08,00025
2121530,2,2003,06,10,16,24,21,00089
2121530,2,2003,06,28,20,19,16,00068
2121530,1,2003,07,14,07,31,07,00022
2121530,1,2003,07,17,16,47,09,00017
2121530,2,2003,07,18,12,33,16,00066
2121530,1,2003,07,21,19,04,08,00021
2121530,3,2003,07,26,00,13,32,00308
2121530,4,2003,07,26,07,13,41,00682
2121530,1,2003,07,26,07,15,12,00029
2121530,1,2003,07,26,07,52,13,00058
2121530,2,2003,07,26,10,23,20,00065
2121530,3,2003,07,26,16,57,29,00179
2121530,1,2003,07,27,13,21,08,00020
2121530,2,2003,07,27,15,27,15,00040
2121530,2,2003,07,28,04,08,23,00096
2121530,1,2003,08,08,09,52,11,00032
2121530,1,2003,08,12,09,28,08,00026
2121530,2,2003,08,22,22,45,15,00057
2121530,1,2003,08,30,19,08,10,00019
2121530,1,2003,09,20,12,57,12,00019
2121530,4,2003,09,26,04,52,37,00356
2121530,4,2003,09,26,06,09,35,00297
2121530,1,2003,09,28,07,24,11,00018
2121530,2,2003,09,29,11,38,17,00034
2121530,2,2003,10,04,08,12,15,00054
2121530,1,2003,10,08,18,08,13,00026
2121530,1,2003,10,23,14,01,14,00037
2121530,1,2003,10,29,06,51,12,00024
2121530,3,2003,10,31,10,07,33,00239
2121530,2,2003,10,31,23,16,19,00047
2121530,1,2003,11,01,09,28,11,00020
2121530,2,2003,11,01,22,11,19,00038
2121530,1,2003,11,02,09,36,08,00022
2121530,2,2003,11,02,11,59,19,00043
2121530,2,2003,11,12,17,29,18,00035
2121530,2,2003,11,15,03,45,19,00059
2121530,1,2003,11,16,16,45,12,00022
2121530,1,2003,12,08,16,21,13,00034
2121530,1,2003,12,18,18,27,09,00044
2121530,1,2003,12,22,17,48,12,00022
2121530,1,2004,01,23,18,02,11,00024
2121530,1,2004,01,26,17,46,08,00035
2121530,3,2004,02,04,15,08,34,00331
2121530,1,2004,02,27,11,50,14,00053
2121530,1,2004,02,29,05,33,08,00030
2121530,1,2004,03,10,05,15,10,00029
2121530,2,2004,04,04,08,03,17,00041
2121530,1,2004,04,12,03,08,08,00017
2121530,1,2004,04,23,07,17,11,00034
2121530,2,2004,05,29,12,47,23,00081
2121530,2,2004,06,12,02,06,17,00061
2121530,2,2004,06,13,14,57,15,00037
2121530,1,2004,07,03,04,00,10,00017
2121530,1,2004,07,04,03,44,14,00037
2121530,1,2004,07,09,19,54,08,00036
2121530,2,2004,07,21,09,12,16,00035
2121530,1,2004,07,21,09,39,12,00025
2121530,3,2004,08,10,15,13,34,00258
2121530,2,2004,11,02,22,05,20,00075
2121530,1,2004,11,04,23,05,09,00017
2121530,1,2004,11,05,13,46,11,00036
2121530,1,2004,11,11,19,04,08,00020
2121530,1,2004,11,19,17,41,13,00035
2121530,3,2004,11,29,03,34,25,00089
2121530,1,2004,12,01,10,33,09,00029
2121530,2,2004,12,06,23,17,22,00057
2121530,1,2004,12,19,19,17,09,00019
2121530,2,2004,12,29,22,59,18,00062
2121530,2,2004,12,30,22,30,20,00088
2121530,1,2004,12,31,17,30,09,00031
2121530,1,2005,01,06,22,01,14,00034
2121530,2,2005,01,18,23,11,19,00052
2121530,1,2005,02,02,16,43,12,00034
2121530,3,2005,02,26,21,38,29,00168
2121530,1,2005,03,30,04,13,07,00023
2121530,1,2005,04,04,02,58,11,00018
2121530,1,2005,05,11,08,52,10,00020
2121530,3,2005,05,21,07,01,31,00188
2121530,1,2005,05,27,17,08,14,00028
2121530,3,2005,07,02,09,32,27,00135
2121530,1,2005,07,06,05,11,14,00031
2121530,2,2005,07,23,16,36,17,00042
2121530,1,2005,07,30,17,50,12,00032
2121530,1,2005,08,08,00,08,14,00027
2121530,A,2005,08,16,11,46,47,01303
2121530,3,2005,08,24,19,16,27,00121
2121530,1,2005,08,31,02,49,09,00019
2121530,3,2005,08,31,03,11,25,00097
2121530,1,2005,09,11,18,47,08,00028
2121530,1,2005,09,12,04,29,11,00026
2121530,2,2005,09,21,11,27,16,00039
2121530,2,2005,09,28,20,20,18,00052
2121530,1,2005,10,09,18,14,14,00052
2121530,1,2005,10,12,13,31,09,00023
2121530,1,2005,10,18,03,49,12,00026
2121530,2,2005,10,19,20,46,23,00070
2121530,2,2005,10,22,22,13,21,00071
2121530,2,2005,10,24,18,35,15,00042
2121530,1,2005,11,01,06,52,08,00047
2121530,2,2005,11,13,09,26,18,00072
2121530,3,2005,11,15,06,39,28,00155
2121530,3,2005,12,02,22,13,31,00176
2121530,2,2005,12,05,03,03,18,00050
2121530,2,2005,12,05,07,21,21,00056
2121530,1,2005,12,07,13,19,13,00026
2121530,2,2005,12,08,13,06,17,00052
2121530,3,2005,12,17,03,32,31,/////
2121530,1,2005,12,21,07,59,09,00018
2121530,1,2005,12,29,20,23,07,00019
2121530,3,2006,01,18,23,26,25,00092
2121530,1,2006,02,01,04,24,07,00020
2121530,2,2006,02,03,13,39,19,00041
2121530,2,2006,03,12,07,07,18,00100
2121530,1,2006,04,02,16,23,12,00030
2121530,2,2006,04,22,23,36,19,00081
2121530,1,2006,06,17,02,11,14,00023
2121530,2,2006,06,17,05,20,16,00028
2121530,2,2006,06,17,13,52,15,00057
2121530,1,2006,06,22,19,56,10,00019
2121530,2,2006,07,06,02,09,19,00072
2121530,1,2006,08,17,12,45,11,00040
2121530,1,2006,09,09,19,36,14,00049
2121530,2,2006,10,02,02,08,22,00083
2121530,2,2006,10,11,08,59,17,00028
2121530,1,2006,11,06,06,57,13,00049
2121530,1,2006,11,22,20,17,12,00029
2121530,1,2006,12,28,09,25,08,00026
2121530,3,2007,01,13,13,29,25,00087
2121530,1,2007,01,16,21,53,14,00033
2121530,2,2007,02,17,09,04,15,00024
2121530,1,2007,03,04,05,02,11,00024
2121530,1,2007,03,08,14,07,09,00015
2121530,1,2007,03,11,16,12,08,00018
2121530,2,2007,03,25,09,44,16,00029
2121530,2,2007,03,31,22,32,24,00132
2121530,1,2007,04,05,20,40,06,00016
2121530,1,2007,04,10,10,22,05,00022
2121530,1,2007,04,10,10,24,08,00027
2121530,1,2007,04,19,00,08,13,00024
2121530,1,2007,04,27,01,39,08,00017
2121530,2,2007,05,19,01,01,18,00050
2121530,1,2007,06,16,05,29,09,00022
2121530,2,2007,07,01,13,14,18,00050
2121530,2,2007,07,16,10,14,21,00057
2121530,1,2007,07,16,15,39,10,00022
2121530,3,2007,07,16,23,20,25,00088
2121530,1,2007,08,22,16,27,13,00028
2121530,1,2007,08,25,21,57,14,00039
2121530,1,2007,09,04,01,18,11,00018
2121530,1,2007,10,09,02,13,10,00017
2121530,1,2007,10,20,19,06,10,00028
2121530,1,2007,11,07,20,06,07,00021
2121530,1,2007,11,19,15,00,06,00033
2121530,3,2007,11,26,22,52,26,00122
2121530,1,2007,11,27,19,41,09,00020
2121530,2,2007,12,25,23,05,23,00087
2121530,1,2007,12,26,08,39,14,00045
2121530,2,2008,01,11,08,00,18,00073
2121530,1,2008,03,23,15,54,10,00031
2121530,1,2008,03,24,12,41,11,00023
2121530,2,2008,03,29,08,03,19,00071
2121530,1,2008,04,11,05,33,10,00034
2121530,3,2008,04,17,04,20,29,00220
2121530,2,2008,04,29,14,27,20,00064
2121530,1,2008,05,02,14,42,13,00024
2121530,2,2008,05,08,01,03,20,00053
2121530,1,2008,05,08,01,05,14,00028
2121530,3,2008,05,08,01,46,29,00149
2121530,2,2008,05,31,23,29,19,00063
2121530,1,2008,06,02,00,59,12,00025
2121530,4,2008,06,14,08,43,44,01187
2121530,2,2008,06,14,08,46,17,00048
2121530,1,2008,06,14,08,49,10,00035
2121530,1,2008,06,14,08,57,13,00029
2121530,1,2008,06,14,09,00,13,00056
2121530,2,2008,06,14,09,20,19,00059
2121530,1,2008,06,14,09,53,12,00045
2121530,2,2008,06,14,10,00,19,00087
2121530,1,2008,06,14,10,40,11,00034
2121530,1,2008,06,14,11,35,11,00046
2121530,1,2008,06,14,12,10,11,00029
2121530,2,2008,06,14,12,27,17,00052
2121530,2,2008,06,14,14,39,15,00059
2121530,1,2008,06,14,17,34,07,00021
2121530,1,2008,06,14,21,48,11,00036
2121530,1,2008,06,14,23,42,14,00055
2121530,1,2008,06,15,02,25,13,00064
2121530,1,2008,06,15,03,29,09,00036
2121530,1,2008,06,15,03,47,09,00027
2121530,1,2008,06,15,12,30,14,00046
2121530,2,2008,06,16,23,14,23,00122
2121530,1,2008,06,17,04,05,12,00044
2121530,1,2008,06,17,21,31,08,00035
2121530,1,2008,06,18,16,55,10,00044
2121530,1,2008,06,18,18,04,12,00038
2121530,1,2008,07,05,11,15,12,00020
2121530,1,2008,07,05,16,50,10,00020
2121530,1,2008,07,12,08,06,11,00045
2121530,3,2008,07,19,11,40,34,00246
2121530,1,2008,07,21,18,02,13,00025
2121530,3,2008,07,21,20,31,27,00111
2121530,2,2008,07,22,17,47,21,00053
2121530,A,2008,07,24,00,26,48,01481
2121530,2,2008,07,24,11,28,16,00056
2121530,1,2008,07,29,16,36,10,00031
2121530,1,2008,08,06,22,16,08,00032
2121530,1,2008,08,09,00,54,12,00027
2121530,1,2008,08,16,17,21,08,00019
2121530,3,2008,09,11,09,22,25,00069
2121530,2,2008,09,22,16,33,18,00041
2121530,1,2008,09,24,08,44,14,00040
2121530,2,2008,09,27,01,54,17,00039
2121530,2,2008,10,30,00,49,22,00126
2121530,2,2008,12,04,08,17,24,00077
2121530,2,2008,12,04,12,11,20,00053
2121530,2,2008,12,06,05,04,15,00034
2121530,1,2008,12,07,07,32,12,00032
2121530,1,2008,12,15,05,30,13,00024
2121530,2,2008,12,18,15,48,23,00078
2121530,2,2008,12,20,19,30,19,00038
2121530,2,2008,12,21,18,18,15,00028
2121530,1,2009,01,16,02,54,14,00026
2121530,2,2009,02,01,06,53,21,00063
2121530,1,2009,02,01,18,33,12,00024
2121530,3,2009,02,15,18,24,28,00144
2121530,1,2009,02,17,09,14,09,00022
2121530,1,2009,02,28,09,37,12,00025
2121530,1,2009,04,21,18,59,14,00030
2121530,2,2009,04,25,22,55,24,00109
2121530,2,2009,06,05,12,31,20,00044
2121530,1,2009,06,09,11,08,12,00030
2121530,2,2009,06,20,11,53,19,00063
2121530,3,2009,06,23,16,37,29,00174
2121530,1,2009,06,27,20,42,08,00024
2121530,1,2009,08,01,18,46,12,00023
2121530,2,2009,08,09,19,58,22,00065
2121530,1,2009,08,10,03,27,09,00033
2121530,2,2009,08,13,07,51,15,00036
2121530,1,2009,08,24,14,27,13,00026
2121530,1,2009,10,10,17,43,12,00025
2121530,1,2009,10,18,23,13,14,00033
2121530,1,2009,10,23,10,29,11,00023
2121530,1,2009,12,02,15,15,10,00023
2121530,1,2009,12,19,04,31,11,00027
2121530,1,2010,01,17,15,05,14,00029
2121530,1,2010,02,01,07,40,06,00023
2121530,1,2010,02,04,21,24,11,00028
2121530,2,2010,03,01,07,08,20,00072
2121530,2,2010,03,13,21,47,23,00096
2121530,4,2010,03,14,17,08,35,00325
2121530,2,2010,04,26,06,23,21,00071
2121530,1,2010,06,01,13,50,10,00023
2121530,3,2010,06,13,12,33,30,00212
2121530,1,2010,06,19,19,01,10,00020
2121530,1,2010,06,28,06,04,14,00036
2121530,1,2010,06,29,07,24,09,00033
2121530,2,2010,07,04,04,33,19,00075
2121530,4,2010,07,05,06,56,35,00313
2121530,1,2010,07,17,19,01,05,00021
2121530,3,2010,07,27,08,31,26,00129
2121530,1,2010,08,31,11,31,10,00024
2121530,1,2010,09,01,16,33,13,00027
2121530,3,2010,09,13,14,48,26,00131
2121530,1,2010,09,28,01,15,12,00026
2121530,1,2010,09,29,03,36,11,00039
2121530,1,2010,10,14,23,00,13,00025
2121530,1,2010,10,16,06,15,12,00031
2121530,1,2010,10,25,06,10,08,00027
2121530,1,2010,11,25,05,05,08,00023
2121530,2,2010,11,30,12,29,18,00036
2121530,2,2010,12,06,16,31,19,00048
2121530,2,2010,12,22,02,25,15,00025
2121530,2,2011,02,10,22,04,17,00046
2121530,1,2011,02,13,06,26,05,00034
2121530,4,2011,03,09,11,45,41,00889
2121530,2,2011,03,09,11,58,21,00061
2121530,2,2011,03,09,11,59,23,00067
2121530,1,2011,03,09,12,09,14,00030
2121530,2,2011,03,09,13,06,16,00038
2121530,2,2011,03,09,13,37,23,00084
2121530,2,2011,03,09,13,46,16,00036
2121530,1,2011,03,09,17,03,14,00043
2121530,1,2011,03,09,20,28,11,00026
2121530,3,2011,03,10,03,16,26,00167
2121530,2,2011,03,10,03,45,20,00049
2121530,3,2011,03,10,06,25,31,00198
2121530,1,2011,03,10,08,38,13,00027
2121530,2,2011,03,10,17,09,15,00030
2121530,C,2011,03,11,14,47,57,05169
2121530,4,2011,03,11,14,53,35,00254
2121530,3,2011,03,11,14,58,32,00424
2121530,2,2011,03,11,15,04,22,00121
2121530,2,2011,03,11,15,05,17,00052
2121530,A,2011,03,11,15,06,48,02557
2121530,A,2011,03,11,15,09,47,01387
2121530,3,2011,03,11,15,14,30,00177
2121530,3,2011,03,11,15,17,33,00256
2121530,2,2011,03,11,15,21,23,00080
2121530,3,2011,03,11,15,22,26,00118
2121530,4,2011,03,11,15,23,37,00695
2121530,4,2011,03,11,15,27,40,00762
2121530,2,2011,03,11,15,30,24,00098
2121530,2,2011,03,11,15,32,18,00053
2121530,2,2011,03,11,15,34,19,00073
2121530,2,2011,03,11,15,35,17,00079
2121530,1,2011,03,11,15,36,13,00048
2121530,1,2011,03,11,15,37,14,00033
2121530,2,2011,03,11,15,38,20,00072
2121530,3,2011,03,11,15,41,28,00271
2121530,1,2011,03,11,15,43,14,00031
2121530,2,2011,03,11,15,44,22,00150
2121530,2,2011,03,11,15,46,24,00148
2121530,2,2011,03,11,15,48,23,00169
2121530,2,2011,03,11,15,49,24,00101
2121530,3,2011,03,11,15,50,29,00221
2121530,2,2011,03,11,15,53,17,00068
2121530,1,2011,03,11,15,55,12,00046
2121530,2,2011,03,11,15,56,20,00145
2121530,2,2011,03,11,15,59,15,00025
2121530,2,2011,03,11,16,00,18,00072
2121530,1,2011,03,11,16,02,12,00040
2121530,2,2011,03,11,16,04,21,00083
2121530,4,2011,03,11,16,05,38,00753
2121530,3,2011,03,11,16,06,29,00281
2121530,2,2011,03,11,16,11,23,00057
2121530,3,2011,03,11,16,16,26,00119
2121530,2,2011,03,11,16,19,19,00051
2121530,3,2011,03,11,16,26,32,00341
2121530,4,2011,03,11,16,29,44,02017
2121530,2,2011,03,11,16,32,24,00193
2121530,2,2011,03,11,16,34,23,00177
2121530,2,2011,03,11,16,35,18,00055
2121530,2,2011,03,11,16,37,22,00176
2121530,2,2011,03,11,16,38,19,00070
2121530,3,2011,03,11,16,39,33,00425
2121530,2,2011,03,11,16,40,17,00066
2121530,2,2011,03,11,16,41,19,00142
2121530,1,2011,03,11,16,43,09,00031
2121530,1,2011,03,11,16,45,11,00042
2121530,1,2011,03,11,16,48,14,00032
2121530,2,2011,03,11,16,54,20,00111
2121530,3,2011,03,11,16,55,28,00250
2121530,2,2011,03,11,16,57,22,00060
2121530,2,2011,03,11,17,04,17,00070
2121530,2,2011,03,11,17,06,22,00086
2121530,2,2011,03,11,17,11,16,00075
2121530,2,2011,03,11,17,13,24,00090
2121530,1,2011,03,11,17,17,13,00042
2121530,1,2011,03,11,17,18,10,00038
2121530,2,2011,03,11,21,13,23,00084
2121530,4,2011,03,11,21,16,35,00576
2121530,2,2011,03,11,21,22,22,00131
2121530,2,2011,03,11,21,34,18,00057
2121530,3,2011,03,11,21,55,27,00175
2121530,1,2011,03,11,22,00,12,00045
2121530,2,2011,03,11,22,08,16,00067
2121530,2,2011,03,11,22,56,18,00070
2121530,1,2011,03,11,23,08,14,00070
2121530,2,2011,03,11,23,11,16,00046
2121530,1,2011,03,11,23,21,08,00038
2121530,1,2011,03,11,23,29,12,00053
2121530,1,2011,03,11,23,39,13,00049
2121530,1,2011,03,11,23,43,10,00031
2121530,2,2011,03,12,00,02,22,00142
2121530,1,2011,03,12,00,11,08,00038
2121530,2,2011,03,12,00,15,16,00030
2121530,2,2011,03,12,00,21,16,00029
2121530,1,2011,03,12,00,37,13,00037
2121530,1,2011,03,12,00,45,14,00048
2121530,1,2011,03,12,01,05,14,00064
2121530,1,2011,03,12,01,37,06,00027
2121530,1,2011,03,12,01,43,14,00052
2121530,1,2011,03,12,01,57,11,00041
2121530,3,2011,03,12,02,15,25,00171
2121530,2,2011,03,12,03,12,16,00037
2121530,1,2011,03,12,03,34,07,00032
2121530,1,2011,03,12,03,45,12,00034
2121530,4,2011,03,12,04,03,38,00507
2121530,1,2011,03,12,04,46,13,00040
2121530,3,2011,03,12,04,47,32,00209
2121530,3,2011,03,12,05,11,29,00307
2121530,1,2011,03,12,05,23,11,00033
2121530,2,2011,03,12,05,27,15,00053
2121530,1,2011,03,12,05,29,11,00044
2121530,1,2011,03,12,05,46,12,00044
2121530,1,2011,03,12,05,47,12,00040
2121530,3,2011,03,12,06,01,27,00199
2121530,1,2011,03,12,06,30,12,00049
2121530,2,2011,03,12,07,43,20,00108
2121530,2,2011,03,12,07,52,16,00054
2121530,2,2011,03,12,08,05,18,00097
2121530,1,2011,03,12,08,22,11,00038
2121530,2,2011,03,12,08,27,17,00064
2121530,1,2011,03,12,08,53,10,00035
2121530,2,2011,03,12,08,54,20,00101
2121530,1,2011,03,12,08,55,12,00033
2121530,1,2011,03,12,09,10,11,00044
2121530,1,2011,03,12,09,26,10,00027
2121530,1,2011,03,12,09,41,14,00042
2121530,1,2011,03,12,10,04,13,00050
2121530,2,2011,03,12,10,34,24,00138
2121530,3,2011,03,12,10,48,26,00119
2121530,1,2011,03,12,11,08,08,00122
2121530,2,2011,03,12,11,15,19,00087
2121530,1,2011,03,12,11,30,06,00034
2121530,2,2011,03,12,11,43,16,00076
2121530,2,2011,03,12,11,48,16,00048
2121530,3,2011,03,12,12,02,32,00242
2121530,1,2011,03,12,12,07,11,00078
2121530,3,2011,03,12,13,06,28,00220
2121530,2,2011,03,12,13,54,15,00038
2121530,3,2011,03,12,15,19,32,00411
2121530,2,2011,03,12,15,23,19,00097
2121530,2,2011,03,12,15,29,15,00058
2121530,1,2011,03,12,15,37,11,00025
2121530,1,2011,03,12,15,49,12,00065
2121530,2,2011,03,12,16,08,18,00080
2121530,2,2011,03,12,17,45,15,00092
2121530,2,2011,03,12,18,03,19,00108
2121530,2,2011,03,12,18,40,17,00087
2121530,2,2011,03,12,18,41,20,00090
2121530,2,2011,03,12,18,48,16,00059
2121530,4,2011,03,12,19,53,40,00887
2121530,2,2011,03,12,20,05,17,00076
2121530,1,2011,03,12,20,20,11,00047
2121530,2,2011,03,12,21,02,16,00110
2121530,2,2011,03,12,21,16,17,00071
2121530,2,2011,03,12,21,52,15,00049
2121530,2,2011,03,12,21,54,19,00079
2121530,3,2011,03,12,22,16,32,00244
2121530,2,2011,03,12,22,24,18,00095
2121530,2,2011,03,12,22,27,21,00123
2121530,3,2011,03,12,23,04,26,00174
2121530,2,2011,03,12,23,22,20,00095
2121530,4,2011,03,12,23,43,35,00597
2121530,1,2011,03,12,23,57,07,00033
2121530,1,2011,03,13,02,05,10,00031
2121530,1,2011,03,13,02,41,13,00055
2121530,3,2011,03,13,06,48,26,00191
2121530,3,2011,03,13,06,58,25,00195
2121530,2,2011,03,13,07,10,17,00077
2121530,3,2011,03,13,07,13,25,00131
2121530,1,2011,03,13,07,27,12,00053
2121530,3,2011,03,13,07,31,29,00218
2121530,1,2011,03,13,07,34,10,00047
2121530,1,2011,03,13,07,37,13,00054
2121530,1,2011,03,13,07,46,06,00051
2121530,2,2011,03,13,08,21,21,00092
2121530,3,2011,03,13,08,25,30,00247
2121530,1,2011,03,13,09,44,10,00030
2121530,1,2011,03,13,13,03,11,00031
2121530,2,2011,03,13,13,24,15,00043
2121530,1,2011,03,13,14,22,09,00081
2121530,2,2011,03,13,14,48,22,00137
2121530,2,2011,03,13,14,55,21,00106
2121530,1,2011,03,13,15,19,11,00035
2121530,1,2011,03,13,16,38,12,00041
2121530,2,2011,03,13,16,57,24,00077
2121530,3,2011,03,13,18,25,26,00140
2121530,2,2011,03,13,18,52,23,00160
2121530,1,2011,03,13,20,20,12,00051
2121530,1,2011,03,13,20,28,12,00045
2121530,2,2011,03,13,20,38,23,00101
2121530,2,2011,03,13,22,44,17,00118
2121530,1,2011,03,13,23,32,13,00045
2121530,1,2011,03,13,23,44,14,00059
2121530,1,2011,03,14,00,26,08,00035
2121530,2,2011,03,14,00,27,18,00101
2121530,1,2011,03,14,00,45,14,00063
2121530,1,2011,03,14,01,16,14,00053
2121530,2,2011,03,14,02,41,18,00047
2121530,2,2011,03,14,03,46,15,00062
2121530,2,2011,03,14,06,53,16,00070
2121530,1,2011,03,14,07,13,14,00059
2121530,1,2011,03,14,07,19,06,00031
2121530,1,2011,03,14,07,36,11,00051
2121530,1,2011,03,14,10,04,12,00023
2121530,1,2011,03,14,12,02,07,00029
2121530,1,2011,03,14,12,10,08,00034
2121530,3,2011,03,14,15,13,29,00214
2121530,2,2011,03,14,15,19,15,00037
2121530,3,2011,03,14,15,44,28,00299
2121530,2,2011,03,14,15,48,16,00040
2121530,1,2011,03,14,15,53,13,00041
2121530,1,2011,03,14,17,24,12,00033
2121530,1,2011,03,14,18,39,11,00057
2121530,2,2011,03,14,19,29,16,00051
2121530,2,2011,03,14,19,35,22,00118
2121530,1,2011,03,14,23,51,13,00046
2121530,2,2011,03,15,03,01,18,00035
2121530,1,2011,03,15,03,54,08,00031
2121530,2,2011,03,15,04,29,21,00135
2121530,1,2011,03,15,04,30,12,00043
2121530,2,2011,03,15,04,34,19,00083
2121530,1,2011,03,15,07,23,09,00107
2121530,1,2011,03,15,10,36,08,00030
2121530,1,2011,03,15,12,18,09,00030
2121530,1,2011,03,15,13,56,14,00059
2121530,1,2011,03,15,15,21,09,00029
2121530,2,2011,03,15,16,09,16,00059
2121530,1,2011,03,15,17,57,13,00043
2121530,2,2011,03,15,18,51,23,00064
2121530,1,2011,03,15,21,33,11,00041
2121530,3,2011,03,15,22,28,28,00149
2121530,2,2011,03,15,22,38,16,00063
2121530,2,2011,03,15,23,41,15,00064
2121530,2,2011,03,16,00,24,23,00121
2121530,3,2011,03,16,04,02,26,00192
2121530,2,2011,03,16,04,54,15,00049
2121530,1,2011,03,16,05,04,07,00027
2121530,2,2011,03,16,05,45,15,00065
2121530,1,2011,03,16,11,49,12,00050
2121530,2,2011,03,16,12,54,15,00028
2121530,2,2011,03,16,13,15,15,00056
2121530,3,2011,03,16,15,29,27,00189
2121530,2,2011,03,16,17,18,15,00067
2121530,1,2011,03,16,19,27,09,00040
2121530,2,2011,03,16,23,46,24,00162
2121530,1,2011,03,17,03,37,11,00039
2121530,1,2011,03,17,04,36,09,00030
2121530,1,2011,03,17,08,04,08,00027
2121530,3,2011,03,17,08,38,27,00259
2121530,1,2011,03,17,11,49,14,00055
2121530,1,2011,03,17,11,51,14,00045
2121530,3,2011,03,17,13,14,30,00283
2121530,1,2011,03,17,15,25,14,00054
2121530,2,2011,03,17,17,45,15,00051
2121530,2,2011,03,17,18,00,17,00106
2121530,2,2011,03,17,18,06,17,00083
2121530,2,2011,03,17,21,56,24,00111
2121530,2,2011,03,18,00,01,15,00070
2121530,1,2011,03,18,03,57,11,00025
2121530,2,2011,03,18,04,03,15,00060
2121530,2,2011,03,18,06,24,22,00150
2121530,1,2011,03,18,11,49,12,00033
2121530,1,2011,03,18,11,55,08,00032
2121530,1,2011,03,18,16,31,14,00056
2121530,2,2011,03,18,21,17,20,00117
2121530,1,2011,03,18,21,21,10,00034
2121530,1,2011,03,19,01,24,09,00035
2121530,2,2011,03,19,03,33,18,00086
2121530,2,2011,03,19,04,54,16,00055
2121530,2,2011,03,19,08,08,16,00066
2121530,1,2011,03,19,08,29,08,00055
2121530,3,2011,03,19,08,33,32,00384
2121530,1,2011,03,19,11,56,10,00028
2121530,1,2011,03,19,17,03,11,00067
2121530,2,2011,03,19,18,58,22,00060
2121530,1,2011,03,20,02,04,12,00050
2121530,1,2011,03,20,03,11,12,00052
2121530,2,2011,03,20,08,37,17,00071
2121530,1,2011,03,20,10,01,10,00038
2121530,1,2011,03,20,10,06,09,00047
2121530,2,2011,03,20,10,10,24,00129
2121530,2,2011,03,20,10,31,21,00076
2121530,1,2011,03,20,13,03,09,00038
2121530,2,2011,03,20,14,56,18,00080
2121530,3,2011,03,20,21,04,29,00240
2121530,1,2011,03,20,21,40,08,00033
2121530,1,2011,03,20,21,44,09,00025
2121530,1,2011,03,21,01,06,14,00038
2121530,1,2011,03,21,02,42,08,00046
2121530,1,2011,03,21,03,44,08,00038
2121530,1,2011,03,21,17,10,10,00039
2121530,1,2011,03,22,01,48,11,00032
2121530,2,2011,03,22,04,29,15,00076
2121530,1,2011,03,22,11,12,12,00035
2121530,1,2011,03,22,11,54,13,00078
2121530,1,2011,03,22,14,10,08,00050
2121530,2,2011,03,22,16,20,20,00092
2121530,3,2011,03,22,18,19,27,00127
2121530,2,2011,03,22,18,45,23,00067
2121530,1,2011,03,22,19,19,12,00046
2121530,1,2011,03,22,19,24,08,00027
2121530,2,2011,03,22,20,22,18,00046
2121530,2,2011,03,22,21,05,15,00030
2121530,2,2011,03,23,00,49,24,00177
2121530,2,2011,03,23,00,59,19,00086
2121530,2,2011,03,23,07,13,19,00061
2121530,1,2011,03,23,07,37,14,00037
2121530,3,2011,03,23,09,07,25,00177
2121530,1,2011,03,23,13,13,12,00049
2121530,2,2011,03,23,18,36,15,00042
2121530,2,2011,03,24,12,59,16,00049
2121530,1,2011,03,24,13,56,10,00026
2121530,4,2011,03,24,17,21,38,00719
2121530,2,2011,03,25,04,45,18,00075
2121530,1,2011,03,25,13,12,08,00031
2121530,3,2011,03,25,20,36,31,00299
2121530,1,2011,03,26,04,30,09,00031
2121530,2,2011,03,26,08,50,16,00092
2121530,2,2011,03,26,19,18,21,00112
2121530,2,2011,03,27,12,20,15,00054
2121530,1,2011,03,27,13,54,11,00070
2121530,1,2011,03,27,14,08,14,00058
2121530,3,2011,03,27,22,41,31,00273
2121530,1,2011,03,28,05,51,11,00041
2121530,4,2011,03,28,07,24,40,00790
2121530,1,2011,03,28,10,20,09,00028
2121530,2,2011,03,28,12,20,16,00075
2121530,1,2011,03,28,14,38,11,00060
2121530,1,2011,03,28,16,33,10,00030
2121530,2,2011,03,28,20,19,20,00096
2121530,1,2011,03,28,23,14,08,00036
2121530,1,2011,03,28,23,45,10,00027
2121530,1,2011,03,29,08,51,10,00053
2121530,2,2011,03,29,11,24,19,00111
2121530,3,2011,03,29,19,55,28,00143
2121530,2,2011,03,30,01,36,19,00042
2121530,1,2011,03,30,12,57,08,00040
2121530,1,2011,03,30,18,19,10,00094
2121530,2,2011,03,30,18,43,18,00101
2121530,1,2011,03,30,22,00,14,00055
2121530,1,2011,03,31,10,29,10,00033
2121530,4,2011,03,31,16,15,35,00478
2121530,1,2011,04,01,07,17,10,00039
2121530,1,2011,04,01,12,37,06,00028
2121530,2,2011,04,01,19,50,15,00056
2121530,4,2011,04,01,20,58,36,00418
2121530,1,2011,04,01,22,31,11,00040
2121530,2,2011,04,02,02,04,18,00064
2121530,3,2011,04,02,05,00,25,00190
2121530,2,2011,04,02,13,08,21,00133
2121530,2,2011,04,02,14,33,19,00103
2121530,1,2011,04,03,00,03,13,00032
2121530,2,2011,04,03,16,39,17,00072
2121530,2,2011,04,03,23,54,17,00049
2121530,1,2011,04,04,08,55,12,00037
2121530,1,2011,04,04,17,39,12,00029
2121530,2,2011,04,05,10,29,16,00092
2121530,1,2011,04,05,13,26,14,00065
2121530,1,2011,04,06,00,01,08,00029
2121530,1,2011,04,06,04,44,11,00058
2121530,2,2011,04,06,07,02,19,00096
2121530,1,2011,04,06,14,55,09,00034
2121530,2,2011,04,06,22,55,23,00115
2121530,1,2011,04,07,01,26,13,00047
2121530,1,2011,04,07,20,48,12,00054
2121530,C,2011,04,07,23,33,56,04501
2121530,1,2011,04,07,23,41,07,00035
2121530,1,2011,04,07,23,50,11,00041
2121530,2,2011,04,08,07,03,19,00073
2121530,1,2011,04,08,08,39,08,00053
2121530,3,2011,04,09,18,42,27,00224
2121530,1,2011,04,11,00,07,12,00052
2121530,1,2011,04,11,04,24,11,00042
2121530,3,2011,04,11,17,17,31,00219
2121530,1,2011,04,11,18,20,07,00028
2121530,1,2011,04,11,18,49,12,00046
2121530,2,2011,04,11,20,43,17,00044
2121530,1,2011,04,12,06,04,10,00042
2121530,1,2011,04,12,06,21,10,00038
2121530,3,2011,04,12,14,08,25,00090
2121530,3,2011,04,13,04,38,25,00154
2121530,1,2011,04,13,08,54,10,00041
2121530,1,2011,04,13,11,46,09,00041
2121530,3,2011,04,14,04,58,28,00134
2121530,2,2011,04,14,05,33,23,00071
2121530,1,2011,04,14,10,07,11,00046
2121530,2,2011,04,14,19,33,20,00067
2121530,1,2011,04,15,07,01,11,00069
2121530,1,2011,04,15,08,32,11,00052
2121530,1,2011,04,15,09,51,12,00045
2121530,2,2011,04,15,23,34,21,00113
2121530,1,2011,04,16,06,11,12,00046
2121530,2,2011,04,16,11,21,15,00035
2121530,1,2011,04,17,10,38,13,00046
2121530,1,2011,04,18,22,03,12,00040
2121530,2,2011,04,19,03,03,18,00069
2121530,2,2011,04,19,04,14,20,00149
2121530,1,2011,04,19,21,56,13,00049
2121530,1,2011,04,21,01,34,07,00034
2121530,1,2011,04,21,04,25,10,00075
2121530,2,2011,04,21,10,55,16,00031
2121530,1,2011,04,21,12,09,06,00132
2121530,2,2011,04,21,17,18,23,00132
2121530,1,2011,04,21,22,38,13,00026
2121530,2,2011,04,22,01,12,18,00069
2121530,2,2011,04,23,00,26,21,00082
2121530,2,2011,04,23,15,30,19,00122
2121530,3,2011,04,23,19,13,28,00225
2121530,2,2011,04,24,18,52,15,00053
2121530,1,2011,04,26,06,17,11,00046
2121530,1,2011,04,26,21,27,06,00033
2121530,2,2011,04,28,06,45,18,00081
2121530,2,2011,04,28,10,45,16,00068
2121530,2,2011,04,28,18,28,22,00101
2121530,1,2011,04,29,02,18,13,00062
2121530,2,2011,04,29,15,55,17,00078
2121530,2,2011,04,30,07,20,21,00066
2121530,1,2011,04,30,10,54,09,00035
2121530,1,2011,04,30,14,48,05,00116
2121530,1,2011,05,01,19,35,08,00029
2121530,2,2011,05,02,21,37,18,00078
2121530,2,2011,05,03,06,26,20,00072
2121530,2,2011,05,03,22,36,17,00087
2121530,1,2011,05,04,14,42,12,00039
2121530,1,2011,05,04,22,19,10,00037
2121530,2,2011,05,05,23,59,21,00091
2121530,1,2011,05,06,14,15,13,00052
2121530,1,2011,05,06,16,56,07,00034
2121530,3,2011,05,08,05,52,31,00294
2121530,1,2011,05,10,05,17,12,00027
2121530,1,2011,05,11,03,25,07,00032
2121530,1,2011,05,11,04,58,10,00065
2121530,2,2011,05,12,03,22,19,00083
