station,intensity,year,month,day,hour,minute,intensity_equip,acceleration_max_comb
2430631,2,2011,05,14,08,36,19,00068
2430631,1,2011,05,15,00,02,10,00029
2430631,1,2011,05,15,08,51,12,00027
2430631,1,2011,05,15,19,26,08,00014
2430631,1,2011,05,15,21,15,10,00022
2430631,1,2011,05,17,00,54,14,00038
2430631,1,2011,05,19,18,13,10,00019
2430631,2,2011,05,20,09,47,16,00031
2430631,2,2011,05,20,16,29,20,00100
2430631,1,2011,05,22,07,07,10,00015
2430631,1,2011,05,24,12,42,11,00016
2430631,1,2011,05,24,20,50,06,00021
2430631,1,2011,05,25,05,36,12,00029
2430631,1,2011,05,26,19,57,06,00016
2430631,1,2011,05,27,17,04,08,00029
2430631,1,2011,05,31,04,37,06,00021
2430631,1,2011,05,31,21,29,06,00012
2430631,2,2011,06,03,09,06,18,00036
2430631,2,2011,06,04,01,00,21,00081
2430631,1,2011,06,04,12,37,10,00025
2430631,1,2011,06,05,20,17,08,00026
2430631,1,2011,06,07,05,10,05,00018
2430631,1,2011,06,09,19,27,08,00014
2430631,1,2011,06,09,19,39,14,00031
2430631,1,2011,06,11,07,36,06,00016
2430631,1,2011,06,12,05,09,11,00037
2430631,1,2011,06,12,17,10,08,00018
2430631,1,2011,06,14,22,08,08,00013
2430631,1,2011,06,14,23,57,11,00022
2430631,1,2011,06,18,13,39,13,00051
2430631,3,2011,06,18,20,31,29,00236
2430631,1,2011,06,20,03,59,05,00020
2430631,3,2011,06,23,06,52,27,00100
2430631,2,2011,06,23,19,35,19,00063
2430631,1,2011,06,28,12,45,05,00015
2430631,1,2011,06,30,19,23,09,00021
2430631,1,2011,07,01,01,21,05,00026
2430631,1,2011,07,07,00,16,14,00027
2430631,1,2011,07,07,14,10,06,00020
2430631,2,2011,07,08,03,36,23,00114
2430631,2,2011,07,10,09,57,24,00094
2430631,1,2011,07,11,09,09,09,00029
2430631,1,2011,07,13,00,38,13,00027
2430631,1,2011,07,13,05,47,12,00022
2430631,1,2011,07,14,10,35,05,00016
2430631,1,2011,07,15,21,02,14,00026
2430631,1,2011,07,19,10,39,14,00046
2430631,2,2011,07,23,13,34,21,00059
2430631,1,2011,07,25,00,07,10,00018
2430631,3,2011,07,25,03,51,29,00185
2430631,1,2011,07,25,20,05,10,00025
2430631,1,2011,07,29,23,54,11,00027
2430631,3,2011,07,31,03,54,27,00166
2430631,1,2011,08,01,22,45,12,00019
2430631,1,2011,08,05,20,16,07,00029
2430631,1,2011,08,07,22,34,05,00015
2430631,1,2011,08,11,22,32,11,00021
2430631,3,2011,08,12,03,22,26,00153
2430631,1,2011,08,17,12,05,10,00021
2430631,1,2011,08,17,20,45,11,00023
2430631,3,2011,08,19,14,36,31,00257
2430631,1,2011,08,21,07,59,05,00012
2430631,1,2011,08,22,20,24,11,00018
2430631,1,2011,08,23,00,26,06,00020
2430631,1,2011,08,27,14,06,06,00015
2430631,1,2011,08,27,23,30,10,00016
2430631,1,2011,09,07,02,55,14,00031
2430631,2,2011,09,08,22,38,16,00048
2430631,2,2011,09,15,17,00,21,00061
2430631,1,2011,09,16,11,03,06,00022
2430631,2,2011,09,17,04,27,18,00034
2430631,1,2011,09,17,06,09,12,00018
2430631,1,2011,09,17,06,38,10,00014
2430631,1,2011,09,17,16,36,09,00012
2430631,2,2011,09,18,16,05,19,00047
2430631,1,2011,09,19,03,32,10,00026
2430631,1,2011,09,21,05,59,06,00012
2430631,2,2011,09,21,22,31,17,00051
2430631,1,2011,09,23,05,00,14,00041
2430631,1,2011,09,23,17,16,10,00015
2430631,1,2011,09,26,17,20,05,00027
2430631,1,2011,09,29,04,18,08,00022
2430631,2,2011,09,29,19,05,15,00063
2430631,2,2011,10,03,01,49,15,00033
2430631,1,2011,10,04,22,00,05,00020
2430631,2,2011,10,10,11,46,23,00119
2430631,1,2011,10,20,06,22,11,00041
2430631,2,2011,10,26,02,09,17,00056
2430631,1,2011,10,28,05,29,05,00031
2430631,1,2011,11,02,10,44,06,00015
2430631,1,2011,11,20,02,37,06,00019
2430631,2,2011,11,20,10,24,16,00048
2430631,1,2011,11,20,10,26,11,00026
2430631,2,2011,11,24,04,24,20,00064
2430631,1,2011,11,26,09,06,05,00019
2430631,1,2011,12,02,09,51,08,00019
2430631,1,2011,12,05,04,20,07,00022
2430631,1,2011,12,22,05,11,07,00020
2430631,1,2011,12,24,11,22,06,00034
2430631,2,2012,01,01,14,31,24,00104
2430631,1,2012,01,06,08,29,07,00018
2430631,1,2012,01,07,19,43,07,00023
2430631,2,2012,01,12,12,21,24,00088
2430631,1,2012,01,12,14,38,09,00021
2430631,1,2012,01,23,20,46,14,00041
2430631,1,2012,01,26,05,22,05,00012
2430631,1,2012,01,26,05,43,10,00027
2430631,1,2012,01,28,09,23,11,00017
2430631,1,2012,01,28,14,21,05,00013
2430631,2,2012,02,08,21,02,24,00085
2430631,1,2012,02,10,06,52,06,00014
2430631,2,2012,02,14,12,28,15,00037
2430631,2,2012,02,14,15,23,16,00034
2430631,1,2012,02,15,15,29,05,00012
2430631,1,2012,02,19,14,55,06,00019
2430631,1,2012,02,28,14,21,11,00019
2430631,1,2012,02,29,18,00,13,00032
2430631,1,2012,03,01,07,33,13,00029
2430631,1,2012,03,10,02,26,14,00052
2430631,1,2012,03,14,18,10,14,00025
2430631,2,2012,03,14,21,05,18,00041
2430631,1,2012,03,17,22,48,10,00031
2430631,2,2012,03,25,22,23,21,00095
2430631,3,2012,03,27,20,01,30,00122
2430631,1,2012,03,30,13,38,12,00035
2430631,2,2012,04,01,23,04,21,00085
2430631,1,2012,04,12,20,20,11,00022
2430631,3,2012,04,12,23,51,26,00096
2430631,2,2012,04,13,19,10,22,00109
2430631,1,2012,04,13,21,12,13,00028
2430631,1,2012,04,14,18,26,07,00016
2430631,1,2012,04,20,07,53,06,00030
2430631,2,2012,04,24,12,28,19,00121
2430631,1,2012,04,25,05,23,09,00013
2430631,2,2012,04,26,05,45,17,00063
2430631,1,2012,04,29,19,30,10,00018
2430631,1,2012,04,30,00,03,09,00014
2430631,1,2012,05,06,05,13,08,00017
2430631,1,2012,05,08,04,00,07,00015
2430631,1,2012,05,10,09,29,09,00016
2430631,1,2012,05,16,01,01,10,00024
2430631,2,2012,05,20,16,22,15,00025
2430631,2,2012,05,24,00,04,16,00028
2430631,1,2012,06,08,14,23,10,00022
2430631,2,2012,06,18,05,32,20,00053
2430631,1,2012,06,20,07,29,10,00027
2430631,2,2012,06,28,14,52,18,00074
2430631,1,2012,07,06,02,05,11,00046
2430631,1,2012,07,21,12,02,06,00018
2430631,1,2012,07,30,07,06,09,00018
2430631,1,2012,08,07,13,19,07,00022
2430631,2,2012,08,14,12,04,17,00030
2430631,2,2012,08,21,01,43,22,00106
2430631,3,2012,08,26,03,37,29,00214
2430631,3,2012,08,30,04,05,25,00120
2430631,1,2012,08,31,23,27,06,00020
2430631,1,2012,09,01,00,32,06,00021
2430631,1,2012,09,02,02,45,05,00028
2430631,1,2012,09,11,20,12,05,00017
2430631,1,2012,10,02,01,12,12,00086
2430631,1,2012,10,02,03,41,06,00015
2430631,2,2012,10,02,07,23,16,00028
2430631,1,2012,10,03,18,40,13,00027
2430631,1,2012,10,06,01,20,11,00020
2430631,2,2012,10,25,19,32,20,00068
2430631,2,2012,11,03,07,34,22,00095
2430631,1,2012,11,08,08,55,07,00017
2430631,1,2012,11,09,12,52,10,00022
2430631,1,2012,11,10,07,35,09,00018
2430631,1,2012,11,11,14,16,07,00021
2430631,2,2012,11,24,05,21,21,00096
2430631,1,2012,11,24,10,30,13,00034
2430631,3,2012,12,07,17,19,33,00280
2430631,1,2012,12,07,17,32,13,00025
2430631,1,2012,12,12,09,20,07,00016
2430631,2,2012,12,15,13,27,22,00080
2430631,1,2012,12,15,14,47,14,00043
2430631,1,2012,12,18,03,47,06,00014
2430631,1,2012,12,19,03,37,06,00014
2430631,2,2012,12,21,17,07,16,00044
2430631,1,2012,12,29,16,20,13,00038
2430631,1,2012,12,30,00,00,14,00024
2430631,1,2012,12,30,08,06,07,00019
2430631,1,2013,01,04,22,53,12,00033
2430631,2,2013,01,10,21,48,15,00051
2430631,1,2013,01,14,15,54,10,00029
2430631,1,2013,01,31,23,54,08,00019
2430631,2,2013,02,02,23,19,20,00070
2430631,1,2013,02,09,13,43,14,00039
2430631,1,2013,02,16,10,33,06,00017
2430631,1,2013,02,22,00,34,07,00021
2430631,2,2013,02,24,13,55,17,00070
2430631,1,2013,02,25,16,24,13,00040
2430631,1,2013,03,31,16,47,11,00023
2430631,2,2013,04,02,03,54,19,00045
2430631,1,2013,04,06,05,01,13,00027
2430631,1,2013,04,10,13,39,05,00016
2430631,1,2013,04,14,22,25,13,00035
2430631,2,2013,04,17,21,03,24,00106
2430631,2,2013,04,19,12,10,16,00029
2430631,1,2013,04,29,22,02,10,00021
2430631,2,2013,05,18,14,48,24,00111
2430631,1,2013,05,21,03,49,06,00017
2430631,2,2013,05,24,14,48,15,00026
2430631,1,2013,05,24,17,33,12,00054
2430631,1,2013,06,04,17,33,08,00020
2430631,1,2013,06,05,09,37,07,00022
2430631,1,2013,07,04,00,06,08,00014
2430631,1,2013,07,10,14,23,07,00013
2430631,2,2013,07,20,01,39,16,00054
2430631,1,2013,07,20,15,07,08,00014
2430631,1,2013,07,21,18,54,05,00012
2430631,2,2013,07,23,12,02,17,00080
2430631,2,2013,07,31,09,14,15,00031
2430631,3,2013,08,04,12,29,27,00174
2430631,1,2013,08,10,07,56,07,00017
2430631,1,2013,08,12,22,00,09,00025
2430631,2,2013,09,04,09,21,23,00074
2430631,3,2013,09,20,02,25,30,00196
2430631,1,2013,10,20,00,14,09,00021
2430631,2,2013,10,22,10,19,15,00053
2430631,3,2013,10,26,02,12,30,00180
2430631,1,2013,10,30,12,22,14,00044
2430631,1,2013,11,04,22,48,08,00014
2430631,1,2013,11,10,07,38,10,00016
2430631,1,2013,11,21,12,38,07,00022
2430631,2,2013,12,03,18,17,19,00060
2430631,2,2013,12,31,10,03,17,00066
2430631,1,2014,02,06,02,33,11,00018
2430631,2,2014,02,08,02,18,15,00058
2430631,1,2014,02,08,11,34,09,00022
2430631,1,2014,03,17,18,03,06,00015
2430631,1,2014,03,29,10,55,09,00019
2430631,1,2014,03,30,20,12,11,00026
2430631,2,2014,04,03,08,23,17,00042
2430631,1,2014,04,05,10,17,10,00018
2430631,1,2014,04,08,05,08,06,00020
2430631,2,2014,04,13,18,16,19,00083
2430631,1,2014,04,17,03,18,10,00023
2430631,1,2014,05,05,05,19,12,00024
2430631,1,2014,06,08,14,25,13,00038
2430631,1,2014,06,09,06,11,14,00054
2430631,2,2014,06,15,02,32,15,00031
2430631,2,2014,06,16,03,20,17,00044
2430631,3,2014,06,16,05,15,25,00156
2430631,1,2014,06,27,06,56,06,00014
2430631,1,2014,07,05,07,42,13,00019
2430631,3,2014,07,12,04,22,29,00145
2430631,1,2014,07,16,17,25,13,00032
2430631,1,2014,08,10,12,45,10,00015
2430631,1,2014,08,29,16,35,09,00018
2430631,1,2014,09,03,16,25,08,00016
2430631,1,2014,09,16,12,29,14,00026
2430631,1,2014,09,24,21,46,09,00022
2430631,1,2014,09,24,22,31,11,00037
2430631,1,2014,10,03,09,58,11,00018
2430631,1,2014,10,11,11,37,09,00015
2430631,2,2014,10,15,12,51,16,00043
2430631,1,2014,11,08,08,55,09,00018
2430631,2,2014,11,20,10,52,16,00041
2430631,2,2014,11,22,22,09,18,00033
2430631,1,2014,12,03,01,01,08,00028
2430631,2,2014,12,20,18,30,17,00046
2430631,2,2014,12,25,08,06,20,00054
2430631,2,2015,02,17,08,08,24,00075
2430631,1,2015,02,17,13,47,11,00019
2430631,1,2015,02,20,13,26,12,00018
2430631,1,2015,02,26,10,12,08,00021
2430631,1,2015,03,19,10,34,06,00011
2430631,2,2015,03,27,21,32,16,00056
2430631,2,2015,03,27,23,40,17,00043
2430631,1,2015,04,03,04,05,06,00016
2430631,1,2015,04,30,01,11,08,00013
2430631,1,2015,05,03,13,03,08,00026
2430631,3,2015,05,13,06,13,27,00113
2430631,1,2015,05,15,12,31,13,00043
2430631,1,2015,05,25,14,29,10,00019
2430631,2,2015,05,30,20,27,23,00062
2430631,1,2015,06,11,13,52,13,00021
2430631,2,2015,07,10,03,33,16,00028
2430631,1,2015,07,14,22,17,09,00026
2430631,1,2015,07,21,18,17,12,00024
2430631,1,2015,07,30,17,16,05,00018
2430631,1,2015,08,01,23,25,07,00018
2430631,1,2015,08,03,14,30,09,00036
2430631,1,2015,08,05,20,56,13,00046
2430631,1,2015,08,06,18,23,11,00023
2430631,1,2015,08,10,11,35,08,00018
2430631,1,2015,08,14,05,14,12,00037
2430631,1,2015,08,24,14,50,10,00018
2430631,1,2015,08,28,23,47,08,00020
2430631,1,2015,09,17,20,07,08,00051
2430631,3,2015,10,21,15,05,30,00276
2430631,1,2015,10,31,16,57,08,00025
2430631,1,2015,11,19,18,33,08,00020
2430631,1,2015,12,02,13,42,08,00022
2430631,1,2016,01,14,12,27,14,00020
2430631,1,2016,02,02,14,32,13,00024
2430631,1,2016,02,19,22,14,10,00024
2430631,2,2016,04,20,21,20,17,00048
2430631,2,2016,06,27,07,57,16,00036
2430631,2,2016,07,27,23,47,15,00039
2430631,2,2016,08,15,16,05,22,00125
2430631,2,2016,08,19,21,08,18,00043
2430631,1,2016,08,20,18,03,09,00014
2430631,1,2016,08,21,00,59,10,00014
2430631,1,2016,08,22,15,12,10,00016
2430631,1,2016,09,09,20,54,09,00020
2430631,1,2016,10,16,16,37,12,00025
2430631,1,2016,10,20,11,51,08,00013
2430631,1,2016,11,02,07,38,12,00025
2430631,2,2016,11,12,06,43,19,00059
2430631,1,2016,11,22,03,26,06,00014
2430631,4,2016,11,22,06,00,42,00625
2430631,2,2016,11,22,06,03,18,00095
2430631,1,2016,11,22,06,05,06,00021
2430631,1,2016,11,22,06,11,13,00036
2430631,1,2016,11,22,06,14,05,00014
2430631,1,2016,11,22,06,29,08,00021
2430631,2,2016,11,22,06,40,22,00077
2430631,1,2016,11,22,06,43,14,00039
2430631,1,2016,11,22,06,51,08,00015
2430631,1,2016,11,22,08,24,07,00013
2430631,1,2016,11,22,08,40,13,00037
2430631,2,2016,11,22,10,32,15,00041
2430631,2,2016,11,22,10,38,15,00049
2430631,1,2016,11,22,13,26,07,00017
2430631,2,2016,11,22,23,04,23,00109
2430631,1,2016,11,24,03,13,10,00036
2430631,3,2016,11,24,06,24,28,00172
2430631,1,2016,11,25,09,20,09,00024
2430631,1,2016,11,27,19,18,08,00020
2430631,1,2016,11,27,21,51,09,00033
2430631,1,2016,12,04,08,35,10,00021
2430631,1,2016,12,04,14,33,08,00017
2430631,2,2016,12,04,14,36,15,00040
2430631,1,2016,12,04,20,43,06,00019
2430631,1,2016,12,08,17,16,09,00019
2430631,2,2016,12,20,01,41,17,00042
2430631,1,2016,12,24,02,26,11,00023
2430631,3,2016,12,28,21,39,28,00189
2430631,1,2016,12,28,21,54,06,00018
2430631,3,2016,12,31,05,08,27,00149
2430631,2,2017,01,05,00,44,19,00062
2430631,2,2017,01,05,02,53,16,00047
2430631,1,2017,02,03,23,16,14,00034
2430631,2,2017,02,11,06,05,21,00070
2430631,1,2017,02,27,00,03,12,00044
2430631,3,2017,02,28,16,49,26,00175
2430631,1,2017,03,05,19,05,06,00016
2430631,1,2017,03,12,04,58,13,00029
2430631,1,2017,03,22,09,21,05,00017
2430631,1,2017,04,20,02,16,08,00019
2430631,2,2017,07,07,21,48,17,00051
2430631,2,2017,07,20,09,11,20,00076
2430631,2,2017,08,02,02,02,18,00093
