station,intensity,year,month,day,hour,minute,intensity_equip,acceleration_max_comb
2211930,1,2002,04,15,15,10,11,00061
2211930,2,2002,05,06,17,12,16,00075
2211930,1,2002,06,14,11,43,11,00031
2211930,1,2002,06,16,04,40,05,00022
2211930,2,2002,06,29,02,23,15,00023
2211930,1,2002,07,13,21,46,06,00018
2211930,2,2002,07,24,05,06,24,00111
2211930,1,2002,08,03,08,15,07,00020
2211930,1,2002,08,24,08,22,06,00038
2211930,2,2002,10,11,10,04,16,00044
2211930,2,2002,10,12,20,00,18,00052
2211930,1,2002,10,14,23,14,10,00020
2211930,2,2002,10,21,01,06,16,00062
2211930,2,2002,10,26,19,44,15,00103
2211930,3,2002,11,03,12,38,32,00305
2211930,1,2002,11,03,12,40,12,00017
2211930,1,2002,11,04,04,15,11,00033
2211930,1,2002,11,08,11,23,07,00036
2211930,1,2002,11,17,13,58,08,00016
2211930,1,2002,12,01,18,59,07,00022
2211930,2,2002,12,05,00,51,17,00065
2211930,1,2002,12,05,00,53,11,00041
2211930,1,2002,12,09,03,34,12,00065
2211930,1,2002,12,31,19,11,06,00026
2211930,1,2003,01,05,18,51,06,00031
2211930,1,2003,01,09,13,15,13,00044
2211930,1,2003,01,09,22,25,10,00048
2211930,1,2003,01,21,13,20,11,00031
2211930,1,2003,02,01,16,16,10,00058
2211930,3,2003,02,16,12,04,28,00258
2211930,1,2003,02,19,14,04,10,00022
2211930,3,2003,03,03,07,47,27,00259
2211930,1,2003,03,13,12,14,10,00026
2211930,1,2003,03,16,00,07,08,00050
2211930,1,2003,04,08,03,29,13,00034
2211930,1,2003,04,17,03,01,09,00018
2211930,1,2003,04,25,07,41,10,00037
2211930,1,2003,05,12,00,58,05,00012
2211930,4,2003,05,26,18,25,44,01423
2211930,1,2003,05,26,18,41,06,00039
2211930,1,2003,05,26,18,50,06,00031
2211930,1,2003,05,26,19,10,06,00023
2211930,1,2003,05,26,22,08,05,00028
2211930,1,2003,05,26,22,35,11,00052
2211930,1,2003,05,27,00,45,09,00035
2211930,1,2003,05,31,18,42,08,00048
2211930,1,2003,06,01,05,39,05,00035
2211930,1,2003,06,10,16,25,12,00066
2211930,3,2003,06,16,18,34,26,00230
2211930,1,2003,07,18,12,33,08,00038
2211930,1,2003,07,21,19,05,07,00038
2211930,3,2003,07,26,00,13,30,00329
2211930,3,2003,07,26,07,13,34,00496
2211930,1,2003,07,26,07,16,09,00029
2211930,1,2003,07,26,07,19,08,00041
2211930,1,2003,07,26,07,44,11,00039
2211930,1,2003,07,26,07,52,12,00052
2211930,2,2003,07,26,10,22,20,00100
2211930,2,2003,07,26,16,56,22,00146
2211930,1,2003,07,27,15,27,08,00030
2211930,2,2003,07,28,04,08,18,00086
2211930,1,2003,08,04,20,58,09,00028
2211930,1,2003,08,08,09,51,08,00033
2211930,1,2003,08,12,09,28,09,00038
2211930,2,2003,09,20,12,56,16,00040
2211930,2,2003,09,26,04,51,19,00067
2211930,2,2003,09,26,06,09,20,00053
2211930,1,2003,10,03,20,28,08,00035
2211930,1,2003,10,04,08,12,06,00044
2211930,1,2003,10,15,16,31,05,00015
2211930,1,2003,10,23,14,00,07,00029
2211930,1,2003,10,23,23,22,10,00053
2211930,3,2003,10,31,10,06,27,00155
2211930,1,2003,10,31,23,15,13,00054
2211930,1,2003,11,01,09,28,07,00019
2211930,1,2003,11,01,22,11,09,00016
2211930,1,2003,11,02,11,59,10,00021
2211930,1,2003,11,03,16,12,09,00023
2211930,2,2003,11,12,17,29,23,00105
2211930,2,2003,11,15,03,44,23,00118
2211930,3,2004,01,23,18,01,33,00644
2211930,1,2004,01,26,17,46,05,00028
2211930,2,2004,01,27,15,11,16,00125
2211930,2,2004,02,04,15,09,15,00041
2211930,1,2004,02,26,17,55,10,00063
2211930,1,2004,02,27,11,50,08,00036
2211930,1,2004,02,28,18,34,11,00032
2211930,1,2004,03,10,05,15,06,00035
2211930,1,2004,03,11,11,35,12,00042
2211930,1,2004,03,15,13,00,06,00017
2211930,1,2004,04,03,18,57,08,00030
2211930,2,2004,04,04,08,02,23,00116
2211930,1,2004,05,10,15,38,14,00067
2211930,1,2004,05,16,00,38,11,00061
2211930,3,2004,05,29,12,47,27,00179
2211930,2,2004,06,27,04,43,20,00185
2211930,1,2004,07,05,18,23,08,00032
2211930,1,2004,07,17,15,11,10,00028
2211930,1,2004,07,19,23,38,06,00030
2211930,2,2004,08,10,15,14,15,00039
2211930,2,2004,08,19,20,41,21,00187
2211930,2,2004,09,01,11,49,24,00183
2211930,1,2004,10,01,10,00,07,00040
2211930,2,2004,10,06,23,41,15,00035
2211930,2,2004,10,17,02,20,15,00046
2211930,2,2004,10,17,03,55,18,00069
2211930,3,2004,10,23,17,56,26,00175
2211930,1,2004,10,23,18,00,09,00034
2211930,2,2004,10,23,18,03,19,00077
2211930,1,2004,10,23,18,08,09,00027
2211930,2,2004,10,23,18,12,16,00055
2211930,2,2004,10,23,18,34,23,00107
2211930,1,2004,10,23,19,37,06,00024
2211930,1,2004,10,23,19,46,08,00032
2211930,1,2004,10,23,23,35,10,00045
2211930,1,2004,10,25,00,29,07,00020
2211930,1,2004,10,25,01,16,06,00020
2211930,2,2004,10,25,06,05,15,00062
2211930,2,2004,10,27,10,41,15,00040
2211930,1,2004,11,01,01,10,14,00160
2211930,1,2004,11,02,22,05,07,00014
2211930,1,2004,11,04,08,58,11,00051
2211930,1,2004,11,06,02,54,07,00020
2211930,1,2004,11,08,03,29,05,00025
2211930,1,2004,11,08,11,16,10,00025
2211930,1,2004,11,08,11,33,09,00027
2211930,1,2004,11,10,03,44,05,00015
2211930,1,2004,11,19,17,41,11,00047
2211930,1,2004,11,29,03,34,12,00029
2211930,1,2004,12,01,10,33,06,00030
2211930,1,2004,12,04,20,42,07,00046
2211930,1,2004,12,06,23,17,10,00023
2211930,1,2004,12,18,23,22,05,00023
2211930,1,2004,12,19,14,23,06,00019
2211930,1,2004,12,19,19,17,05,00014
2211930,1,2004,12,20,05,32,05,00032
2211930,2,2004,12,29,22,59,15,00071
2211930,1,2004,12,30,10,54,09,00058
2211930,2,2004,12,30,22,30,16,00070
2211930,3,2005,01,01,05,14,26,00241
2211930,1,2005,01,18,23,11,07,00018
2211930,1,2005,02,05,10,17,10,00028
2211930,1,2005,02,16,04,47,11,00030
2211930,1,2005,02,26,21,39,07,00016
2211930,1,2005,03,30,04,13,05,00042
2211930,2,2005,04,04,02,57,22,00148
2211930,2,2005,04,11,07,23,15,00037
2211930,1,2005,05,02,04,37,07,00033
2211930,1,2005,05,15,15,56,10,00026
2211930,1,2005,05,21,07,02,10,00020
2211930,1,2005,05,27,17,07,12,00050
2211930,1,2005,06,20,01,16,08,00020
2211930,1,2005,07,02,09,33,09,00015
2211930,1,2005,07,11,07,28,05,00019
2211930,1,2005,07,19,13,32,05,00038
2211930,2,2005,07,23,16,35,17,00055
2211930,2,2005,08,08,00,07,17,00058
2211930,2,2005,08,10,15,12,16,00100
2211930,A,2005,08,16,11,46,49,02156
2211930,1,2005,08,16,11,52,05,00025
2211930,2,2005,08,24,19,15,19,00057
2211930,1,2005,08,26,07,30,05,00009
2211930,2,2005,08,31,03,11,15,00037
2211930,1,2005,09,06,18,13,05,00026
2211930,2,2005,09,11,05,07,16,00117
2211930,1,2005,09,12,04,29,10,00037
2211930,1,2005,10,09,18,14,05,00027
2211930,1,2005,10,12,13,30,12,00046
2211930,1,2005,10,16,16,06,06,00015
2211930,1,2005,10,18,03,48,12,00044
2211930,3,2005,10,19,20,45,27,00180
2211930,3,2005,10,22,22,13,30,00446
2211930,1,2005,10,23,19,09,08,00038
2211930,1,2005,10,24,18,35,08,00028
2211930,2,2005,11,01,11,01,15,00091
2211930,1,2005,11,12,06,02,06,00023
2211930,3,2005,11,15,06,39,26,00240
2211930,1,2005,11,17,10,54,05,00015
2211930,3,2005,12,02,22,13,27,00161
2211930,1,2005,12,05,03,04,05,00016
2211930,2,2005,12,05,07,20,20,00076
2211930,1,2005,12,08,13,06,08,00032
2211930,3,2005,12,17,03,32,28,/////
2211930,1,2005,12,28,18,47,08,00027
2211930,2,2006,01,18,23,25,24,00133
2211930,1,2006,02,01,04,24,07,00025
2211930,1,2006,02,01,20,36,09,00034
2211930,1,2006,02,03,13,04,11,00060
2211930,2,2006,02,03,13,38,21,00081
2211930,1,2006,02,03,13,40,13,00036
2211930,1,2006,02,03,14,39,08,00021
2211930,1,2006,02,03,14,42,07,00019
2211930,1,2006,02,03,15,11,07,00019
2211930,1,2006,02,09,22,06,10,00029
2211930,1,2006,02,10,18,18,05,00020
2211930,1,2006,02,13,17,23,06,00023
2211930,1,2006,03,10,17,56,06,00034
2211930,1,2006,03,28,22,36,09,00023
2211930,2,2006,03,29,19,29,21,00192
2211930,1,2006,04,02,16,23,11,00047
2211930,1,2006,04,10,09,21,14,00098
2211930,1,2006,04,22,23,36,08,00043
2211930,1,2006,04,24,13,29,05,00015
2211930,2,2006,07,01,08,29,17,00072
2211930,1,2006,07,06,06,12,10,00052
2211930,1,2006,07,17,08,26,05,00028
2211930,1,2006,08,22,07,24,09,00016
2211930,2,2006,09,09,19,37,16,00076
2211930,1,2006,09,22,19,16,06,00052
2211930,1,2006,10,02,02,08,11,00047
2211930,1,2006,10,11,08,59,12,00020
2211930,1,2006,10,14,06,39,08,00023
2211930,1,2006,10,14,20,38,07,00027
2211930,1,2006,11,17,21,34,06,00021
2211930,1,2006,12,18,16,28,06,00031
2211930,1,2006,12,28,09,25,09,00037
2211930,2,2007,01,13,13,29,15,00035
2211930,1,2007,01,16,03,19,10,00034
2211930,2,2007,04,05,20,39,21,00119
2211930,2,2007,04,12,22,50,18,00109
2211930,1,2007,05,06,10,10,10,00034
2211930,1,2007,05,29,16,03,08,00039
2211930,1,2007,06,16,05,29,07,00022
2211930,1,2007,07,10,00,53,08,00054
2211930,3,2007,07,16,10,14,25,00117
2211930,1,2007,07,16,15,38,14,00056
2211930,2,2007,07,16,23,18,18,00101
2211930,1,2007,07,28,08,51,09,00094
2211930,1,2007,08,01,17,18,09,00025
2211930,1,2007,09,28,22,42,05,00012
2211930,1,2007,10,07,19,06,05,00040
2211930,1,2007,10,23,10,23,10,00082
2211930,2,2007,11,07,20,06,16,00077
2211930,2,2007,11,26,06,42,17,00179
2211930,3,2007,11,26,22,51,25,00203
2211930,1,2007,11,30,18,37,05,00014
2211930,1,2007,12,07,09,50,07,00016
2211930,2,2007,12,25,23,04,21,00104
2211930,1,2007,12,26,08,39,07,00032
2211930,1,2008,01,16,02,56,05,00020
2211930,1,2008,01,19,18,53,06,00034
2211930,1,2008,02,09,07,07,10,00041
2211930,1,2008,02,22,20,27,06,00022
2211930,2,2008,03,08,01,55,16,00057
2211930,2,2008,03,24,12,40,17,00084
2211930,1,2008,03,24,22,30,14,00061
2211930,1,2008,04,04,19,02,11,00034
2211930,2,2008,04,17,04,20,17,00066
2211930,1,2008,05,02,06,59,09,00042
2211930,2,2008,05,02,14,41,17,00076
2211930,2,2008,05,08,01,02,22,00092
2211930,2,2008,05,08,01,04,18,00058
2211930,1,2008,05,08,01,13,13,00038
2211930,1,2008,05,08,01,17,12,00029
2211930,3,2008,05,08,01,45,32,00290
2211930,1,2008,05,08,02,32,06,00014
2211930,1,2008,05,08,04,21,07,00017
2211930,1,2008,05,09,08,22,11,00023
2211930,1,2008,05,31,14,04,11,00025
2211930,1,2008,05,31,16,56,05,00015
2211930,2,2008,06,02,00,58,15,00084
2211930,4,2008,06,14,08,44,44,01246
2211930,1,2008,06,14,08,47,10,00015
2211930,1,2008,06,14,09,02,09,00033
2211930,2,2008,06,14,09,20,17,00092
2211930,1,2008,06,14,10,00,10,00032
2211930,1,2008,06,14,10,40,12,00050
2211930,1,2008,06,14,10,51,07,00043
2211930,1,2008,06,14,11,35,09,00030
2211930,1,2008,06,14,12,09,09,00031
2211930,1,2008,06,14,12,28,12,00056
2211930,1,2008,06,14,19,12,07,00023
2211930,1,2008,06,14,21,49,09,00029
2211930,1,2008,06,14,23,04,07,00032
2211930,2,2008,06,16,23,14,23,00140
2211930,1,2008,06,17,04,05,06,00028
2211930,1,2008,06,18,16,55,14,00053
2211930,1,2008,06,18,18,05,05,00023
2211930,1,2008,06,26,23,34,05,00027
2211930,1,2008,06,27,22,57,07,00026
2211930,1,2008,06,29,15,53,08,00029
2211930,2,2008,07,05,16,49,15,00068
2211930,1,2008,07,14,23,57,11,00042
2211930,3,2008,07,19,11,39,32,00294
2211930,1,2008,07,19,11,48,07,00017
2211930,1,2008,07,21,18,01,13,00033
2211930,3,2008,07,21,20,30,30,00295
2211930,2,2008,07,22,17,47,17,00095
2211930,4,2008,07,24,00,26,39,00637
2211930,1,2008,07,24,11,28,06,00025
2211930,1,2008,07,29,16,36,07,00023
2211930,1,2008,08,22,20,00,14,00040
2211930,1,2008,08,26,15,16,06,00031
2211930,1,2008,08,30,04,56,07,00025
2211930,1,2008,09,04,21,44,05,00025
2211930,1,2008,09,06,00,14,06,00014
2211930,1,2008,09,11,09,23,07,00010
2211930,1,2008,09,11,12,14,07,00020
2211930,1,2008,09,22,16,33,11,00023
2211930,1,2008,09,23,22,27,05,00022
2211930,1,2008,09,25,15,05,06,00036
2211930,3,2008,10,30,00,48,26,00267
2211930,1,2008,11,28,10,14,10,00039
2211930,2,2008,12,04,08,17,17,00036
2211930,1,2008,12,04,12,11,13,00026
2211930,1,2008,12,04,17,30,11,00094
2211930,1,2008,12,18,15,48,08,00017
2211930,2,2008,12,20,19,30,20,00080
2211930,1,2008,12,21,04,14,06,00016
2211930,2,2008,12,21,18,17,15,00033
2211930,2,2009,01,03,16,13,20,00174
2211930,1,2009,01,05,10,37,08,00029
2211930,1,2009,01,16,02,55,05,00012
2211930,3,2009,02,01,06,52,28,00248
2211930,1,2009,02,01,18,33,12,00039
2211930,1,2009,02,11,19,07,09,00048
2211930,1,2009,02,15,18,25,13,00023
2211930,3,2009,02,17,09,13,26,00365
2211930,1,2009,02,27,18,24,05,00034
2211930,2,2009,04,21,18,58,21,00128
2211930,1,2009,04,25,22,55,05,00012
2211930,2,2009,04,28,06,38,15,00060
2211930,1,2009,05,10,04,35,06,00010
2211930,3,2009,06,01,00,33,26,00216
2211930,1,2009,06,02,21,35,05,00023
2211930,1,2009,06,06,14,53,07,00020
2211930,2,2009,06,23,16,37,17,00058
2211930,1,2009,07,02,12,50,06,00028
2211930,1,2009,07,19,10,48,08,00047
2211930,1,2009,08,01,18,46,12,00046
2211930,1,2009,08,02,00,57,12,00033
2211930,1,2009,08,02,02,55,11,00029
2211930,1,2009,08,03,16,19,09,00057
2211930,1,2009,08,06,14,40,08,00026
2211930,1,2009,08,08,07,31,08,00026
2211930,3,2009,08,09,19,58,27,00183
2211930,1,2009,08,11,05,09,08,00014
2211930,2,2009,08,13,07,51,18,00076
2211930,1,2009,08,18,06,59,05,00020
2211930,1,2009,08,31,00,46,12,00068
2211930,1,2009,09,05,11,00,06,00021
2211930,2,2009,09,08,22,34,16,00120
2211930,3,2009,09,22,20,41,26,00299
2211930,1,2009,10,21,11,59,10,00055
2211930,2,2009,10,23,10,29,21,00107
2211930,1,2009,10,28,14,25,09,00067
2211930,1,2009,11,04,17,57,05,00021
2211930,1,2009,11,13,21,09,09,00043
2211930,1,2009,11,14,02,43,06,00033
2211930,1,2009,11,16,05,09,06,00023
2211930,1,2009,12,02,09,33,11,00075
2211930,2,2009,12,02,15,14,15,00088
2211930,1,2009,12,04,08,42,06,00022
2211930,1,2009,12,18,05,42,07,00018
2211930,1,2009,12,18,20,50,05,00017
2211930,2,2009,12,19,04,31,16,00074
2211930,2,2009,12,28,00,23,18,00142
2211930,1,2010,01,17,15,05,13,00041
2211930,1,2010,01,21,18,49,06,00022
2211930,1,2010,01,23,02,32,08,00050
2211930,1,2010,01,29,00,25,05,00022
2211930,1,2010,01,30,01,44,09,00043
2211930,1,2010,01,30,13,29,14,00210
2211930,1,2010,02,18,10,17,10,00016
2211930,2,2010,02,21,09,57,23,00122
2211930,4,2010,03,13,21,46,35,01002
2211930,4,2010,03,14,17,08,38,00867
2211930,1,2010,04,16,16,38,10,00033
2211930,1,2010,04,18,16,34,11,00072
2211930,1,2010,04,26,06,23,14,00070
2211930,1,2010,04,29,17,01,08,00037
2211930,1,2010,05,01,18,21,08,00037
2211930,2,2010,06,01,13,49,23,00179
2211930,4,2010,06,13,12,33,42,01328
2211930,3,2010,07,05,06,56,25,00111
2211930,2,2010,07,27,08,31,17,00053
2211930,1,2010,08,03,07,31,07,00024
2211930,1,2010,08,05,08,54,12,00093
2211930,2,2010,08,10,14,51,17,00039
2211930,1,2010,08,27,00,09,08,00018
2211930,2,2010,09,01,16,33,16,00076
2211930,1,2010,09,13,14,49,12,00027
2211930,2,2010,09,29,17,00,16,00063
2211930,1,2010,09,30,01,24,08,00025
2211930,2,2010,09,30,21,47,17,00103
2211930,1,2010,10,08,15,53,12,00063
2211930,1,2010,10,08,21,17,09,00033
2211930,1,2010,11,05,07,31,11,00035
2211930,1,2010,11,24,20,10,07,00027
2211930,1,2010,11,25,05,05,10,00036
2211930,2,2010,11,30,12,28,20,00077
2211930,2,2010,12,11,19,45,15,00110
2211930,1,2010,12,22,02,24,14,00037
2211930,1,2010,12,27,05,59,08,00043
2211930,2,2011,01,01,08,01,15,00062
2211930,1,2011,01,03,04,11,08,00047
2211930,1,2011,01,12,01,01,14,00098
2211930,3,2011,02,10,22,03,25,00264
2211930,2,2011,02,27,00,39,18,00089
2211930,3,2011,03,09,11,45,34,00336
2211930,1,2011,03,09,11,58,12,00021
2211930,2,2011,03,09,11,59,17,00037
2211930,1,2011,03,09,12,09,07,00014
2211930,1,2011,03,09,13,06,07,00018
2211930,1,2011,03,09,13,38,14,00029
2211930,1,2011,03,09,13,46,08,00015
2211930,2,2011,03,10,03,16,24,00110
2211930,1,2011,03,10,03,45,13,00024
2211930,3,2011,03,10,06,24,27,00134
2211930,1,2011,03,10,08,38,07,00017
2211930,1,2011,03,10,17,09,09,00019
2211930,D,2011,03,11,14,47,60,06054
2211930,4,2011,03,11,14,51,38,00486
2211930,4,2011,03,11,14,54,35,00716
2211930,3,2011,03,11,14,56,28,00182
2211930,4,2011,03,11,14,57,36,00519
2211930,2,2011,03,11,15,05,22,/////
2211930,2,2011,03,11,15,15,17,00077
2211930,1,2011,03,16,18,15,10,00055
2211930,2,2011,03,18,11,48,21,00166
2211930,1,2011,03,18,14,58,14,00097
2211930,1,2011,03,18,16,31,11,00042
2211930,1,2011,03,18,21,17,09,00024
2211930,1,2011,03,18,21,21,13,00054
2211930,1,2011,03,18,23,35,06,00050
2211930,2,2011,03,19,03,33,15,00068
2211930,3,2011,03,19,04,53,25,00286
2211930,1,2011,03,19,05,33,13,00053
2211930,2,2011,03,19,08,33,22,00088
2211930,1,2011,03,19,08,49,14,00048
2211930,2,2011,03,19,11,56,18,00105
2211930,3,2011,03,19,18,57,30,00226
2211930,1,2011,03,20,00,27,13,00088
2211930,2,2011,03,20,05,48,18,00103
2211930,1,2011,03,20,08,27,10,00035
2211930,1,2011,03,20,08,37,10,00033
2211930,1,2011,03,20,10,10,10,00030
2211930,1,2011,03,20,10,25,13,00062
2211930,3,2011,03,20,10,31,29,00310
2211930,1,2011,03,20,14,20,09,00026
2211930,3,2011,03,20,14,55,29,00397
2211930,1,2011,03,20,18,50,07,00041
2211930,2,2011,03,20,20,32,16,00122
2211930,2,2011,03,20,21,04,15,00048
2211930,2,2011,03,20,21,43,17,00080
2211930,1,2011,03,20,22,08,09,00048
2211930,1,2011,03,21,03,44,09,00043
2211930,2,2011,03,21,04,54,16,00099
2211930,1,2011,03,21,05,05,13,00072
2211930,1,2011,03,21,05,18,13,00042
2211930,1,2011,03,21,05,46,10,00074
2211930,1,2011,03,21,08,43,13,00075
2211930,1,2011,03,21,14,08,11,00067
2211930,2,2011,03,21,21,38,18,00059
2211930,1,2011,03,22,01,47,08,00035
2211930,1,2011,03,22,06,24,08,00041
2211930,1,2011,03,22,09,09,05,00044
2211930,2,2011,03,22,16,19,21,00116
2211930,1,2011,03,22,17,33,10,00035
2211930,4,2011,03,22,18,19,35,00501
2211930,2,2011,03,22,18,45,17,00201
2211930,1,2011,03,22,19,49,07,00067
2211930,1,2011,03,22,19,57,14,00057
2211930,2,2011,03,22,21,05,19,00062
2211930,1,2011,03,22,22,52,12,00024
2211930,1,2011,03,23,00,12,08,00035
2211930,2,2011,03,23,00,50,17,00061
2211930,2,2011,03,23,03,50,21,00419
2211930,1,2011,03,23,05,50,13,00054
2211930,3,2011,03,23,07,12,29,00195
2211930,2,2011,03,23,07,35,20,00114
2211930,3,2011,03,23,07,36,25,00174
2211930,1,2011,03,23,08,04,06,00023
2211930,1,2011,03,23,09,07,13,00047
2211930,1,2011,03,23,13,14,07,00038
2211930,1,2011,03,23,18,55,13,00044
2211930,2,2011,03,23,19,44,19,00086
2211930,1,2011,03,23,23,48,09,00046
2211930,1,2011,03,24,12,58,14,00035
2211930,4,2011,03,24,17,21,38,00523
2211930,1,2011,03,25,02,09,08,00024
2211930,2,2011,03,25,04,45,18,00101
2211930,3,2011,03,25,20,36,27,00187
2211930,3,2011,03,26,19,18,26,00209
2211930,2,2011,03,26,19,24,15,00104
2211930,1,2011,03,26,19,36,08,00059
2211930,1,2011,03,27,01,23,08,00030
2211930,1,2011,03,27,05,28,05,00042
2211930,1,2011,03,27,20,08,14,00083
2211930,2,2011,03,27,22,42,17,00060
2211930,1,2011,03,28,00,18,10,00033
2211930,1,2011,03,28,06,12,08,00025
2211930,4,2011,03,28,07,24,38,00546
2211930,1,2011,03,28,14,45,10,00026
2211930,1,2011,03,28,20,19,09,00021
2211930,2,2011,03,28,20,34,15,00092
2211930,2,2011,03,29,16,05,18,00146
2211930,3,2011,03,29,19,54,29,00225
2211930,1,2011,03,30,03,10,07,00032
2211930,1,2011,03,30,16,15,08,00048
2211930,1,2011,03,30,22,00,14,00046
2211930,2,2011,03,30,22,19,17,00093
2211930,3,2011,03,31,16,15,25,00150
2211930,1,2011,03,31,22,43,06,00025
2211930,1,2011,04,01,04,35,12,00042
2211930,1,2011,04,01,07,17,10,00044
2211930,1,2011,04,01,19,28,08,00053
2211930,2,2011,04,01,20,58,17,00057
2211930,1,2011,04,01,23,45,11,00027
2211930,1,2011,04,02,05,00,08,00024
2211930,3,2011,04,02,13,08,25,00174
2211930,1,2011,04,02,19,23,07,00024
2211930,1,2011,04,02,23,38,09,00032
2211930,1,2011,04,03,12,10,09,00020
2211930,4,2011,04,03,16,38,35,00693
2211930,2,2011,04,03,16,53,18,00148
2211930,1,2011,04,03,18,36,11,00061
2211930,2,2011,04,03,21,58,20,00156
2211930,1,2011,04,03,23,53,13,00047
2211930,1,2011,04,03,23,56,08,00032
2211930,1,2011,04,04,17,39,12,00049
2211930,1,2011,04,04,17,43,10,00037
2211930,1,2011,04,05,00,47,08,00051
2211930,2,2011,04,06,07,02,18,00108
2211930,1,2011,04,06,14,54,07,00042
2211930,1,2011,04,06,21,57,08,00033
2211930,4,2011,04,06,22,55,36,00740
2211930,1,2011,04,07,01,26,12,00051
2211930,1,2011,04,07,11,41,13,00049
2211930,B,2011,04,07,23,33,50,02541
2211930,1,2011,04,07,23,47,12,00071
2211930,2,2011,04,07,23,50,15,00080
2211930,1,2011,04,07,23,53,11,00047
2211930,1,2011,04,08,00,07,08,00038
2211930,1,2011,04,08,00,25,13,00058
2211930,1,2011,04,08,02,12,13,00092
2211930,1,2011,04,08,05,47,08,00052
2211930,1,2011,04,08,06,43,08,00054
2211930,1,2011,04,08,07,03,09,00019
2211930,1,2011,04,08,11,21,08,00050
2211930,2,2011,04,08,11,57,15,00084
2211930,1,2011,04,08,16,42,06,00039
2211930,1,2011,04,09,10,26,13,00031
2211930,1,2011,04,09,12,00,12,00061
2211930,1,2011,04,09,18,02,07,00024
2211930,3,2011,04,09,18,42,27,00386
2211930,1,2011,04,10,01,58,07,00025
2211930,1,2011,04,11,00,07,12,00063
2211930,1,2011,04,11,01,22,09,00048
2211930,1,2011,04,11,02,45,11,00050
2211930,1,2011,04,11,06,36,14,00065
2211930,3,2011,04,11,13,51,27,00304
2211930,4,2011,04,11,17,16,44,01088
2211930,3,2011,04,11,17,18,27,00178
2211930,1,2011,04,11,17,19,14,00042
2211930,1,2011,04,11,17,20,06,00019
2211930,2,2011,04,11,17,26,18,00072
2211930,1,2011,04,11,17,34,07,00029
2211930,2,2011,04,11,17,45,15,00070
2211930,1,2011,04,11,17,58,14,00044
2211930,2,2011,04,11,18,00,23,00124
2211930,1,2011,04,11,18,04,06,00017
2211930,2,2011,04,11,18,05,23,00108
2211930,1,2011,04,11,18,06,08,00028
2211930,1,2011,04,11,18,13,12,00037
2211930,1,2011,04,11,18,19,12,00068
2211930,1,2011,04,11,18,31,08,00022
2211930,1,2011,04,11,18,36,10,00035
2211930,2,2011,04,11,18,48,17,00076
2211930,1,2011,04,11,18,55,06,00026
2211930,1,2011,04,11,19,00,09,00027
2211930,1,2011,04,11,19,19,07,00018
2211930,1,2011,04,11,19,29,06,00020
2211930,1,2011,04,11,20,00,06,00017
2211930,2,2011,04,11,20,27,16,00053
2211930,3,2011,04,11,20,42,27,00183
2211930,1,2011,04,11,22,06,13,00045
2211930,1,2011,04,11,23,09,09,00023
2211930,2,2011,04,12,00,22,18,00079
2211930,1,2011,04,12,00,43,09,00034
2211930,2,2011,04,12,00,58,15,00043
2211930,1,2011,04,12,01,49,05,00019
2211930,1,2011,04,12,02,21,07,00022
2211930,1,2011,04,12,02,54,07,00021
2211930,1,2011,04,12,08,09,14,00031
2211930,1,2011,04,12,08,48,10,00050
2211930,2,2011,04,12,10,33,18,00150
2211930,1,2011,04,12,11,14,12,00034
2211930,3,2011,04,12,14,08,34,00453
2211930,1,2011,04,12,14,15,13,00034
2211930,2,2011,04,12,14,26,17,00056
2211930,1,2011,04,12,16,47,13,00053
2211930,1,2011,04,12,17,48,13,00043
2211930,1,2011,04,13,03,48,05,00018
2211930,1,2011,04,13,04,02,11,00028
2211930,1,2011,04,13,04,38,11,00032
2211930,1,2011,04,13,08,54,14,00062
2211930,2,2011,04,13,10,08,18,00076
2211930,1,2011,04,13,17,26,08,00027
2211930,1,2011,04,13,21,58,09,00033
2211930,2,2011,04,14,04,58,17,00039
2211930,1,2011,04,14,05,33,08,00016
2211930,1,2011,04,14,05,39,10,00084
2211930,2,2011,04,14,07,36,18,00079
2211930,2,2011,04,14,12,09,22,00118
2211930,1,2011,04,14,13,43,09,00055
2211930,1,2011,04,14,20,25,06,00020
2211930,1,2011,04,15,21,53,10,00046
2211930,1,2011,04,15,23,35,13,00034
2211930,1,2011,04,16,06,11,11,00031
2211930,2,2011,04,16,11,20,23,00109
2211930,1,2011,04,16,12,23,09,00053
2211930,3,2011,04,16,13,20,26,00453
2211930,1,2011,04,17,10,38,07,00026
2211930,1,2011,04,17,13,24,09,00046
2211930,1,2011,04,17,14,39,09,00025
2211930,1,2011,04,17,16,13,11,00043
2211930,1,2011,04,17,21,52,10,00036
2211930,2,2011,04,18,00,48,15,00061
2211930,1,2011,04,18,01,48,14,00135
2211930,1,2011,04,18,11,08,11,00031
2211930,1,2011,04,19,01,20,12,00080
2211930,1,2011,04,19,09,07,06,00033
2211930,2,2011,04,19,15,54,18,00066
2211930,1,2011,04,19,23,11,12,00031
2211930,1,2011,04,20,04,29,13,00065
2211930,2,2011,04,20,09,51,19,00066
2211930,1,2011,04,21,01,33,14,00083
2211930,1,2011,04,21,12,09,12,00043
2211930,2,2011,04,21,17,18,24,00152
2211930,2,2011,04,21,22,38,18,00059
2211930,3,2011,04,22,01,11,34,00902
2211930,1,2011,04,22,12,13,11,00049
2211930,1,2011,04,22,17,43,11,00111
2211930,4,2011,04,23,00,25,35,00620
2211930,1,2011,04,23,08,16,08,00019
2211930,2,2011,04,23,19,13,21,00099
2211930,1,2011,04,23,20,08,10,00032
2211930,1,2011,04,23,23,46,09,00080
2211930,1,2011,04,24,05,05,08,00049
2211930,1,2011,04,24,13,48,08,00035
2211930,1,2011,04,24,19,10,11,00037
2211930,1,2011,04,24,23,34,14,00067
2211930,2,2011,04,25,13,57,18,00214
2211930,1,2011,04,25,15,12,08,00080
2211930,1,2011,04,26,06,15,14,00045
2211930,2,2011,04,26,06,16,15,00086
2211930,1,2011,04,26,13,02,14,00048
2211930,1,2011,04,26,13,15,12,00071
2211930,1,2011,04,26,21,12,13,00037
2211930,1,2011,04,26,21,27,13,00083
2211930,1,2011,04,27,03,18,06,00064
2211930,2,2011,04,28,06,45,17,00086
2211930,2,2011,04,28,10,45,15,00065
2211930,3,2011,04,28,18,28,34,00571
2211930,2,2011,04,29,07,04,15,00158
2211930,1,2011,04,29,15,55,07,00022
2211930,2,2011,04,30,07,20,16,00053
2211930,2,2011,04,30,14,07,20,00117
2211930,2,2011,04,30,14,47,16,00094
2211930,2,2011,05,01,11,48,18,00133
2211930,1,2011,05,01,12,27,13,00051
2211930,1,2011,05,01,14,06,08,00057
2211930,2,2011,05,02,11,09,21,00214
2211930,1,2011,05,02,21,37,10,00037
2211930,1,2011,05,03,05,31,13,00053
2211930,1,2011,05,03,20,44,11,00051
2211930,1,2011,05,03,22,57,07,00026
2211930,2,2011,05,04,04,15,16,00131
2211930,2,2011,05,05,23,59,16,00069
2211930,1,2011,05,06,02,04,14,00050
2211930,1,2011,05,06,14,15,10,00030
2211930,1,2011,05,06,16,56,08,00038
2211930,1,2011,05,07,13,35,10,00051
2211930,2,2011,05,08,05,53,18,00045
2211930,1,2011,05,08,07,11,09,00031
2211930,3,2011,05,08,19,43,28,00556
2211930,1,2011,05,10,05,16,11,00041
2211930,1,2011,05,10,19,15,09,00024
2211930,1,2011,05,11,03,24,08,00039
2211930,1,2011,05,12,01,40,08,00073
2211930,1,2011,05,12,03,22,13,00043
2211930,1,2011,05,14,05,18,09,00050
2211930,3,2011,05,14,08,36,26,00254
2211930,2,2011,05,15,00,02,15,00146
2211930,3,2011,05,15,08,51,28,00466
2211930,1,2011,05,15,19,26,08,00023
2211930,2,2011,05,15,21,15,17,00064
2211930,1,2011,05,16,04,08,14,00060
2211930,2,2011,05,17,00,53,20,00247
2211930,1,2011,05,17,06,14,07,00051
2211930,1,2011,05,17,10,03,13,00159
2211930,1,2011,05,18,16,24,10,00038
2211930,2,2011,05,19,17,33,16,00080
2211930,1,2011,05,19,18,13,12,00032
2211930,1,2011,05,20,09,10,08,00030
2211930,1,2011,05,20,09,47,13,00037
2211930,3,2011,05,20,16,29,26,00319
2211930,1,2011,05,21,12,41,08,00045
2211930,1,2011,05,21,19,25,08,00041
2211930,1,2011,05,22,07,07,12,00032
2211930,1,2011,05,22,15,17,12,00087
2211930,1,2011,05,22,20,07,07,00023
2211930,1,2011,05,23,06,40,14,00089
2211930,1,2011,05,23,14,21,07,00020
2211930,1,2011,05,24,12,42,13,00022
2211930,1,2011,05,24,20,50,09,00043
2211930,1,2011,05,25,05,36,09,00034
2211930,1,2011,05,25,07,38,12,00125
2211930,2,2011,05,25,17,28,15,00071
2211930,1,2011,05,26,19,57,10,00025
2211930,1,2011,05,27,17,04,06,00016
2211930,1,2011,05,29,06,04,12,00087
2211930,1,2011,05,31,21,29,09,00026
2211930,1,2011,06,01,01,41,10,00073
2211930,1,2011,06,02,11,16,07,00037
2211930,2,2011,06,03,09,06,17,00067
2211930,1,2011,06,03,21,45,08,00036
2211930,2,2011,06,04,01,00,24,00158
2211930,1,2011,06,04,12,37,13,00086
2211930,1,2011,06,04,15,30,12,00074
2211930,1,2011,06,05,20,17,09,00029
2211930,1,2011,06,05,23,32,08,00031
2211930,2,2011,06,07,05,10,20,00182
2211930,1,2011,06,09,19,26,09,00024
2211930,1,2011,06,09,19,39,10,00034
2211930,2,2011,06,10,00,41,16,00086
2211930,1,2011,06,10,22,40,07,00028
2211930,1,2011,06,10,22,42,08,00027
2211930,2,2011,06,11,07,36,19,00097
2211930,2,2011,06,12,05,09,17,00080
2211930,1,2011,06,12,17,10,12,00042
2211930,1,2011,06,14,05,59,09,00060
2211930,1,2011,06,14,22,07,13,00057
2211930,1,2011,06,14,23,56,14,00042
2211930,1,2011,06,18,13,39,10,00035
2211930,3,2011,06,18,20,31,32,00436
2211930,1,2011,06,20,03,59,13,00075
2211930,1,2011,06,22,23,30,09,00018
2211930,3,2011,06,23,06,51,26,00129
2211930,1,2011,06,23,17,23,09,00055
2211930,3,2011,06,23,19,35,25,00234
2211930,1,2011,06,25,15,55,08,00022
2211930,1,2011,06,25,16,06,11,00034
2211930,1,2011,06,28,15,51,07,00043
2211930,1,2011,06,30,02,09,09,00048
2211930,2,2011,06,30,19,23,23,00182
2211930,1,2011,07,01,01,21,07,00047
2211930,1,2011,07,03,16,49,05,00013
2211930,1,2011,07,04,18,56,06,00040
2211930,2,2011,07,07,00,15,15,00039
2211930,1,2011,07,07,13,02,07,00027
2211930,1,2011,07,07,14,10,13,00060
2211930,3,2011,07,08,03,35,32,00451
2211930,1,2011,07,08,22,09,14,00063
2211930,3,2011,07,10,09,57,32,00289
2211930,1,2011,07,11,03,04,07,00068
2211930,1,2011,07,11,09,09,05,00019
2211930,1,2011,07,11,13,30,09,00026
2211930,1,2011,07,12,18,00,12,00048
2211930,1,2011,07,12,18,39,09,00056
2211930,1,2011,07,12,18,41,07,00025
2211930,2,2011,07,13,00,37,17,00068
2211930,1,2011,07,13,05,47,12,00032
2211930,2,2011,07,14,10,35,24,00258
2211930,1,2011,07,14,14,49,08,00040
2211930,1,2011,07,15,21,02,11,00031
2211930,1,2011,07,22,14,58,07,00032
2211930,1,2011,07,23,11,37,07,00024
2211930,3,2011,07,23,13,34,26,00181
2211930,2,2011,07,25,00,07,16,00058
2211930,4,2011,07,25,03,51,43,02461
2211930,2,2011,07,25,20,05,19,00106
2211930,1,2011,07,25,20,11,08,00030
2211930,1,2011,07,26,05,40,13,00054
2211930,1,2011,07,26,06,34,08,00018
2211930,1,2011,07,26,22,36,12,00062
2211930,2,2011,07,29,23,54,15,00049
2211930,4,2011,07,31,03,54,37,00786
2211930,1,2011,08,01,04,34,09,00031
2211930,1,2011,08,01,13,30,08,00029
2211930,1,2011,08,01,15,55,08,00027
2211930,1,2011,08,01,22,45,12,00027
2211930,1,2011,08,06,23,46,10,00037
2211930,1,2011,08,07,12,35,07,00019
2211930,1,2011,08,08,16,20,09,00035
2211930,2,2011,08,11,22,31,20,00129
2211930,4,2011,08,12,03,22,36,00515
2211930,1,2011,08,13,23,01,06,00019
2211930,2,2011,08,17,12,05,19,00123
2211930,1,2011,08,17,12,15,13,00057
2211930,2,2011,08,17,20,45,15,00070
2211930,1,2011,08,18,09,37,08,00065
2211930,4,2011,08,19,14,36,44,01875
2211930,1,2011,08,20,08,48,07,00043
2211930,1,2011,08,21,02,11,08,00046
2211930,1,2011,08,21,04,37,11,00045
2211930,1,2011,08,21,07,59,14,00074
2211930,1,2011,08,21,11,57,09,00058
2211930,2,2011,08,22,07,06,19,00133
2211930,1,2011,08,22,20,24,11,00025
2211930,1,2011,08,23,00,26,13,00086
2211930,1,2011,08,23,07,05,12,00060
2211930,1,2011,08,27,14,06,08,00021
2211930,1,2011,08,27,14,09,12,00134
2211930,1,2011,08,27,23,29,09,00032
2211930,1,2011,08,29,17,07,07,00021
2211930,1,2011,09,04,17,09,09,00051
2211930,2,2011,09,05,21,14,18,00220
2211930,2,2011,09,07,02,55,15,00055
2211930,1,2011,09,07,14,42,10,00034
2211930,2,2011,09,08,22,38,22,00132
2211930,1,2011,09,10,15,01,09,00025
2211930,1,2011,09,11,05,39,09,00050
2211930,1,2011,09,13,23,15,11,00028
2211930,2,2011,09,14,23,56,21,00167
2211930,2,2011,09,15,17,00,21,00086
2211930,2,2011,09,17,04,28,18,00042
2211930,1,2011,09,17,06,09,13,00030
2211930,1,2011,09,17,06,38,09,00014
2211930,1,2011,09,18,00,13,08,00035
2211930,2,2011,09,18,16,05,16,00036
2211930,1,2011,09,18,22,03,12,00083
2211930,2,2011,09,19,03,32,22,00127
2211930,1,2011,09,21,05,59,14,00067
2211930,2,2011,09,21,22,31,24,00121
2211930,2,2011,09,23,04,59,18,00158
2211930,1,2011,09,23,17,16,14,00030
2211930,2,2011,09,29,04,18,16,00129
2211930,1,2011,09,29,19,05,12,00042
2211930,1,2011,09,30,03,18,10,00048
2211930,1,2011,10,01,06,37,08,00032
2211930,2,2011,10,03,01,49,19,00074
2211930,1,2011,10,04,22,00,13,00085
2211930,2,2011,10,07,07,01,16,00155
2211930,1,2011,10,08,10,27,07,00040
2211930,4,2011,10,10,11,46,35,00765
2211930,1,2011,10,12,01,40,09,00044
2211930,1,2011,10,14,19,59,14,00093
2211930,1,2011,10,19,11,19,07,00033
2211930,2,2011,10,20,06,22,17,00061
2211930,1,2011,10,25,12,54,12,00068
2211930,2,2011,10,26,02,09,18,00101
2211930,1,2011,10,28,05,20,09,00052
2211930,1,2011,10,28,05,29,06,00045
2211930,2,2011,10,29,15,25,16,00090
2211930,1,2011,11,03,08,47,05,00050
2211930,1,2011,11,05,00,45,07,00018
2211930,1,2011,11,13,18,05,08,00038
2211930,1,2011,11,17,17,35,08,00025
2211930,1,2011,11,19,17,52,07,00027
2211930,2,2011,11,20,02,37,24,00174
2211930,2,2011,11,20,10,24,21,00089
2211930,1,2011,11,20,10,26,13,00034
2211930,1,2011,11,21,18,49,08,00022
2211930,3,2011,11,24,04,24,28,00274
2211930,1,2011,11,24,19,27,06,00010
2211930,1,2011,11,26,20,09,08,00054
2211930,2,2011,11,27,10,08,15,00170
2211930,1,2011,11,29,03,54,14,00059
2211930,1,2011,11,30,12,08,08,00055
2211930,2,2011,12,02,09,50,17,00095
2211930,1,2011,12,03,13,17,09,00036
2211930,2,2011,12,03,15,42,16,00098
2211930,2,2011,12,05,04,20,15,00110
2211930,1,2011,12,05,10,02,07,00015
2211930,1,2011,12,06,10,26,08,00039
2211930,2,2011,12,10,15,08,16,00065
2211930,1,2011,12,16,14,28,07,00028
2211930,1,2011,12,19,02,21,08,00026
2211930,1,2011,12,22,05,11,09,00041
2211930,1,2011,12,24,11,22,09,00056
2211930,1,2011,12,27,02,56,12,00120
2211930,1,2011,12,27,16,34,07,00026
2211930,1,2011,12,30,18,35,08,00048
2211930,1,2011,12,31,08,11,07,00022
2211930,3,2012,01,01,14,30,29,00237
2211930,1,2012,01,03,03,29,07,00018
2211930,1,2012,01,05,17,44,05,00059
2211930,1,2012,01,05,22,14,07,00027
2211930,1,2012,01,06,08,29,13,00043
2211930,2,2012,01,07,19,43,21,00171
2211930,1,2012,01,08,13,41,06,00022
2211930,1,2012,01,09,07,14,08,00023
2211930,1,2012,01,09,16,11,07,00023
2211930,1,2012,01,09,17,50,08,00030
2211930,1,2012,01,11,06,22,08,00053
2211930,3,2012,01,12,12,21,29,00239
2211930,2,2012,01,12,14,37,19,00084
2211930,1,2012,01,12,18,18,06,00066
2211930,1,2012,01,13,12,28,10,00046
2211930,1,2012,01,13,22,49,06,00035
2211930,1,2012,01,18,12,10,06,00019
2211930,1,2012,01,18,17,56,11,00048
2211930,1,2012,01,20,17,29,06,00042
2211930,3,2012,01,23,20,45,25,00220
2211930,1,2012,01,24,17,08,07,00041
2211930,2,2012,01,26,05,43,21,00160
2211930,1,2012,01,26,21,22,09,00038
2211930,1,2012,01,28,09,23,14,00032
2211930,1,2012,02,05,04,45,06,00066
2211930,1,2012,02,07,07,39,10,00064
2211930,1,2012,02,08,21,02,08,00019
2211930,1,2012,02,09,16,10,13,00102
2211930,1,2012,02,10,06,52,13,00074
2211930,1,2012,02,12,04,56,12,00047
2211930,2,2012,02,14,12,28,17,00050
2211930,2,2012,02,14,15,22,16,00044
2211930,2,2012,02,15,15,28,20,00130
2211930,1,2012,02,16,14,10,09,00037
2211930,1,2012,02,19,06,44,09,00033
2211930,1,2012,02,19,14,55,14,00046
2211930,1,2012,02,24,04,28,09,00048
2211930,1,2012,02,28,01,30,11,00047
2211930,1,2012,02,28,14,21,09,00034
2211930,2,2012,02,29,18,00,19,00133
2211930,2,2012,03,01,07,33,17,00063
2211930,2,2012,03,06,18,50,15,00080
2211930,1,2012,03,08,12,24,11,00041
2211930,1,2012,03,15,23,22,10,00036
2211930,1,2012,03,23,23,53,11,00090
2211930,3,2012,03,25,22,22,31,00665
2211930,1,2012,03,26,03,47,06,00033
2211930,3,2012,03,27,20,01,30,00188
2211930,1,2012,03,29,04,01,06,00022
2211930,1,2012,03,30,05,38,12,00083
2211930,3,2012,03,30,13,38,28,00465
2211930,3,2012,04,01,23,04,33,00464
2211930,1,2012,04,08,14,45,07,00038
2211930,1,2012,04,12,20,20,09,00026
2211930,3,2012,04,12,23,51,27,00233
2211930,3,2012,04,13,19,10,25,00152
2211930,2,2012,04,13,21,12,15,00049
2211930,1,2012,04,14,17,46,11,00054
2211930,1,2012,04,17,13,25,07,00035
2211930,1,2012,04,19,12,34,08,00030
2211930,1,2012,04,24,12,28,12,00076
2211930,1,2012,04,25,05,23,10,00018
2211930,2,2012,04,26,05,45,16,00089
2211930,1,2012,04,26,07,12,09,00050
2211930,1,2012,04,29,19,29,11,00025
2211930,1,2012,04,29,21,17,11,00047
2211930,1,2012,04,30,00,03,14,00041
2211930,2,2012,05,06,05,12,19,00124
2211930,1,2012,05,06,15,07,07,00032
2211930,1,2012,05,08,14,43,07,00027
2211930,1,2012,05,10,09,29,13,00037
2211930,1,2012,05,12,02,59,09,00056
2211930,1,2012,05,13,12,06,11,00048
2211930,2,2012,05,16,01,01,23,00156
2211930,1,2012,05,20,04,06,09,00017
2211930,2,2012,05,20,16,22,17,00038
2211930,1,2012,05,20,17,22,06,00012
2211930,2,2012,05,24,00,04,15,00038
2211930,1,2012,05,25,12,59,14,00117
2211930,1,2012,05,29,01,37,09,00020
2211930,2,2012,05,31,14,49,16,00113
2211930,1,2012,06,01,17,49,09,00022
2211930,1,2012,06,06,04,33,09,00019
2211930,1,2012,06,08,08,34,07,00031
2211930,2,2012,06,08,14,23,16,00067
2211930,1,2012,06,15,14,10,08,00039
2211930,1,2012,06,15,16,32,13,00072
2211930,3,2012,06,18,05,32,27,00179
2211930,2,2012,06,20,07,29,21,00168
2211930,1,2012,06,21,08,57,10,00039
2211930,1,2012,06,24,10,29,13,00047
2211930,1,2012,06,24,13,30,08,00028
2211930,3,2012,06,28,14,52,33,00582
2211930,2,2012,06,30,16,12,17,00115
2211930,1,2012,07,02,15,23,10,00040
2211930,1,2012,07,03,09,46,09,00037
2211930,1,2012,07,03,13,22,07,00028
2211930,1,2012,07,06,02,05,09,00031
2211930,1,2012,07,20,01,12,07,00040
2211930,2,2012,07,21,12,01,17,00092
2211930,1,2012,07,22,17,21,07,00030
2211930,2,2012,07,30,07,05,16,00067
2211930,1,2012,07,31,02,18,06,00030
2211930,2,2012,08,07,13,19,15,00093
2211930,1,2012,08,08,01,12,08,00019
2211930,1,2012,08,11,19,30,13,00050
2211930,1,2012,08,11,23,58,07,00047
2211930,1,2012,08,14,12,04,12,00018
2211930,1,2012,08,15,08,57,08,00037
2211930,1,2012,08,17,15,15,12,00051
2211930,1,2012,08,17,20,38,14,00080
2211930,1,2012,08,20,20,43,06,00018
2211930,2,2012,08,21,01,43,22,00184
2211930,1,2012,08,24,02,10,10,00066
2211930,1,2012,08,25,23,18,07,00013
2211930,3,2012,08,26,03,37,31,00480
2211930,3,2012,08,30,04,05,30,00440
2211930,1,2012,08,31,23,27,08,00024
2211930,1,2012,09,01,00,31,06,00026
2211930,1,2012,09,11,20,12,09,00042
2211930,2,2012,10,01,07,39,19,00099
2211930,1,2012,10,02,01,12,09,00047
2211930,1,2012,10,02,05,51,13,00066
2211930,2,2012,10,02,07,23,15,00033
2211930,2,2012,10,03,18,40,20,00101
2211930,1,2012,10,08,02,32,07,00035
2211930,1,2012,10,17,09,44,07,00019
2211930,1,2012,10,22,10,44,07,00025
2211930,1,2012,10,22,18,27,11,00051
2211930,3,2012,10,25,19,32,29,00327
2211930,1,2012,10,26,19,37,10,00034
2211930,1,2012,10,27,04,33,10,00089
2211930,2,2012,11,03,07,34,20,00278
2211930,1,2012,11,05,13,31,08,00028
2211930,1,2012,11,09,12,52,13,00044
2211930,2,2012,11,09,22,22,19,00255
2211930,1,2012,11,10,07,35,06,00037
2211930,2,2012,11,11,14,16,22,00235
2211930,2,2012,11,22,02,43,21,00112
2211930,3,2012,11,24,05,21,28,00288
