station,intensity,year,month,day,hour,minute,intensity_equip,acceleration_max_comb
3200631,1,2011,05,14,08,37,05,00015
3200631,1,2011,05,22,07,07,08,00018
3200631,1,2011,05,26,19,57,05,00018
3200631,1,2011,06,02,11,33,08,00051
3200631,1,2011,06,03,09,06,05,00016
3200631,1,2011,06,04,01,01,05,00017
3200631,1,2011,06,09,19,39,05,00018
3200631,1,2011,06,18,20,32,09,00014
3200631,1,2011,07,08,03,36,09,00019
3200631,1,2011,07,10,09,58,14,/////
3200631,2,2011,07,15,21,01,15,00055
3200631,1,2011,07,25,02,19,05,00030
3200631,1,2011,07,25,03,52,10,00022
3200631,2,2011,07,31,03,54,17,00058
3200631,1,2011,08,01,23,58,13,00024
3200631,1,2011,08,12,03,22,14,00030
3200631,1,2011,08,19,14,37,14,00030
3200631,1,2011,09,04,05,53,05,00021
3200631,1,2011,09,15,17,01,13,00027
3200631,1,2011,09,21,22,31,09,00027
3200631,1,2011,09,29,19,05,07,00014
3200631,1,2011,11,07,23,42,05,00022
3200631,1,2011,11,20,10,24,07,00022
3200631,1,2011,11,24,04,25,06,00015
3200631,2,2012,01,01,14,30,19,00075
3200631,1,2012,01,12,12,21,06,00020
3200631,1,2012,01,17,12,30,09,00037
3200631,1,2012,01,23,20,46,07,00026
3200631,1,2012,01,28,07,43,06,00019
3200631,1,2012,02,08,21,02,09,00030
3200631,1,2012,02,11,10,27,06,00032
3200631,1,2012,02,14,15,23,07,00012
3200631,1,2012,02,19,14,55,07,00021
3200631,1,2012,03,01,07,32,13,00059
3200631,1,2012,03,10,02,26,12,00041
3200631,1,2012,03,14,21,05,13,00035
3200631,1,2012,03,16,04,20,14,00060
3200631,1,2012,03,17,11,55,05,00026
3200631,1,2012,04,01,23,05,09,00021
3200631,1,2012,04,12,23,52,09,00014
3200631,1,2012,04,13,19,11,07,00015
3200631,1,2012,04,25,05,23,07,00017
3200631,1,2012,05,18,17,19,09,00045
3200631,1,2012,05,29,01,37,09,00030
3200631,1,2012,06,01,17,48,14,/////
3200631,1,2012,06,17,16,13,05,00027
3200631,1,2012,07,10,12,49,14,00059
3200631,2,2012,07,16,04,31,18,00163
3200631,1,2012,08,03,22,19,08,00038
3200631,1,2012,09,14,02,22,08,00020
3200631,1,2012,11,24,18,00,05,00025
3200631,3,2012,12,07,17,20,27,00146
3200631,2,2013,02,25,16,24,23,00239
3200631,1,2013,02,25,16,34,05,00024
3200631,1,2013,04,14,10,22,07,00020
3200631,1,2013,05,02,22,04,05,00029
3200631,1,2013,05,21,20,26,11,00071
3200631,1,2013,06,09,00,17,09,00068
3200631,2,2013,09,04,09,21,19,00061
3200631,1,2013,09,20,02,25,14,00052
3200631,1,2013,10,12,02,43,08,00034
3200631,2,2013,10,26,02,12,18,00064
3200631,1,2013,11,03,14,25,06,00025
3200631,1,2013,11,10,07,38,10,00031
3200631,1,2013,11,16,20,45,07,00027
3200631,1,2013,11,29,01,15,06,00023
3200631,1,2013,12,21,01,11,11,00044
3200631,1,2013,12,31,10,03,07,00021
3200631,1,2014,04,18,07,53,08,00047
3200631,2,2014,05,05,05,18,17,00069
3200631,1,2014,06,16,05,15,10,00029
3200631,2,2014,07,12,04,23,16,00025
3200631,1,2014,07,20,10,26,06,00025
3200631,3,2014,09,16,12,28,29,00301
3200631,1,2014,11,12,09,53,08,00044
3200631,2,2014,11,22,22,08,16,00040
3200631,1,2015,05,13,06,14,09,00013
3200631,2,2015,05,25,14,28,21,00156
3200631,1,2015,05,30,01,07,13,00067
3200631,2,2015,05,30,20,27,22,00061
3200631,1,2015,08,06,18,22,12,00043
3200631,1,2015,09,12,05,49,09,00034
3200631,1,2015,10,21,15,05,09,00024
3200631,1,2015,11,07,22,45,14,00077
3200631,1,2016,05,16,21,23,09,00038
3200631,1,2016,07,09,06,29,09,00047
3200631,1,2016,07,17,13,24,13,00057
3200631,1,2016,07,20,07,25,07,00029
3200631,1,2016,07,27,23,47,12,00032
3200631,1,2016,08,19,21,08,10,00031
3200631,1,2016,09,13,19,12,09,00045
3200631,1,2016,10,20,20,12,09,00054
3200631,2,2016,11,22,06,00,23,00085
3200631,1,2016,11,22,23,05,08,00018
3200631,1,2016,11,24,06,24,10,00017
3200631,2,2016,12,28,21,39,19,00079
3200631,1,2017,01,05,00,44,06,00019
3200631,1,2017,01,05,02,54,10,00017
3200631,1,2017,07,20,09,12,06,00013
3200631,2,2017,08,02,02,02,17,00085
3200631,1,2017,08,10,09,37,07,00021
3200631,1,2017,10,06,23,57,11,00042
3200631,1,2017,12,06,00,14,10,00046
3200631,1,2018,02,08,23,34,05,00039
3200631,1,2018,02,26,01,29,14,00037
3200631,1,2018,03,30,08,18,06,00025
3200631,1,2018,05,25,21,13,10,00036
3200631,3,2018,06,17,15,27,27,00417
3200631,1,2018,07,07,20,24,09,00017
3200631,1,2018,09,05,05,11,07,00025
3200631,1,2018,09,14,14,36,08,00025
3200631,1,2018,11,27,08,34,12,00040
3200631,1,2019,01,14,13,23,09,00040
3200631,1,2019,01,18,21,46,06,00017
3200631,1,2019,06,17,08,00,06,00021
3200631,2,2019,06,18,22,22,23,00123
3200631,1,2019,07,28,03,33,07,00016
3200631,2,2019,08,04,19,24,15,00036
3200631,2,2019,12,03,10,18,17,00115
3200631,1,2019,12,04,10,39,07,00032
3200631,1,2020,01,14,04,54,09,00045
3200631,1,2020,02,01,02,08,08,00030
3200631,1,2020,02,12,19,38,05,00014
3200631,1,2020,04,12,00,45,09,00037
3200631,1,2020,04,26,09,49,05,00025
3200631,1,2020,05,11,08,59,05,00015
3200631,2,2020,06,01,06,02,20,00081
3200631,1,2020,06,25,04,48,09,00017
3200631,1,2020,07,09,06,05,10,00050
3200631,1,2020,11,22,19,06,13,00040
3200631,1,2020,12,30,09,35,09,00029
