station,intensity,year,month,day,hour,minute,second,intensity_equip,acceleration_max_comb
3403430,1,2000,01,28,20,29,01. ,14,00057
3403430,1,2000,01,28,23,24,42. ,14,00031
3403430,1,2000,03,04,19,52,36. ,06,00040
3403430,1,2000,03,20,06,27,04. ,12,00054
3403430,1,2000,03,31,23,31,28. ,13,00064
3403430,1,2000,04,06,10,14,39. ,10,00050
3403430,3,2000,04,10,06,30,48. ,28,00363
3403430,2,2000,04,12,03,05,25. ,22,00103
3403430,2,2000,04,12,04,36,51. ,17,00080
3403430,1,2000,04,15,05,26,59. ,09,00104
3403430,1,2000,04,24,02,43,11. ,06,00027
3403430,1,2000,04,29,20,30,09. ,07,00050
3403430,1,2000,05,08,18,46,06. ,12,00056
3403430,2,2000,05,16,19,40,45. ,15,00137
3403430,4,2000,06,03,17,54,55. ,42,00918
3403430,1,2000,06,23,17,27,13. ,08,00059
3403430,1,2000,07,01,05,34,35. ,13,00030
3403430,1,2000,07,06,13,10,10. ,11,00042
3403430,2,2000,07,11,02,01,35. ,20,00243
3403430,2,2000,07,12,01,29,27. ,23,00311
3403430,2,2000,07,19,05,02,15. ,15,00075
3403430,3,2000,07,21,03,39,36. ,34,00505
3403430,2,2000,07,21,14,16,59. ,21,00062
3403430,1,2000,07,30,14,41,33. ,10,00085
3403430,2,2000,07,30,21,27,00. ,17,00034
3403430,2,2000,08,06,16,30,28. ,21,00066
3403430,1,2000,08,15,03,55,07. ,12,00055
3403430,1,2000,08,18,22,47,37. ,13,00044
3403430,2,2000,08,19,21,41,56. ,19,00073
3403430,1,2000,08,21,21,27,43. ,05,00042
3403430,2,2000,09,01,06,13,23. ,18,00104
3403430,2,2000,09,22,07,43,34. ,18,00076
3403430,1,2000,10,02,12,24,59. ,06,00071
3403430,1,2000,10,04,20,00,30. ,08,00050
3403430,1,2000,10,18,12,59,06. ,09,00031
3403430,1,2000,10,23,17,45,14. ,07,00039
3403430,1,2000,10,24,08,11,25. ,11,00045
3403430,1,2000,11,16,18,32,37. ,12,00036
3403430,1,2000,11,17,23,22,25. ,05,00067
3403430,1,2000,11,27,21,54,01. ,09,00049
3403430,3,2000,12,05,01,47,45. ,29,00254
3403430,1,2000,12,07,20,26,51. ,05,00078
3403430,1,2001,01,04,13,19,21. ,13,00033
3403430,1,2001,01,07,01,40,36. ,10,00028
3403430,1,2001,01,19,08,11,21. ,05,00053
3403430,1,2001,02,18,16,17,43. ,07,00063
3403430,2,2001,02,25,06,54,51. ,22,00085
3403430,2,2001,03,06,14,32,41. ,16,00097
3403430,2,2001,03,12,11,58,37. ,20,00149
3403430,1,2001,03,20,20,41,09. ,10,00051
3403430,1,2001,04,12,16,02,41. ,10,00032
3403430,2,2001,04,17,09,40,06. ,22,00130
3403430,1,2001,04,20,01,45,15. ,11,00050
3403430,1,2001,05,24,13,23,00. ,09,00056
3403430,3,2001,05,25,15,55,13. ,25,00209
3403430,1,2001,05,31,05,10,08. ,10,00035
3403430,2,2001,05,31,08,59,33. ,18,00120
3403430,1,2001,06,11,13,22,57. ,10,00076
3403430,1,2001,07,08,12,34,30. ,11,00046
3403430,2,2001,07,20,06,02,49. ,20,00145
3403430,1,2001,07,21,09,25,01. ,11,00049
3403430,1,2001,07,26,03,33,17. ,10,00074
3403430,2,2001,07,31,13,59,37. ,16,00056
3403430,1,2001,09,03,00,04,09. ,12,00065
3403430,2,2001,09,04,23,55,14. ,18,00073
3403430,2,2001,09,18,06,11,08. ,15,00064
3403430,1,2001,09,25,04,35,39. ,13,00049
3403430,1,2001,09,25,04,57,52. ,12,00061
3403430,1,2001,09,29,06,37,28. ,11,00044
3403430,1,2001,10,02,17,20,51. ,14,00046
3403430,1,2001,10,18,06,30,45. ,14,00067
3403430,1,2001,10,28,12,25,10. ,09,00049
3403430,1,2001,11,02,07,43,36. ,11,00102
3403430,1,2001,11,09,12,40,06. ,06,00049
3403430,2,2001,11,17,01,32,21. ,17,00058
3403430,1,2001,11,24,15,01,28. ,07,00032
3403430,1,2001,11,29,06,20,31. ,06,00053
3403430,2,2001,12,02,22,03,26. ,21,00118
3403430,1,2001,12,18,19,24,54. ,07,00032
3403430,1,2002,01,06,18,35,42. ,09,00049
3403430,1,2002,01,08,07,36,03. ,05,00046
3403430,2,2002,01,15,21,59,53. ,21,00133
3403430,1,2002,02,03,05,03,33. ,11,00061
3403430,1,2002,02,05,19,57,32. ,13,00058
3403430,1,2002,02,11,04,08,55. ,09,00034
3403430,3,2002,02,11,10,10,04. ,29,00232
3403430,3,2002,02,12,22,44,53. ,30,00350
3403430,1,2002,02,25,22,14,29. ,14,00071
3403430,1,2002,03,10,07,38,05. ,05,00075
3403430,1,2002,03,28,12,57,08. ,11,00039
3403430,2,2002,05,04,20,35,21. ,23,00134
3403430,1,2002,05,04,23,30,05. ,12,00073
3403430,2,2002,05,19,05,00,39. ,15,00054
3403430,1,2002,05,25,09,38,01. ,08,00035
3403430,3,2002,06,14,11,43,02. ,31,00975
3403430,2,2002,06,19,18,17,06. ,16,00034
3403430,2,2002,06,20,08,34,03. ,17,00103
3403430,1,2002,06,29,02,22,07. ,07,00032
3403430,2,2002,07,13,21,45,58. ,22,00144
3403430,1,2002,07,22,21,23,18. ,07,00105
3403430,2,2002,07,24,05,06,34. ,22,00082
3403430,3,2002,10,16,13,04,42. ,28,00240
3403430,2,2002,10,21,01,06,16. ,24,00171
3403430,1,2002,10,26,19,44,09. ,07,00032
3403430,2,2002,11,03,12,39,13. ,20,00058
3403430,1,2002,12,23,05,32,00. ,10,00107
3403430,2,2003,01,09,13,14,40. ,19,00154
3403430,1,2003,01,15,12,53,02. ,12,00114
3403430,2,2003,01,21,13,19,41. ,18,00098
3403430,2,2003,01,31,17,53,52. ,20,00128
3403430,1,2003,02,14,04,59,41. ,05,00056
3403430,1,2003,02,16,12,04,35. ,14,00057
3403430,2,2003,02,20,06,19,40. ,16,00090
3403430,1,2003,03,03,07,47,55. ,13,00034
3403430,2,2003,03,13,12,13,09. ,19,00125
3403430,2,2003,04,08,03,28,59. ,22,00080
3403430,2,2003,04,08,04,17,37. ,18,00138
3403430,2,2003,04,21,10,18,57. ,15,00112
3403430,2,2003,04,25,07,40,43. ,16,00104
3403430,1,2003,05,06,23,48,55. ,10,00111
3403430,2,2003,05,10,11,46,09. ,16,00074
3403430,1,2003,05,11,16,29,24. ,06,00036
3403430,2,2003,05,12,00,57,15. ,24,00190
3403430,2,2003,05,12,00,59,27. ,16,00075
3403430,3,2003,05,17,23,33,19. ,34,00896
3403430,1,2003,05,17,23,46,48. ,10,00051
3403430,2,2003,05,17,23,49,26. ,17,00137
3403430,3,2003,05,26,18,25,24. ,30,00293
3403430,1,2003,06,03,17,22,12. ,08,00038
3403430,2,2003,06,06,11,34,52. ,15,00075
3403430,2,2003,06,09,18,59,59. ,16,00132
3403430,1,2003,06,15,01,54,59. ,07,00031
3403430,2,2003,06,16,18,34,41. ,15,00072
3403430,1,2003,07,17,11,53,28. ,11,00044
3403430,1,2003,07,26,00,14,31. ,11,00026
3403430,2,2003,07,26,07,14,46. ,24,00064
3403430,3,2003,08,04,20,57,28. ,26,00298
3403430,1,2003,08,05,05,45,54. ,05,00073
3403430,1,2003,08,15,19,44,40. ,08,00034
3403430,2,2003,08,18,18,59,51. ,16,00066
3403430,1,2003,08,21,00,08,56. ,10,00058
3403430,2,2003,09,09,09,01,43. ,15,00061
3403430,3,2003,09,20,12,55,06. ,32,00232
3403430,2,2003,09,26,04,53,07. ,19,00051
3403430,2,2003,09,26,06,11,32. ,21,00049
3403430,2,2003,10,15,16,30,48. ,22,00134
3403430,2,2003,10,31,10,07,49. ,24,00070
3403430,3,2003,11,12,17,29,00. ,25,00164
3403430,1,2003,11,14,04,55,19. ,05,00029
3403430,3,2003,11,15,03,44,07. ,31,00463
3403430,3,2003,11,23,07,00,32. ,28,00211
3403430,1,2004,01,17,04,36,15. ,07,00045
3403430,1,2004,01,20,08,30,45. ,10,00036
3403430,1,2004,01,23,18,02,12. ,14,00079
3403430,1,2004,02,04,04,11,01. ,13,00083
3403430,1,2004,03,10,13,45,19. ,08,00040
3403430,3,2004,03,11,11,35,10. ,26,00252
3403430,1,2004,03,11,11,38,22. ,07,00037
3403430,3,2004,04,04,08,02,15. ,32,00379
3403430,2,2004,04,09,01,23,13. ,17,00193
3403430,1,2004,04,16,10,07,48. ,11,00068
3403430,1,2004,05,18,09,54,47. ,07,00053
3403430,2,2004,05,29,12,48,11. ,19,00042
3403430,1,2004,06,03,18,44,29. ,05,00045
3403430,2,2004,07,10,20,07,18. ,19,00177
3403430,2,2004,07,17,15,10,45. ,21,00070
3403430,1,2004,07,20,11,47,00. ,07,00042
3403430,1,2004,07,28,03,58,01. ,11,00091
3403430,1,2004,08,01,05,01,44. ,10,00039
3403430,2,2004,08,06,03,23,44. ,16,00060
3403430,2,2004,08,19,20,41,24. ,16,00089
3403430,2,2004,09,01,11,50,09. ,19,00082
3403430,4,2004,10,06,23,40,50. ,36,00533
3403430,1,2004,10,07,22,01,56. ,08,00042
3403430,1,2004,10,11,05,27,37. ,11,00048
3403430,3,2004,10,17,02,19,36. ,26,00174
3403430,3,2004,10,17,03,54,57. ,26,00162
3403430,3,2004,10,23,17,56,37. ,31,00198
3403430,2,2004,10,23,18,00,44. ,17,00033
3403430,2,2004,10,23,18,04,00. ,21,00064
3403430,2,2004,10,23,18,12,57. ,18,00052
3403430,3,2004,10,23,18,34,44. ,32,00174
3403430,1,2004,10,25,01,16,26. ,13,00056
3403430,2,2004,10,25,06,06,04. ,15,00036
3403430,2,2004,10,27,10,41,50. ,22,00076
3403430,1,2004,11,06,10,25,51. ,11,00057
3403430,1,2004,11,08,11,17,03. ,14,00028
3403430,2,2004,12,19,14,23,15. ,17,00062
3403430,2,2005,01,01,05,14,16. ,20,00137
3403430,2,2005,02,08,11,29,40. ,19,00162
3403430,4,2005,02,16,04,46,47. ,39,01335
3403430,1,2005,02,23,21,59,08. ,12,00061
3403430,1,2005,03,27,21,44,23. ,12,00046
3403430,2,2005,04,04,02,58,00. ,18,00061
3403430,1,2005,04,04,17,43,40. ,10,00107
3403430,A,2005,04,11,07,22,23. ,46,01180
3403430,1,2005,04,11,12,04,01. ,08,00050
3403430,1,2005,04,11,15,35,22. ,08,00028
3403430,2,2005,04,25,10,19,50. ,16,00165
3403430,1,2005,05,08,15,05,19. ,10,00036
3403430,1,2005,05,14,00,15,00. ,09,00047
3403430,1,2005,05,15,15,56,00. ,10,00032
3403430,2,2005,05,15,19,01,29. ,19,00087
3403430,2,2005,05,19,10,14,38. ,24,00150
3403430,2,2005,05,30,07,34,43. ,20,00120
3403430,1,2005,06,09,09,29,09. ,11,00037
3403430,3,2005,06,20,01,15,21. ,34,00578
3403430,1,2005,06,20,01,24,59. ,10,00056
3403430,1,2005,06,21,19,11,24. ,10,00065
3403430,2,2005,06,24,22,08,51. ,16,00082
3403430,2,2005,07,11,07,27,49. ,15,00084
3403430,1,2005,07,11,23,49,17. ,10,00042
3403430,2,2005,07,22,09,27,12. ,19,00132
3403430,2,2005,07,28,19,15,47. ,20,00115
3403430,1,2005,08,07,01,05,47. ,12,00048
3403430,2,2005,08,08,00,07,03. ,24,00116
3403430,4,2005,08,16,11,48,11. ,37,00303
3403430,2,2005,09,09,16,15,38. ,16,00049
3403430,1,2005,09,20,20,40,09. ,11,00037
3403430,3,2005,10,16,16,05,53. ,26,00297
3403430,4,2005,10,19,20,44,56. ,37,00711
3403430,2,2005,10,22,22,13,21. ,20,00146
3403430,1,2005,10,23,19,09,35. ,08,00047
3403430,1,2005,10,31,02,32,21. ,07,00037
3403430,1,2005,11,12,06,02,31. ,09,00066
3403430,2,2005,11,15,06,39,56. ,16,00122
3403430,2,2005,11,16,06,18,13. ,19,00186
3403430,2,2005,11,17,10,53,31. ,15,00098
3403430,1,2005,12,02,21,54,59. ,11,00059
3403430,2,2005,12,02,22,14,22. ,24,00072
3403430,1,2005,12,05,07,21,54. ,13,00027
3403430,2,2005,12,17,03,33,33. ,21,00078
3403430,1,2005,12,25,20,07,04. ,11,00067
3403430,2,2005,12,28,18,46,17. ,20,00174
3403430,1,2005,12,28,23,03,58. ,12,00055
3403430,2,2006,01,14,15,30,19. ,19,00212
3403430,2,2006,02,01,20,36,11. ,19,00100
3403430,2,2006,02,03,13,37,54. ,23,00121
3403430,2,2006,02,03,13,39,50. ,20,00080
3403430,2,2006,02,03,14,38,41. ,15,00055
3403430,2,2006,02,03,14,42,11. ,17,00063
3403430,2,2006,02,03,15,10,28. ,15,00062
3403430,1,2006,02,06,20,26,20. ,12,00052
3403430,1,2006,03,10,17,56,22. ,08,00042
3403430,1,2006,03,13,12,41,32. ,12,00064
3403430,1,2006,03,13,13,06,48. ,10,00031
3403430,1,2006,03,13,13,16,05. ,14,00043
3403430,1,2006,03,28,22,35,11. ,14,00034
3403430,1,2006,04,02,20,47,12. ,13,00064
3403430,1,2006,04,10,09,22,14. ,08,00033
3403430,2,2006,04,14,16,33,50. ,19,00217
3403430,2,2006,04,20,12,40,35. ,18,00106
3403430,1,2006,04,23,03,09,59. ,07,00063
3403430,1,2006,05,01,16,01,08. ,07,00043
3403430,1,2006,06,20,06,47,32. ,10,00034
3403430,1,2006,07,06,15,17,38. ,08,00079
3403430,1,2006,08,01,22,12,03. ,11,00067
3403430,2,2006,08,31,17,18,31. ,18,00086
3403430,2,2006,09,07,03,06,45. ,16,00063
3403430,2,2006,09,07,10,57,57. ,16,00055
3403430,2,2006,10,14,06,38,22. ,19,00082
3403430,1,2006,11,24,01,08,30. ,07,00043
3403430,3,2006,12,04,06,08,42. ,27,00454
3403430,1,2006,12,31,08,30,34. ,14,00047
3403430,1,2007,01,04,00,40,25. ,06,00045
3403430,1,2007,01,05,06,41,31. ,06,00030
3403430,1,2007,01,09,13,18,19. ,10,00059
3403430,1,2007,01,13,13,30,29. ,13,00031
3403430,2,2007,01,16,03,18,53. ,17,00062
3403430,1,2007,03,03,18,26,29. ,09,00039
3403430,2,2007,03,14,22,39,56. ,21,00127
3403430,1,2007,03,22,10,29,21. ,11,00050
3403430,1,2007,04,03,09,55,00. ,11,00041
3403430,1,2007,04,14,05,42,55. ,13,00076
3403430,1,2007,05,08,21,01,54. ,11,00056
3403430,1,2007,06,01,07,29,24. ,09,00034
3403430,2,2007,06,02,14,43,25. ,21,00198
3403430,1,2007,06,23,23,53,20. ,12,00074
3403430,2,2007,07,03,23,31,21. ,23,00174
3403430,3,2007,07,16,10,14,11. ,33,00171
3403430,2,2007,07,16,10,17,10. ,16,00027
3403430,2,2007,07,16,23,18,51. ,18,00099
3403430,1,2007,07,21,16,36,33. ,12,00068
3403430,1,2007,08,01,17,18,02. ,09,00029
3403430,3,2007,08,16,04,15,17. ,26,00142
3403430,1,2007,08,16,08,20,53. ,13,00040
3403430,1,2007,08,16,09,22,33. ,11,00042
3403430,1,2007,08,18,04,15,08. ,10,00026
3403430,1,2007,08,18,13,37,12. ,09,00029
3403430,2,2007,08,18,16,55,21. ,19,00072
3403430,1,2007,08,29,22,38,52. ,08,00039
3403430,1,2007,09,21,07,55,01. ,13,00027
3403430,2,2007,10,07,22,36,15. ,17,00070
3403430,1,2007,10,17,22,33,44. ,07,00032
3403430,1,2007,11,11,19,49,11. ,10,00045
3403430,1,2007,11,26,16,00,55. ,08,00090
3403430,2,2007,11,26,22,52,30. ,17,00057
3403430,1,2007,11,27,08,06,07. ,11,00068
3403430,2,2007,11,30,18,37,15. ,20,00208
3403430,1,2007,12,02,09,24,51. ,08,00091
3403430,1,2008,01,16,02,56,07. ,13,00059
3403430,1,2008,02,09,07,07,39. ,13,00059
3403430,1,2008,03,02,18,33,56. ,12,00091
3403430,2,2008,03,08,01,55,14. ,23,00193
3403430,2,2008,03,09,06,13,56. ,17,00219
3403430,2,2008,03,24,12,40,55. ,18,00077
3403430,1,2008,03,24,22,30,35. ,09,00035
3403430,3,2008,04,04,19,02,06. ,25,00171
3403430,1,2008,04,06,21,55,57. ,14,00086
3403430,1,2008,04,17,04,21,03. ,12,00048
3403430,2,2008,04,25,18,52,56. ,18,00104
3403430,2,2008,05,01,07,34,17. ,19,00080
3403430,1,2008,05,05,09,27,20. ,12,00054
3403430,1,2008,05,07,18,59,44. ,11,00029
3403430,3,2008,05,08,01,02,23. ,30,00277
3403430,2,2008,05,08,01,04,20. ,23,00104
3403430,2,2008,05,08,01,13,06. ,15,00042
3403430,2,2008,05,08,01,16,59. ,21,00076
3403430,4,2008,05,08,01,45,38. ,39,00657
3403430,1,2008,05,08,01,51,34. ,11,00031
3403430,1,2008,05,08,02,31,58. ,12,00032
3403430,1,2008,05,08,03,20,33. ,14,00046
3403430,1,2008,05,08,04,20,55. ,13,00045
3403430,1,2008,05,09,05,12,21. ,08,00027
3403430,1,2008,05,09,07,43,31. ,13,00044
3403430,2,2008,05,09,08,21,30. ,21,00070
3403430,1,2008,05,09,08,59,02. ,05,00038
3403430,1,2008,05,31,14,04,13. ,09,00031
3403430,1,2008,05,31,16,56,31. ,12,00036
3403430,3,2008,06,14,08,45,13. ,29,00121
3403430,1,2008,06,22,12,48,57. ,09,00040
3403430,2,2008,07,05,16,49,20. ,22,00176
3403430,1,2008,07,14,19,41,27. ,06,00037
3403430,3,2008,07,19,11,40,25. ,29,00141
3403430,2,2008,07,21,20,31,30. ,20,00058
3403430,3,2008,07,24,00,27,22. ,27,00204
3403430,2,2008,08,20,15,13,40. ,24,00321
3403430,3,2008,08,22,20,00,03. ,25,00320
3403430,1,2008,08,28,17,32,08. ,08,00029
3403430,2,2008,09,11,12,14,26. ,15,00081
3403430,2,2008,09,21,07,17,25. ,17,00063
3403430,1,2008,10,25,15,02,11. ,12,00032
3403430,2,2008,11,22,21,13,41. ,22,00196
3403430,2,2008,12,14,19,26,04. ,15,00084
3403430,2,2008,12,20,19,30,25. ,21,00047
3403430,2,2008,12,21,18,18,02. ,17,00031
3403430,2,2008,12,31,00,48,45. ,15,00061
3403430,1,2009,01,03,16,13,46. ,09,00033
3403430,2,2009,01,29,08,56,22. ,21,00106
3403430,1,2009,01,29,09,06,06. ,11,00047
3403430,3,2009,02,01,06,52,17. ,26,00231
3403430,1,2009,03,04,19,04,42. ,14,00067
3403430,2,2009,04,14,01,59,04. ,15,00071
3403430,2,2009,04,21,07,54,34. ,20,00120
3403430,1,2009,04,21,18,58,44. ,10,00035
3403430,2,2009,04,28,06,37,52. ,22,00175
3403430,3,2009,06,06,14,52,58. ,25,00137
3403430,1,2009,06,10,13,06,56. ,12,00040
3403430,3,2009,08,09,19,57,50. ,30,00265
3403430,2,2009,08,11,05,08,09. ,19,00043
3403430,2,2009,08,13,07,50,16. ,16,00042
3403430,1,2009,08,17,02,21,24. ,12,00051
3403430,1,2009,08,18,06,59,32. ,12,00069
3403430,1,2009,08,31,00,46,39. ,10,00039
3403430,2,2009,09,01,21,02,42. ,16,00058
3403430,2,2009,09,04,11,30,44. ,15,00062
3403430,1,2009,09,05,11,00,13. ,12,00055
3403430,1,2009,10,01,19,43,25. ,14,00104
3403430,2,2009,10,23,10,28,54. ,15,00081
3403430,3,2009,12,18,05,41,47. ,25,00212
3403430,1,2009,12,20,20,52,49. ,14,00065
3403430,1,2010,02,22,18,53,13. ,11,00081
3403430,2,2010,03,13,21,47,17. ,18,00128
3403430,3,2010,03,14,17,08,44. ,28,00192
3403430,1,2010,03,29,10,29,46. ,11,00056
3403430,2,2010,03,31,06,18,54. ,17,00150
3403430,1,2010,06,06,07,19,51. ,10,00042
3403430,2,2010,06,13,12,33,34. ,24,00133
3403430,1,2010,06,27,15,24,28. ,11,00098
3403430,2,2010,07,04,15,03,16. ,16,00114
3403430,1,2010,07,05,06,58,09. ,14,00024
3403430,4,2010,07,23,06,06,37. ,38,01125
3403430,2,2010,07,23,06,08,45. ,16,00216
3403430,2,2010,08,03,07,31,19. ,15,00095
3403430,2,2010,08,13,06,52,29. ,16,00154
3403430,2,2010,09,14,22,11,36. ,18,00276
3403430,2,2010,09,22,05,31,59. ,23,00228
3403430,1,2010,09,27,02,55,23. ,11,00037
3403430,2,2010,09,29,17,00,43. ,17,00046
3403430,1,2010,09,30,21,47,46. ,12,00056
3403430,1,2010,10,04,20,32,43. ,11,00053
3403430,3,2010,10,09,15,12,27. ,29,00533
3403430,3,2010,10,10,10,00,11. ,26,00553
3403430,2,2010,10,10,10,05,05. ,18,00261
3403430,2,2010,10,24,13,50,55. ,16,00092
3403430,2,2010,11,05,07,31,25. ,17,00072
3403430,2,2010,11,05,19,14,17. ,17,00089
3403430,2,2010,11,24,20,09,22. ,24,00228
3403430,1,2010,11,27,08,55,03. ,11,00046
3403430,3,2010,11,30,12,28,00. ,25,00105
3403430,1,2010,12,22,02,23,50. ,13,00032
3403430,1,2011,01,09,11,21,55. ,10,00109
3403430,1,2011,01,25,14,25,23. ,13,00027
3403430,1,2011,02,05,10,56,49. ,14,00032
3403430,2,2011,02,10,22,03,47. ,16,00070
3403430,2,2011,02,16,10,30,34. ,16,00081
3403430,3,2011,03,09,11,47,40. ,27,00089
3403430,2,2011,03,10,03,17,53. ,22,00050
3403430,2,2011,03,10,06,25,37. ,23,00056
3403430,B,2011,03,11,14,48,20. ,54,03049
3403430,4,2011,03,11,14,52,20. ,35,00253
3403430,3,2011,03,11,14,55,21. ,25,00168
3403430,3,2011,03,11,14,56,20. ,27,00157
3403430,2,2011,03,11,14,57,20. ,21,00095
3403430,2,2011,03,11,14,59,20. ,24,00093
3403430,2,2011,03,11,15,01,20. ,15,00060
3403430,3,2011,03,11,15,04,30. ,25,00108
3403430,2,2011,03,11,15,05,30. ,22,00134
3403430,3,2011,03,11,15,08,30. ,30,00168
3403430,3,2011,03,11,15,07,37. ,32,00214
3403430,3,2011,03,11,15,09,30. ,31,00221
3403430,3,2011,03,11,15,11,30. ,27,00358
3403430,3,2011,03,11,15,13,30. ,26,00140
3403430,2,2011,03,11,15,14,30. ,23,00068
3403430,B,2011,03,11,15,16,30. ,52,02910
3403430,3,2011,03,11,15,18,30. ,28,00178
3403430,3,2011,03,11,15,19,30. ,33,00199
3403430,3,2011,03,11,15,20,30. ,28,00152
3403430,3,2011,03,11,15,21,30. ,25,00116
3403430,2,2011,03,11,15,24,30. ,19,00063
3403430,3,2011,03,11,15,27,30. ,29,00249
3403430,2,2011,03,11,15,26,30. ,24,00205
3403430,3,2011,03,11,15,28,30. ,29,00211
3403430,2,2011,03,11,15,30,30. ,16,00076
3403430,2,2011,03,11,15,31,30. ,20,00069
3403430,2,2011,03,11,15,33,31. ,22,00083
3403430,2,2011,03,11,15,34,30. ,18,00053
3403430,3,2011,03,11,15,35,30. ,28,00233
3403430,2,2011,03,11,15,37,32. ,15,00045
3403430,2,2011,03,11,15,38,30. ,21,00071
3403430,1,2011,03,11,15,42,04. ,10,00033
3403430,1,2011,03,11,15,43,27. ,13,00036
3403430,2,2011,03,11,15,45,30. ,23,00170
3403430,1,2011,03,11,15,48,50. ,12,00055
3403430,2,2011,03,11,15,49,50. ,15,00065
3403430,1,2011,03,11,15,53,57. ,11,00031
3403430,2,2011,03,11,15,55,00. ,15,00055
3403430,2,2011,03,11,15,56,29. ,15,00044
3403430,3,2011,03,11,15,57,25. ,34,00307
3403430,1,2011,03,11,15,59,58. ,13,00037
3403430,1,2011,03,11,16,00,50. ,13,00036
3403430,3,2011,03,11,16,03,11. ,27,00180
3403430,1,2011,03,11,16,05,12. ,14,00045
3403430,1,2011,03,11,16,09,44. ,12,00040
3403430,2,2011,03,11,16,12,51. ,15,00022
3403430,3,2011,03,11,16,14,09. ,27,00113
3403430,3,2011,03,11,16,16,00. ,32,00227
3403430,2,2011,03,11,16,18,00. ,24,00290
3403430,2,2011,03,11,16,19,00. ,23,00079
3403430,2,2011,03,11,16,20,00. ,17,00032
3403430,1,2011,03,11,16,23,06. ,10,00053
3403430,2,2011,03,11,16,27,15. ,19,00077
3403430,3,2011,03,11,16,30,40. ,26,00233
3403430,2,2011,03,11,16,31,40. ,23,00114
3403430,1,2011,03,11,16,32,40. ,14,00041
3403430,2,2011,03,11,16,33,40. ,15,00054
3403430,3,2011,03,11,16,43,09. ,27,00207
3403430,2,2011,03,11,16,44,00. ,18,00043
3403430,3,2011,03,11,16,45,00. ,25,00167
3403430,3,2011,03,11,16,46,00. ,25,00115
3403430,2,2011,03,11,16,50,26. ,21,00073
3403430,1,2011,03,11,16,52,31. ,10,00032
3403430,2,2011,03,11,16,57,16. ,17,00059
3403430,2,2011,03,11,17,00,15. ,16,00077
3403430,2,2011,03,11,17,02,42. ,16,00037
3403430,2,2011,03,11,17,05,49. ,17,00067
3403430,2,2011,03,11,17,10,51. ,21,00090
3403430,3,2011,03,11,17,12,27. ,31,00246
3403430,2,2011,03,11,17,16,20. ,16,00069
3403430,4,2011,03,11,17,19,39. ,36,00450
3403430,2,2011,03,11,17,28,18. ,17,00057
3403430,2,2011,03,11,17,29,10. ,19,00056
3403430,2,2011,03,11,17,31,40. ,23,00203
3403430,3,2011,03,11,17,35,34. ,30,00328
3403430,3,2011,03,11,17,41,22. ,28,00262
3403430,2,2011,03,11,17,44,28. ,19,00047
3403430,1,2011,03,11,17,56,59. ,10,00034
3403430,1,2011,03,11,18,03,50. ,13,00075
3403430,3,2011,03,11,18,04,50. ,28,00199
3403430,3,2011,03,11,18,20,12. ,25,00137
3403430,2,2011,03,11,18,37,04. ,21,00089
3403430,2,2011,03,11,18,38,00. ,17,00044
3403430,2,2011,03,11,18,55,54. ,19,00174
3403430,2,2011,03,11,19,16,00. ,18,00096
3403430,2,2011,03,11,19,21,56. ,20,00094
3403430,2,2011,03,11,19,36,06. ,17,00073
3403430,1,2011,03,11,19,43,52. ,10,00061
3403430,2,2011,03,11,19,45,45. ,21,00102
3403430,1,2011,03,11,19,46,52. ,11,00034
3403430,1,2011,03,11,20,01,54. ,13,00046
3403430,2,2011,03,11,20,03,25. ,17,00106
3403430,1,2011,03,11,20,07,56. ,13,00062
3403430,2,2011,03,11,20,11,45. ,16,00030
3403430,2,2011,03,11,20,13,37. ,19,00097
3403430,2,2011,03,11,20,17,24. ,19,00085
3403430,3,2011,03,11,20,21,13. ,30,00246
3403430,2,2011,03,11,20,26,20. ,17,00082
3403430,2,2011,03,11,20,37,59. ,18,00049
3403430,1,2011,03,11,20,40,12. ,12,00029
3403430,3,2011,03,11,20,46,57. ,25,00175
3403430,2,2011,03,11,20,56,47. ,18,00064
3403430,2,2011,03,11,20,59,53. ,16,00025
3403430,2,2011,03,11,21,13,39. ,22,00092
3403430,2,2011,03,11,21,25,17. ,16,00050
3403430,1,2011,03,11,21,29,23. ,11,00031
3403430,2,2011,03,11,21,49,38. ,15,00042
3403430,1,2011,03,11,21,59,19. ,14,00092
3403430,3,2011,03,11,22,17,12. ,25,00184
3403430,2,2011,03,11,22,34,57. ,17,00051
3403430,2,2011,03,11,22,35,50. ,17,00032
3403430,1,2011,03,11,22,48,17. ,14,00065
3403430,3,2011,03,11,23,00,48. ,34,00796
3403430,2,2011,03,11,23,32,20. ,15,00093
3403430,1,2011,03,11,23,44,37. ,14,00072
3403430,2,2011,03,11,23,54,41. ,18,00040
3403430,3,2011,03,11,23,56,32. ,28,00223
3403430,2,2011,03,12,00,08,09. ,15,00055
3403430,4,2011,03,12,00,13,36. ,36,00336
3403430,2,2011,03,12,00,15,30. ,17,00041
3403430,3,2011,03,12,00,21,00. ,29,00165
3403430,2,2011,03,12,00,22,00. ,17,00027
3403430,1,2011,03,12,00,33,24. ,12,00033
3403430,1,2011,03,12,00,39,17. ,12,00032
3403430,3,2011,03,12,00,42,27. ,27,00175
3403430,1,2011,03,12,00,57,35. ,11,00027
3403430,1,2011,03,12,01,19,38. ,11,00063
3403430,1,2011,03,12,01,30,05. ,10,00045
3403430,1,2011,03,12,01,49,40. ,13,00057
3403430,1,2011,03,12,01,57,44. ,12,00059
3403430,2,2011,03,12,02,18,11. ,22,00050
3403430,1,2011,03,12,02,24,35. ,13,00031
3403430,1,2011,03,12,02,31,33. ,13,00045
3403430,3,2011,03,12,03,12,17. ,28,00121
3403430,2,2011,03,12,03,17,42. ,15,00046
3403430,2,2011,03,12,03,44,42. ,20,00120
3403430,2,2011,03,12,03,45,50. ,16,00079
3403430,2,2011,03,12,03,55,48. ,15,00046
3403430,3,2011,03,12,03,59,56. ,30,00145
3403430,2,2011,03,12,04,01,50. ,18,00031
3403430,1,2011,03,12,04,05,03. ,14,00030
3403430,3,2011,03,12,04,08,53. ,31,00417
3403430,3,2011,03,12,04,24,39. ,31,00451
3403430,2,2011,03,12,04,32,57. ,16,00044
3403430,2,2011,03,12,04,46,15. ,16,00085
3403430,1,2011,03,12,04,53,14. ,11,00040
3403430,1,2011,03,12,04,59,08. ,12,00052
3403430,2,2011,03,12,05,24,16. ,19,00063
3403430,1,2011,03,12,05,26,17. ,11,00027
3403430,2,2011,03,12,05,35,18. ,24,00150
3403430,1,2011,03,12,06,16,35. ,12,00055
3403430,1,2011,03,12,06,35,11. ,10,00049
3403430,2,2011,03,12,06,48,56. ,18,00109
3403430,3,2011,03,12,07,36,21. ,28,00310
3403430,1,2011,03,12,08,26,56. ,10,00045
3403430,2,2011,03,12,08,59,48. ,17,00080
3403430,2,2011,03,12,09,45,32. ,19,00075
3403430,1,2011,03,12,10,00,56. ,10,00045
3403430,1,2011,03,12,10,12,47. ,14,00048
3403430,1,2011,03,12,10,14,40. ,11,00044
3403430,1,2011,03,12,10,43,56. ,12,00034
3403430,2,2011,03,12,10,48,29. ,23,00066
3403430,2,2011,03,12,10,49,20. ,20,00046
3403430,1,2011,03,12,11,34,46. ,12,00047
3403430,2,2011,03,12,11,59,31. ,19,00118
3403430,2,2011,03,12,12,12,18. ,23,00091
3403430,2,2011,03,12,12,35,16. ,16,00031
3403430,1,2011,03,12,12,49,40. ,10,00037
3403430,1,2011,03,12,12,51,23. ,13,00073
3403430,2,2011,03,12,12,55,02. ,19,00082
3403430,2,2011,03,12,13,37,45. ,16,00095
3403430,1,2011,03,12,13,47,53. ,11,00026
3403430,2,2011,03,12,15,01,04. ,15,00049
3403430,2,2011,03,12,15,44,26. ,18,00110
3403430,2,2011,03,12,16,04,38. ,15,00065
3403430,1,2011,03,12,16,21,27. ,12,00036
3403430,2,2011,03,12,16,54,28. ,18,00072
3403430,1,2011,03,12,17,14,14. ,13,00031
3403430,1,2011,03,12,17,22,40. ,11,00040
3403430,1,2011,03,12,17,53,19. ,10,00056
3403430,1,2011,03,12,19,01,10. ,11,00028
3403430,2,2011,03,12,20,46,22. ,24,00126
3403430,2,2011,03,12,20,47,20. ,17,00027
3403430,1,2011,03,12,21,01,44. ,14,00056
3403430,2,2011,03,12,22,14,39. ,22,00116
3403430,3,2011,03,12,22,16,16. ,25,00148
3403430,1,2011,03,12,22,23,23. ,10,00047
3403430,2,2011,03,12,22,41,09. ,18,00066
3403430,1,2011,03,12,22,57,39. ,12,00046
3403430,3,2011,03,12,23,15,00. ,27,00201
3403430,2,2011,03,12,23,17,27. ,16,00097
3403430,2,2011,03,12,23,35,20. ,23,00143
3403430,1,2011,03,13,05,42,13. ,10,00039
3403430,2,2011,03,13,07,11,29. ,16,00095
3403430,2,2011,03,13,07,13,44. ,20,00066
3403430,2,2011,03,13,07,14,40. ,20,00040
3403430,2,2011,03,13,07,44,49. ,18,00107
3403430,2,2011,03,13,07,50,14. ,17,00085
3403430,3,2011,03,13,08,25,56. ,25,00137
3403430,1,2011,03,13,08,41,31. ,11,00040
3403430,2,2011,03,13,09,33,04. ,21,00168
3403430,2,2011,03,13,09,41,40. ,18,00094
3403430,3,2011,03,13,10,26,27. ,34,00283
3403430,1,2011,03,13,11,33,19. ,13,00035
3403430,2,2011,03,13,20,08,15. ,18,00112
3403430,2,2011,03,13,20,38,38. ,18,00048
3403430,2,2011,03,13,20,56,43. ,17,00057
3403430,2,2011,03,14,00,11,05. ,22,00103
3403430,2,2011,03,14,01,04,56. ,21,00133
3403430,1,2011,03,14,01,50,58. ,11,00044
3403430,2,2011,03,14,02,00,02. ,17,00158
3403430,1,2011,03,14,02,02,09. ,13,00030
3403430,3,2011,03,14,02,29,19. ,25,00184
3403430,2,2011,03,14,02,55,57. ,23,00060
3403430,1,2011,03,14,03,03,43. ,13,00077
3403430,2,2011,03,14,04,16,49. ,18,00104
3403430,2,2011,03,14,05,00,43. ,15,00035
3403430,1,2011,03,14,05,23,59. ,12,00116
3403430,1,2011,03,14,06,44,53. ,12,00045
3403430,2,2011,03,14,07,16,45. ,20,00127
3403430,1,2011,03,14,07,21,00. ,14,00030
3403430,1,2011,03,14,08,41,57. ,11,00051
3403430,2,2011,03,14,08,54,01. ,23,00153
3403430,2,2011,03,14,09,01,58. ,20,00220
3403430,4,2011,03,14,10,02,54. ,43,00924
3403430,1,2011,03,14,10,12,23. ,12,00042
3403430,2,2011,03,14,10,13,20. ,20,00159
3403430,2,2011,03,14,11,11,42. ,23,00186
3403430,2,2011,03,14,15,13,52. ,20,00051
3403430,2,2011,03,14,15,19,20. ,20,00167
3403430,2,2011,03,14,15,52,59. ,16,00071
3403430,2,2011,03,14,16,25,46. ,15,00054
3403430,2,2011,03,14,20,06,47. ,23,00173
3403430,2,2011,03,15,03,41,28. ,23,00110
3403430,2,2011,03,15,04,04,21. ,16,00079
3403430,1,2011,03,15,05,04,49. ,14,00055
3403430,2,2011,03,15,07,04,23. ,21,00098
3403430,1,2011,03,15,09,19,03. ,13,00102
3403430,2,2011,03,15,12,20,58. ,22,00172
3403430,1,2011,03,15,14,28,48. ,11,00047
3403430,1,2011,03,15,16,04,16. ,10,00040
3403430,1,2011,03,15,18,41,18. ,11,00074
3403430,2,2011,03,15,18,51,26. ,17,00033
3403430,2,2011,03,15,19,31,37. ,23,00127
3403430,2,2011,03,15,22,29,05. ,19,00056
3403430,2,2011,03,15,22,32,26. ,24,00082
3403430,1,2011,03,16,00,07,20. ,11,00054
3403430,1,2011,03,16,02,41,15. ,12,00040
3403430,1,2011,03,16,02,52,17. ,12,00071
3403430,2,2011,03,16,05,30,20. ,21,00054
3403430,1,2011,03,16,08,58,31. ,13,00043
3403430,1,2011,03,16,10,08,30. ,11,00054
3403430,4,2011,03,16,12,52,11. ,40,00828
3403430,3,2011,03,16,12,53,10. ,27,00100
3403430,2,2011,03,16,13,15,09. ,18,00083
3403430,2,2011,03,16,13,17,36. ,23,00163
3403430,2,2011,03,16,20,20,23. ,15,00092
3403430,3,2011,03,16,22,39,11. ,31,00318
3403430,1,2011,03,17,02,19,45. ,14,00046
3403430,1,2011,03,17,07,05,16. ,13,00103
3403430,1,2011,03,17,09,46,17. ,14,00062
3403430,2,2011,03,17,17,26,08. ,15,00040
3403430,1,2011,03,17,20,41,25. ,13,00098
3403430,3,2011,03,17,21,32,13. ,34,00429
3403430,3,2011,03,17,21,33,10. ,25,00126
3403430,3,2011,03,17,21,55,16. ,31,00270
3403430,1,2011,03,17,23,50,23. ,12,00041
3403430,1,2011,03,18,01,45,02. ,12,00038
3403430,1,2011,03,18,03,38,50. ,11,00048
3403430,2,2011,03,18,03,56,49. ,15,00025
3403430,2,2011,03,18,05,09,27. ,15,00158
3403430,2,2011,03,18,06,06,55. ,17,00077
3403430,2,2011,03,18,09,41,52. ,20,00077
3403430,3,2011,03,18,17,01,46. ,30,00284
3403430,1,2011,03,18,17,27,25. ,12,00105
3403430,2,2011,03,19,06,19,11. ,16,00062
3403430,1,2011,03,19,08,50,03. ,12,00039
3403430,1,2011,03,19,15,43,29. ,10,00036
3403430,4,2011,03,19,18,57,07. ,36,00555
3403430,2,2011,03,20,10,31,16. ,21,00119
3403430,1,2011,03,20,14,56,34. ,11,00028
3403430,1,2011,03,20,19,59,57. ,10,00055
3403430,2,2011,03,20,23,49,17. ,16,00048
3403430,1,2011,03,21,04,55,03. ,11,00058
3403430,1,2011,03,21,05,44,46. ,14,00126
3403430,2,2011,03,21,14,08,29. ,19,00077
3403430,2,2011,03,21,19,55,11. ,22,00177
3403430,2,2011,03,21,22,49,49. ,21,00151
3403430,1,2011,03,22,00,08,34. ,12,00055
3403430,1,2011,03,22,10,14,27. ,10,00030
3403430,3,2011,03,22,12,38,54. ,27,00105
3403430,2,2011,03,22,15,00,11. ,16,00061
3403430,3,2011,03,22,16,19,35. ,34,00391
3403430,1,2011,03,22,17,33,43. ,11,00044
3403430,3,2011,03,22,18,19,42. ,31,00170
3403430,3,2011,03,22,21,04,26. ,25,00103
3403430,1,2011,03,22,21,57,40. ,14,00059
3403430,3,2011,03,22,22,51,11. ,29,00227
3403430,2,2011,03,23,00,04,20. ,19,00054
3403430,2,2011,03,23,01,06,24. ,15,00033
3403430,2,2011,03,23,01,12,35. ,23,00080
3403430,1,2011,03,23,02,50,24. ,12,00024
3403430,1,2011,03,23,04,10,35. ,13,00039
3403430,2,2011,03,23,07,13,05. ,23,00140
3403430,2,2011,03,23,07,35,31. ,23,00142
3403430,3,2011,03,23,07,37,04. ,25,00176
3403430,1,2011,03,23,19,44,15. ,13,00041
3403430,1,2011,03,24,01,54,44. ,14,00104
3403430,2,2011,03,24,05,29,07. ,18,00109
3403430,3,2011,03,24,05,33,08. ,26,00319
3403430,3,2011,03,24,05,43,24. ,31,00382
3403430,3,2011,03,24,08,57,01. ,27,00399
3403430,2,2011,03,24,11,33,30. ,16,00070
3403430,1,2011,03,24,16,04,36. ,13,00032
3403430,2,2011,03,24,17,22,34. ,17,00050
3403430,1,2011,03,25,03,14,20. ,12,00072
3403430,2,2011,03,25,20,37,53. ,19,00049
3403430,2,2011,03,26,05,52,19. ,22,00172
3403430,2,2011,03,26,16,20,01. ,16,00061
3403430,2,2011,03,26,16,53,02. ,16,00057
3403430,1,2011,03,26,16,57,03. ,12,00032
3403430,1,2011,03,26,19,20,08. ,10,00037
3403430,1,2011,03,26,19,30,33. ,13,00046
3403430,1,2011,03,26,19,43,04. ,11,00030
3403430,1,2011,03,27,02,32,27. ,14,00070
3403430,1,2011,03,27,02,42,46. ,10,00149
3403430,1,2011,03,27,04,53,06. ,10,00099
3403430,2,2011,03,28,06,12,15. ,15,00072
3403430,2,2011,03,28,07,25,16. ,20,00071
3403430,2,2011,03,28,14,45,41. ,16,00032
3403430,3,2011,03,29,19,56,20. ,26,00089
3403430,1,2011,03,29,21,25,17. ,10,00043
3403430,2,2011,03,30,17,52,56. ,20,00238
3403430,2,2011,03,30,21,51,56. ,21,00061
3403430,2,2011,03,30,22,19,29. ,21,00172
3403430,1,2011,03,30,22,57,49. ,11,00077
3403430,2,2011,03,30,23,45,42. ,17,00075
3403430,1,2011,03,31,05,00,41. ,12,00050
3403430,1,2011,03,31,05,33,55. ,11,00044
3403430,1,2011,04,01,23,45,08. ,14,00042
3403430,1,2011,04,01,23,59,36. ,11,00084
3403430,1,2011,04,02,14,08,26. ,13,00064
3403430,3,2011,04,02,16,56,06. ,30,00460
3403430,1,2011,04,02,18,05,43. ,10,00048
3403430,1,2011,04,03,11,49,42. ,10,00123
3403430,1,2011,04,03,16,39,41. ,14,00048
3403430,2,2011,04,03,20,57,32. ,17,00088
3403430,1,2011,04,04,20,46,38. ,10,00053
3403430,1,2011,04,05,05,44,18. ,13,00085
3403430,1,2011,04,05,13,32,40. ,10,00095
3403430,1,2011,04,05,18,09,20. ,10,00036
3403430,1,2011,04,05,23,41,55. ,12,00046
3403430,1,2011,04,06,06,24,22. ,11,00046
3403430,3,2011,04,06,19,09,30. ,27,00372
3403430,1,2011,04,06,21,57,19. ,13,00054
3403430,1,2011,04,06,22,55,47. ,14,00050
3403430,2,2011,04,07,11,41,11. ,17,00079
3403430,2,2011,04,07,19,52,23. ,18,00126
3403430,4,2011,04,07,23,34,20. ,35,00394
3403430,1,2011,04,08,11,57,54. ,13,00057
3403430,1,2011,04,09,03,57,17. ,13,00068
3403430,1,2011,04,09,12,33,23. ,11,00062
3403430,2,2011,04,09,17,02,30. ,17,00146
3403430,2,2011,04,10,06,23,26. ,15,00068
3403430,1,2011,04,10,13,12,53. ,10,00056
3403430,1,2011,04,11,05,20,21. ,11,00051
3403430,2,2011,04,11,06,36,25. ,23,00151
3403430,1,2011,04,11,13,52,32. ,13,00060
3403430,4,2011,04,11,17,16,33. ,42,00842
3403430,4,2011,04,11,17,17,30. ,38,00366
3403430,2,2011,04,11,17,19,30. ,20,00051
3403430,2,2011,04,11,17,27,06. ,18,00077
3403430,1,2011,04,11,17,34,29. ,10,00031
3403430,1,2011,04,11,17,45,48. ,12,00038
3403430,2,2011,04,11,17,58,38. ,16,00079
3403430,1,2011,04,11,18,00,22. ,12,00033
3403430,2,2011,04,11,18,05,52. ,20,00113
3403430,1,2011,04,11,18,13,03. ,12,00046
3403430,2,2011,04,11,18,36,52. ,16,00077
3403430,1,2011,04,11,19,00,38. ,12,00037
3403430,1,2011,04,11,20,01,11. ,10,00036
3403430,1,2011,04,11,20,28,08. ,11,00031
3403430,3,2011,04,11,20,42,55. ,30,00250
3403430,2,2011,04,11,22,06,15. ,16,00076
3403430,1,2011,04,12,00,58,33. ,13,00047
3403430,1,2011,04,12,05,04,19. ,11,00035
3403430,4,2011,04,12,08,08,27. ,40,00991
3403430,1,2011,04,12,08,48,53. ,13,00045
3403430,1,2011,04,12,10,24,10. ,12,00044
3403430,2,2011,04,12,11,24,02. ,19,00093
3403430,4,2011,04,12,14,08,04. ,36,00424
3403430,1,2011,04,12,14,27,10. ,13,00048
3403430,2,2011,04,12,17,49,01. ,20,00091
3403430,1,2011,04,13,02,00,20. ,11,00080
3403430,3,2011,04,13,08,36,33. ,26,00210
3403430,3,2011,04,13,10,08,23. ,30,00354
3403430,1,2011,04,13,21,58,48. ,14,00051
3403430,2,2011,04,14,07,36,15. ,19,00108
3403430,3,2011,04,14,12,09,33. ,25,00122
3403430,3,2011,04,16,11,19,46. ,34,00520
3403430,2,2011,04,17,05,21,43. ,20,00130
3403430,2,2011,04,17,13,39,04. ,20,00216
3403430,3,2011,04,17,15,49,27. ,25,00219
3403430,2,2011,04,18,01,56,57. ,16,00137
3403430,1,2011,04,19,06,34,31. ,10,00036
3403430,3,2011,04,19,23,10,30. ,25,00181
3403430,1,2011,04,20,06,38,24. ,12,00060
3403430,1,2011,04,20,09,51,27. ,12,00040
3403430,1,2011,04,21,00,30,10. ,10,00065
3403430,4,2011,04,21,22,37,09. ,41,00786
3403430,2,2011,04,21,22,47,18. ,22,00186
3403430,2,2011,04,21,22,54,07. ,21,00173
3403430,2,2011,04,22,00,07,04. ,21,00101
3403430,2,2011,04,22,01,12,08. ,21,00100
3403430,1,2011,04,23,00,25,56. ,13,00050
3403430,1,2011,04,23,19,14,28. ,11,00034
3403430,2,2011,04,25,06,07,04. ,16,00054
3403430,3,2011,04,25,18,00,28. ,34,00696
3403430,2,2011,04,26,21,12,10. ,20,00122
3403430,2,2011,04,28,18,28,37. ,18,00079
3403430,2,2011,04,30,02,04,32. ,22,00107
3403430,2,2011,04,30,14,06,58. ,20,00068
3403430,1,2011,04,30,14,47,43. ,11,00058
3403430,3,2011,05,01,02,12,13. ,30,00327
3403430,2,2011,05,01,08,08,36. ,16,00112
3403430,1,2011,05,01,08,24,46. ,13,00055
3403430,2,2011,05,01,10,27,54. ,15,00065
3403430,1,2011,05,01,11,49,10. ,11,00085
3403430,2,2011,05,01,16,04,37. ,18,00146
3403430,2,2011,05,01,19,22,48. ,18,00071
3403430,1,2011,05,04,03,40,30. ,13,00077
3403430,1,2011,05,04,20,43,40. ,12,00041
3403430,1,2011,05,06,00,00,00. ,11,00027
3403430,1,2011,05,06,02,05,09. ,11,00033
3403430,1,2011,05,09,21,08,42. ,14,00062
3403430,2,2011,05,10,19,15,00. ,17,00050
3403430,1,2011,05,11,02,02,25. ,12,00084
3403430,3,2011,05,11,05,24,25. ,31,00407
3403430,1,2011,05,12,03,20,30. ,11,00034
3403430,2,2011,05,13,22,51,25. ,16,00110
3403430,1,2011,05,13,22,54,53. ,14,00095
3403430,2,2011,05,14,06,49,35. ,24,00188
3403430,2,2011,05,14,08,36,36. ,21,00090
3403430,2,2011,05,16,06,58,25. ,16,00088
3403430,1,2011,05,17,22,41,16. ,11,00064
3403430,1,2011,05,19,21,12,35. ,11,00087
3403430,4,2011,05,20,09,46,26. ,35,00418
3403430,1,2011,05,20,16,29,35. ,14,00049
3403430,2,2011,05,20,17,53,13. ,17,00083
3403430,1,2011,05,21,05,21,06. ,10,00075
3403430,4,2011,05,22,07,06,35. ,44,01491
3403430,2,2011,05,24,20,49,36. ,18,00127
3403430,2,2011,05,25,09,19,26. ,15,00073
3403430,1,2011,05,26,19,57,05. ,14,00049
3403430,1,2011,05,27,17,04,46. ,07,00028
3403430,1,2011,05,28,00,03,00. ,13,00056
3403430,2,2011,05,28,10,57,35. ,19,00129
3403430,1,2011,05,28,11,14,22. ,08,00040
3403430,1,2011,05,29,18,49,43. ,06,00029
3403430,2,2011,05,31,04,36,53. ,20,00068
3403430,1,2011,05,31,16,50,23. ,13,00064
3403430,1,2011,06,03,09,06,28. ,11,00033
3403430,2,2011,06,03,10,33,41. ,16,00073
3403430,3,2011,06,04,01,00,53. ,25,00165
3403430,1,2011,06,05,06,14,33. ,11,00041
3403430,1,2011,06,05,10,22,20. ,11,00039
3403430,3,2011,06,09,19,38,47. ,30,00243
3403430,1,2011,06,10,17,18,55. ,13,00050
3403430,2,2011,06,11,15,19,09. ,16,00091
3403430,2,2011,06,12,09,38,04. ,16,00132
3403430,1,2011,06,12,17,10,10. ,09,00038
3403430,2,2011,06,12,21,58,27. ,17,00049
3403430,1,2011,06,13,03,31,48. ,14,00051
3403430,1,2011,06,13,16,44,50. ,09,00045
3403430,1,2011,06,14,22,08,16. ,14,00035
3403430,1,2011,06,15,16,42,17. ,10,00086
3403430,1,2011,06,17,04,00,46. ,13,00034
3403430,1,2011,06,18,13,39,46. ,10,00029
3403430,2,2011,06,18,20,32,40. ,23,00064
3403430,1,2011,06,19,15,53,06. ,12,00030
3403430,2,2011,06,20,10,46,55. ,18,00063
3403430,3,2011,06,21,17,49,56. ,26,00209
3403430,1,2011,06,22,06,16,40. ,14,00043
3403430,2,2011,06,23,06,53,05. ,19,00042
3403430,1,2011,06,23,08,34,45. ,06,00034
3403430,1,2011,06,24,15,54,43. ,14,00083
3403430,1,2011,06,25,16,06,38. ,10,00046
3403430,1,2011,06,28,00,05,04. ,14,00075
3403430,2,2011,06,30,07,14,46. ,22,00171
3403430,1,2011,06,30,10,19,51. ,10,00044
3403430,2,2011,07,01,20,03,59. ,16,00136
3403430,1,2011,07,03,04,41,12. ,10,00039
3403430,1,2011,07,04,12,24,54. ,10,00053
3403430,2,2011,07,07,00,15,24. ,24,00116
3403430,1,2011,07,07,07,31,40. ,05,00043
3403430,2,2011,07,08,03,36,15. ,21,00159
3403430,1,2011,07,08,13,58,50. ,10,00090
3403430,3,2011,07,10,09,59,00. ,26,00127
3403430,1,2011,07,10,13,18,30. ,10,00049
3403430,1,2011,07,15,12,25,25. ,12,00052
3403430,1,2011,07,15,17,53,56. ,06,00034
3403430,3,2011,07,15,21,01,23. ,28,00266
3403430,1,2011,07,22,07,49,03. ,12,00031
3403430,1,2011,07,22,10,36,42. ,06,00037
3403430,1,2011,07,23,13,36,05. ,12,00030
3403430,3,2011,07,25,03,52,07. ,26,00154
3403430,1,2011,07,25,04,16,45. ,06,00034
3403430,2,2011,07,25,20,55,18. ,22,00056
3403430,2,2011,07,26,05,35,37. ,20,00253
3403430,1,2011,07,26,20,44,21. ,10,00120
3403430,2,2011,07,28,05,23,10. ,15,00069
3403430,1,2011,07,29,07,12,08. ,12,00064
3403430,1,2011,07,29,10,59,44. ,09,00035
3403430,2,2011,07,29,23,54,10. ,19,00047
3403430,1,2011,07,30,08,26,35. ,13,00080
3403430,1,2011,07,30,13,07,53. ,11,00053
3403430,4,2011,07,31,03,54,14. ,35,00587
3403430,2,2011,08,01,23,59,26. ,15,00029
3403430,2,2011,08,05,02,45,39. ,16,00063
3403430,2,2011,08,06,16,15,20. ,21,00080
3403430,1,2011,08,07,12,35,19. ,13,00049
3403430,1,2011,08,10,04,36,00. ,12,00045
3403430,1,2011,08,11,10,26,42. ,12,00052
3403430,3,2011,08,12,03,22,27. ,28,00217
3403430,1,2011,08,15,15,27,01. ,11,00047
3403430,1,2011,08,15,16,18,41. ,14,00070
3403430,1,2011,08,17,09,23,32. ,14,00110
3403430,1,2011,08,17,16,56,10. ,12,00037
3403430,1,2011,08,17,17,46,20. ,09,00027
3403430,1,2011,08,19,00,40,00. ,10,00089
3403430,3,2011,08,19,14,37,11. ,26,00168
3403430,2,2011,08,22,17,36,33. ,19,00091
3403430,2,2011,08,22,20,23,59. ,21,00063
3403430,1,2011,08,23,07,05,36. ,07,00044
3403430,1,2011,08,23,11,14,03. ,12,00101
3403430,1,2011,08,25,21,03,58. ,11,00090
3403430,1,2011,08,27,14,06,01. ,09,00038
3403430,1,2011,08,30,03,22,24. ,14,00055
3403430,1,2011,08,31,02,20,53. ,14,00101
3403430,1,2011,08,31,18,33,17. ,11,00044
3403430,1,2011,09,01,11,51,09. ,07,00033
3403430,1,2011,09,02,07,39,50. ,12,00038
3403430,1,2011,09,03,16,43,14. ,11,00051
3403430,1,2011,09,03,21,41,26. ,10,00047
3403430,2,2011,09,04,05,53,20. ,15,00053
3403430,2,2011,09,05,17,04,34. ,15,00109
3403430,1,2011,09,08,22,39,14. ,11,00030
3403430,2,2011,09,10,15,00,49. ,24,00211
3403430,1,2011,09,11,03,35,53. ,11,00070
3403430,1,2011,09,11,19,09,52. ,10,00035
3403430,1,2011,09,13,02,42,57. ,12,00065
3403430,3,2011,09,15,17,00,27. ,32,00319
3403430,2,2011,09,16,14,27,21. ,17,00084
3403430,1,2011,09,17,18,05,08. ,06,00044
3403430,2,2011,09,19,18,36,49. ,15,00097
3403430,1,2011,09,20,23,59,22. ,13,00109
3403430,2,2011,09,21,22,31,19. ,20,00164
3403430,1,2011,09,22,19,43,39. ,13,00075
3403430,1,2011,09,23,05,00,08. ,07,00034
3403430,2,2011,09,23,17,16,25. ,15,00067
3403430,2,2011,09,29,19,05,48. ,18,00050
3403430,2,2011,10,01,02,20,21. ,20,00152
3403430,1,2011,10,03,06,49,16. ,08,00035
3403430,2,2011,10,04,20,58,56. ,16,00083
3403430,1,2011,10,09,01,09,02. ,13,00047
3403430,2,2011,10,10,11,46,48. ,18,00088
3403430,1,2011,10,26,02,09,30. ,13,00067
3403430,1,2011,10,29,02,12,27. ,09,00054
3403430,2,2011,11,03,19,34,39. ,24,00220
3403430,2,2011,11,04,11,59,38. ,20,00104
3403430,2,2011,11,04,23,56,44. ,18,00106
3403430,1,2011,11,05,00,30,24. ,12,00051
3403430,1,2011,11,09,14,24,56. ,11,00052
3403430,1,2011,11,17,18,43,38. ,13,00049
3403430,2,2011,11,20,04,27,51. ,19,00087
3403430,2,2011,11,20,10,24,08. ,20,00106
3403430,1,2011,11,23,14,33,41. ,11,00065
3403430,3,2011,11,24,04,25,17. ,25,00113
3403430,1,2011,11,27,13,06,28. ,05,00037
3403430,1,2011,11,28,23,33,30. ,13,00085
3403430,2,2011,12,02,17,16,35. ,15,00091
3403430,3,2011,12,03,05,55,48. ,25,00134
3403430,1,2011,12,05,10,01,55. ,13,00038
3403430,2,2011,12,08,07,12,03. ,16,00072
3403430,1,2011,12,11,20,16,36. ,12,00084
3403430,2,2011,12,12,04,51,23. ,18,00112
3403430,2,2011,12,12,14,13,26. ,23,00165
3403430,1,2011,12,15,07,45,53. ,13,00096
3403430,1,2011,12,16,15,12,32. ,09,00037
3403430,2,2011,12,18,18,02,17. ,17,00061
3403430,2,2011,12,19,16,01,59. ,19,00079
3403430,1,2011,12,20,02,25,13. ,08,00033
3403430,1,2011,12,22,05,11,07. ,11,00052
3403430,1,2011,12,23,23,44,31. ,07,00047
3403430,1,2011,12,26,02,41,47. ,14,00053
3403430,1,2011,12,31,08,11,37. ,09,00029
3403430,3,2012,01,01,14,30,02. ,32,00307
3403430,2,2012,01,03,03,29,06. ,16,00061
3403430,2,2012,01,06,05,55,56. ,17,00072
3403430,1,2012,01,11,21,47,27. ,11,00058
3403430,2,2012,01,12,10,40,25. ,19,00135
3403430,2,2012,01,12,12,21,20. ,24,00153
3403430,1,2012,01,16,15,21,17. ,10,00028
3403430,1,2012,01,16,15,29,18. ,14,00054
3403430,1,2012,01,17,12,30,35. ,11,00054
3403430,1,2012,01,18,10,25,21. ,07,00032
3403430,1,2012,01,19,20,50,56. ,07,00042
3403430,1,2012,01,19,22,10,03. ,13,00079
3403430,1,2012,01,22,10,20,49. ,07,00046
3403430,1,2012,01,22,12,09,23. ,13,00036
3403430,2,2012,01,23,20,46,20. ,17,00076
3403430,3,2012,01,27,13,19,36. ,25,00215
3403430,2,2012,01,27,14,27,50. ,15,00088
3403430,1,2012,01,28,07,43,59. ,12,00038
3403430,1,2012,01,28,14,21,35. ,12,00028
3403430,2,2012,02,05,08,59,19. ,16,00142
3403430,1,2012,02,05,09,38,11. ,10,00040
3403430,1,2012,02,06,07,06,16. ,14,00030
3403430,1,2012,02,07,22,38,23. ,08,00033
3403430,1,2012,02,11,10,27,19. ,14,00060
3403430,1,2012,02,12,17,26,27. ,07,00040
3403430,2,2012,02,14,12,28,11. ,20,00065
3403430,1,2012,02,14,12,30,39. ,11,00025
3403430,3,2012,02,14,15,22,21. ,26,00117
3403430,1,2012,02,15,04,15,30. ,12,00084
3403430,2,2012,02,16,02,32,31. ,19,00151
3403430,1,2012,02,18,09,39,03. ,10,00026
3403430,2,2012,02,18,23,20,53. ,21,00091
3403430,1,2012,02,19,03,22,13. ,05,00103
3403430,3,2012,02,19,14,55,14. ,25,00167
3403430,1,2012,02,21,09,34,38. ,14,00202
3403430,1,2012,02,24,13,10,46. ,11,00045
3403430,3,2012,02,28,14,21,04. ,25,00175
3403430,2,2012,02,29,18,00,53. ,19,00075
3403430,3,2012,02,29,23,33,05. ,26,00108
3403430,3,2012,03,01,07,32,46. ,27,00281
3403430,2,2012,03,02,19,12,17. ,15,00040
3403430,1,2012,03,08,03,51,12. ,12,00095
3403430,2,2012,03,10,02,25,55. ,21,00108
3403430,2,2012,03,14,18,11,15. ,15,00045
3403430,4,2012,03,14,21,05,13. ,40,01082
3403430,2,2012,03,14,22,30,02. ,16,00064
3403430,1,2012,03,15,01,52,21. ,09,00043
3403430,1,2012,03,15,06,39,31. ,14,00041
3403430,2,2012,03,16,04,20,36. ,18,00066
3403430,1,2012,03,17,08,18,33. ,13,00069
3403430,1,2012,03,18,06,42,58. ,12,00067
3403430,1,2012,03,18,22,16,55. ,11,00043
3403430,1,2012,03,21,05,43,41. ,08,00034
3403430,1,2012,03,23,22,56,03. ,07,00042
3403430,1,2012,03,25,22,23,43. ,09,00030
3403430,2,2012,03,27,19,22,11. ,18,00114
3403430,2,2012,03,27,20,02,49. ,17,00034
3403430,1,2012,03,30,13,39,29. ,10,00035
3403430,2,2012,04,01,23,04,58. ,24,00174
3403430,1,2012,04,05,01,06,39. ,09,00053
3403430,1,2012,04,07,17,31,24. ,14,00069
3403430,3,2012,04,12,20,20,34. ,26,00172
3403430,2,2012,04,12,23,51,45. ,24,00061
3403430,3,2012,04,13,19,10,33. ,33,00187
3403430,2,2012,04,19,12,34,03. ,18,00066
3403430,3,2012,04,25,05,22,18. ,34,00377
3403430,1,2012,04,25,05,31,20. ,12,00051
3403430,1,2012,04,25,07,43,41. ,14,00061
3403430,1,2012,04,25,13,08,15. ,11,00058
3403430,4,2012,04,29,19,29,00. ,39,00893
3403430,1,2012,04,29,21,17,31. ,10,00034
3403430,1,2012,04,30,04,26,13. ,07,00047
3403430,2,2012,05,01,04,54,38. ,16,00129
3403430,1,2012,05,04,11,54,33. ,11,00042
3403430,1,2012,05,05,17,12,25. ,11,00035
3403430,2,2012,05,18,17,19,12. ,24,00206
3403430,2,2012,05,18,20,21,43. ,20,00122
3403430,2,2012,05,24,10,09,48. ,15,00086
3403430,1,2012,05,24,10,15,22. ,07,00033
3403430,1,2012,05,26,17,36,25. ,09,00052
3403430,2,2012,05,29,01,36,58. ,21,00148
3403430,2,2012,06,01,17,48,20. ,22,00155
3403430,2,2012,06,06,04,32,05. ,23,00065
3403430,1,2012,06,10,13,22,12. ,10,00064
3403430,1,2012,06,13,18,49,56. ,14,00051
3403430,2,2012,06,17,16,13,28. ,20,00147
3403430,2,2012,06,18,05,33,58. ,15,00033
3403430,1,2012,06,19,09,21,19. ,11,00057
3403430,1,2012,06,19,13,04,34. ,10,00049
3403430,1,2012,06,21,01,47,21. ,13,00057
3403430,2,2012,06,28,14,52,33. ,18,00105
3403430,2,2012,06,28,15,17,32. ,22,00293
3403430,2,2012,06,29,07,01,35. ,16,00083
3403430,1,2012,06,29,16,02,40. ,13,00072
3403430,1,2012,07,01,03,12,12. ,11,00091
3403430,2,2012,07,03,11,31,42. ,15,00044
3403430,2,2012,07,11,19,54,42. ,19,00140
3403430,1,2012,07,12,13,55,08. ,10,00050
3403430,2,2012,07,16,04,31,46. ,17,00072
3403430,2,2012,08,03,22,19,49. ,16,00109
3403430,2,2012,08,20,20,42,55. ,24,00130
3403430,2,2012,08,26,03,37,25. ,17,00076
3403430,1,2012,08,28,22,55,48. ,13,00046
3403430,1,2012,08,30,04,06,31. ,13,00036
3403430,1,2012,08,30,04,17,56. ,13,00073
3403430,2,2012,09,13,00,38,35. ,15,00081
3403430,3,2012,09,14,02,22,13. ,34,00698
3403430,1,2012,09,14,02,45,55. ,14,00107
3403430,1,2012,09,19,04,11,13. ,12,00110
3403430,1,2012,10,01,14,18,23. ,14,00045
3403430,2,2012,10,02,03,41,34. ,22,00067
3403430,1,2012,10,02,06,27,59. ,11,00046
3403430,2,2012,10,02,10,10,58. ,18,00117
3403430,4,2012,10,12,13,57,26. ,39,01282
3403430,2,2012,10,12,23,36,02. ,19,00211
3403430,2,2012,10,13,23,02,26. ,16,00194
3403430,1,2012,10,24,16,06,05. ,14,00100
3403430,2,2012,10,25,19,33,41. ,15,00046
3403430,2,2012,10,31,15,50,13. ,16,00161
3403430,2,2012,11,05,05,50,07. ,17,00110
3403430,2,2012,11,09,12,52,32. ,23,00105
3403430,1,2012,11,15,02,19,51. ,13,00051
3403430,2,2012,11,16,17,26,14. ,20,00064
3403430,2,2012,11,24,18,00,01. ,20,00103
3403430,1,2012,12,06,19,17,57. ,10,00080
3403430,2,2012,12,07,05,32,22. ,16,00047
3403430,4,2012,12,07,17,20,10. ,38,00667
3403430,1,2012,12,07,17,32,47. ,10,00033
3403430,1,2012,12,13,20,56,27. ,11,00039
3403430,1,2012,12,15,13,27,48. ,13,00055
3403430,2,2012,12,15,14,46,44. ,18,00101
3403430,1,2012,12,19,05,31,54. ,13,00106
3403430,1,2012,12,20,05,16,42. ,13,00044
3403430,1,2012,12,27,06,17,44. ,10,00039
3403430,1,2012,12,29,16,20,13. ,13,00043
3403430,2,2012,12,30,08,06,04. ,15,00033
3403430,2,2013,01,04,13,42,58. ,17,00076
3403430,1,2013,01,14,15,54,37. ,12,00053
3403430,3,2013,01,22,04,47,05. ,34,00803
3403430,2,2013,01,28,03,42,05. ,24,00281
3403430,1,2013,01,31,23,54,10. ,14,00057
3403430,1,2013,02,01,23,07,11. ,13,00044
3403430,2,2013,02,02,23,20,34. ,20,00062
3403430,1,2013,02,06,14,04,26. ,11,00057
3403430,2,2013,02,09,13,43,33. ,17,00070
3403430,2,2013,02,19,21,28,02. ,24,00077
3403430,2,2013,02,25,16,24,38. ,18,00055
3403430,2,2013,03,03,20,14,49. ,21,00182
3403430,1,2013,03,03,20,24,23. ,10,00093
3403430,1,2013,03,11,17,10,19. ,12,00083
3403430,1,2013,03,14,05,03,22. ,10,00031
3403430,1,2013,03,18,06,54,01. ,11,00064
3403430,1,2013,03,21,14,35,04. ,14,00096
3403430,2,2013,03,26,20,48,30. ,22,00196
3403430,2,2013,03,26,20,55,23. ,17,00130
3403430,1,2013,03,29,00,48,44. ,13,00067
3403430,3,2013,04,04,13,42,45. ,28,00258
3403430,2,2013,04,06,05,01,26. ,18,00085
3403430,1,2013,04,07,23,09,39. ,14,00037
3403430,2,2013,04,14,10,22,40. ,16,00051
3403430,2,2013,04,14,22,25,52. ,18,00081
3403430,2,2013,04,17,21,04,50. ,17,00041
3403430,1,2013,04,19,12,11,15. ,13,00030
3403430,2,2013,04,19,23,11,17. ,18,00098
3403430,1,2013,04,21,12,25,12. ,14,00032
3403430,3,2013,04,29,22,01,56. ,30,00270
3403430,2,2013,05,08,20,18,22. ,15,00066
3403430,2,2013,05,18,14,48,58. ,21,00085
3403430,3,2013,06,06,12,29,06. ,31,00261
3403430,1,2013,06,13,12,20,02. ,10,00103
3403430,2,2013,07,06,07,00,56. ,23,00226
3403430,2,2013,07,07,10,51,39. ,16,00137
3403430,1,2013,07,20,01,40,17. ,12,00037
3403430,2,2013,07,20,15,06,44. ,21,00074
3403430,3,2013,07,21,16,03,29. ,25,00212
3403430,1,2013,07,21,18,53,43. ,10,00029
3403430,1,2013,07,23,12,02,54. ,11,00037
3403430,2,2013,08,04,12,30,00. ,16,00065
3403430,1,2013,08,10,07,56,37. ,11,00045
3403430,1,2013,08,16,04,03,36. ,12,00046
3403430,3,2013,09,04,09,21,13. ,28,00163
3403430,2,2013,09,09,15,07,27. ,15,00204
3403430,1,2013,09,13,04,50,02. ,11,00042
3403430,1,2013,09,13,08,26,26. ,08,00060
3403430,1,2013,09,14,17,44,57. ,11,00035
3403430,3,2013,09,20,02,25,32. ,30,00381
3403430,1,2013,09,30,22,38,08. ,09,00044
3403430,2,2013,10,12,02,43,33. ,17,00111
3403430,1,2013,10,20,10,07,52. ,14,00103
3403430,3,2013,10,26,02,12,10. ,28,00198
3403430,2,2013,11,03,14,25,26. ,22,00176
3403430,1,2013,11,04,16,13,29. ,09,00097
3403430,4,2013,11,10,07,38,03. ,35,00404
3403430,2,2013,11,13,19,11,11. ,19,00281
3403430,3,2013,11,16,20,44,55. ,28,00188
3403430,2,2013,11,29,01,15,20. ,18,00068
3403430,2,2013,12,03,15,58,24. ,23,00132
3403430,2,2013,12,03,18,17,22. ,19,00076
3403430,3,2013,12,14,13,06,25. ,34,00420
3403430,3,2013,12,21,10,34,24. ,33,00362
3403430,1,2014,01,09,03,58,04. ,10,00059
3403430,1,2014,01,17,18,53,43. ,11,00029
3403430,1,2014,01,18,14,32,10. ,10,00065
3403430,1,2014,01,28,05,25,52. ,09,00040
3403430,1,2014,01,28,17,35,47. ,07,00031
3403430,1,2014,02,11,04,15,35. ,11,00026
3403430,1,2014,02,20,00,42,29. ,13,00063
3403430,1,2014,02,22,07,31,21. ,13,00050
3403430,2,2014,03,08,03,34,33. ,20,00093
3403430,2,2014,03,12,05,04,50. ,15,00084
3403430,2,2014,03,16,09,05,45. ,16,00059
3403430,2,2014,03,22,03,34,06. ,16,00087
3403430,1,2014,03,29,10,54,39. ,14,00060
3403430,1,2014,04,13,18,16,48. ,10,00039
3403430,2,2014,04,16,03,36,20. ,15,00106
3403430,1,2014,04,17,03,18,21. ,12,00035
3403430,2,2014,04,18,07,53,15. ,16,00080
3403430,2,2014,04,22,06,23,14. ,21,00126
3403430,2,2014,04,26,04,15,40. ,20,00125
3403430,3,2014,05,05,05,18,54. ,26,00148
3403430,2,2014,05,13,08,35,17. ,23,00105
3403430,2,2014,06,07,00,13,02. ,20,00119
3403430,2,2014,06,16,03,19,43. ,20,00069
3403430,2,2014,06,16,05,15,29. ,19,00089
3403430,2,2014,06,28,16,11,59. ,17,00074
3403430,1,2014,07,07,02,48,19. ,11,00045
3403430,3,2014,07,12,04,22,38. ,34,00194
3403430,1,2014,07,19,10,43,06. ,13,00080
3403430,1,2014,07,20,10,25,48. ,14,00077
3403430,1,2014,08,24,17,27,08. ,11,00068
3403430,1,2014,08,26,11,23,26. ,12,00049
3403430,2,2014,09,03,16,25,01. ,15,00032
3403430,2,2014,09,09,11,43,28. ,17,00108
3403430,3,2014,09,16,12,28,43. ,27,00227
3403430,1,2014,09,24,21,46,38. ,12,00058
3403430,2,2014,09,24,22,31,48. ,15,00053
3403430,1,2014,10,12,05,28,24. ,10,00041
3403430,1,2014,10,14,00,41,32. ,11,00085
3403430,1,2014,10,17,18,58,46. ,12,00061
3403430,1,2014,10,27,15,36,35. ,12,00084
3403430,1,2014,11,12,09,53,41. ,14,00055
3403430,2,2014,11,20,10,52,33. ,19,00079
3403430,2,2014,11,22,22,09,52. ,16,00025
3403430,1,2014,11,27,06,18,52. ,11,00062
3403430,2,2014,12,04,12,35,43. ,16,00065
3403430,1,2014,12,09,20,11,41. ,13,00096
3403430,1,2014,12,13,16,20,37. ,08,00045
3403430,1,2014,12,18,10,42,14. ,05,00036
3403430,3,2014,12,20,18,30,48. ,26,00110
3403430,1,2014,12,24,03,36,22. ,07,00091
3403430,2,2014,12,25,08,07,14. ,15,00028
3403430,1,2014,12,25,20,32,13. ,11,00064
3403430,1,2014,12,31,23,23,59. ,07,00029
3403430,1,2015,01,02,10,51,57. ,12,00098
3403430,1,2015,01,03,04,55,49. ,06,00057
3403430,1,2015,01,08,07,58,13. ,11,00069
3403430,4,2015,01,26,07,20,08. ,37,01070
3403430,2,2015,01,26,07,21,00. ,23,00336
3403430,1,2015,01,26,07,34,16. ,12,00123
3403430,2,2015,01,30,20,31,55. ,24,00214
3403430,1,2015,02,02,18,06,17. ,12,00082
3403430,2,2015,02,17,08,09,08. ,16,00030
3403430,1,2015,02,17,16,20,53. ,05,00031
3403430,1,2015,02,23,17,00,34. ,12,00031
3403430,1,2015,02,28,09,51,42. ,05,00063
3403430,2,2015,02,28,17,40,49. ,22,00152
3403430,1,2015,03,14,04,47,22. ,08,00107
3403430,1,2015,03,20,19,54,31. ,13,00064
3403430,1,2015,03,20,23,53,26. ,13,00060
3403430,2,2015,03,24,13,53,49. ,15,00054
3403430,2,2015,03,26,06,28,46. ,16,00071
3403430,1,2015,05,03,13,03,50. ,11,00034
3403430,2,2015,05,03,15,54,13. ,17,00159
3403430,2,2015,05,13,06,14,29. ,23,00070
3403430,2,2015,05,13,22,45,35. ,15,00102
3403430,1,2015,05,15,12,31,19. ,09,00035
3403430,4,2015,05,25,14,28,26. ,36,00780
3403430,2,2015,05,30,01,07,07. ,16,00080
3403430,3,2015,05,30,20,26,45. ,33,00211
3403430,2,2015,06,09,05,44,19. ,21,00233
3403430,2,2015,06,10,19,25,33. ,16,00115
3403430,1,2015,06,27,15,23,31. ,07,00044
3403430,2,2015,07,10,01,15,27. ,17,00080
3403430,1,2015,07,20,07,05,48. ,08,00138
3403430,1,2015,07,21,18,17,56. ,08,00027
3403430,1,2015,07,23,03,50,04. ,13,00051
3403430,2,2015,07,25,04,31,19. ,15,00071
3403430,1,2015,07,27,23,05,08. ,08,00069
3403430,1,2015,08,05,20,57,06. ,10,00036
3403430,2,2015,08,06,10,45,33. ,22,00144
3403430,3,2015,08,06,18,22,42. ,27,00384
3403430,2,2015,08,14,05,14,18. ,16,00062
3403430,2,2015,08,28,23,46,36. ,21,00163
3403430,1,2015,09,02,16,17,16. ,05,00048
3403430,2,2015,09,12,05,49,23. ,23,00139
3403430,2,2015,09,16,05,53,32. ,17,00110
3403430,1,2015,09,26,20,22,28. ,11,00080
3403430,1,2015,09,27,12,54,33. ,06,00044
3403430,1,2015,09,28,12,04,12. ,11,00064
3403430,1,2015,10,01,20,10,50. ,07,00048
3403430,1,2015,10,15,05,35,31. ,07,00037
3403430,2,2015,10,21,15,05,19. ,23,00230
3403430,2,2015,10,31,23,20,14. ,22,00141
3403430,1,2015,11,04,08,56,42. ,14,00053
3403430,2,2015,11,07,22,45,13. ,15,00058
3403430,1,2015,11,19,18,33,53. ,12,00067
3403430,1,2015,11,20,12,37,57. ,08,00049
3403430,2,2015,11,22,08,20,44. ,21,00190
3403430,1,2015,12,03,21,21,34. ,09,00047
3403430,2,2015,12,08,01,22,48. ,17,00082
3403430,1,2016,01,15,04,29,13. ,11,00085
3403430,2,2016,01,24,06,33,41. ,21,00169
3403430,2,2016,01,25,00,13,06. ,23,00125
3403430,2,2016,02,07,19,27,08. ,24,00393
3403430,1,2016,02,16,13,30,46. ,06,00057
3403430,1,2016,02,19,22,15,12. ,13,00024
3403430,1,2016,02,21,14,22,57. ,06,00048
3403430,1,2016,02,24,04,02,29. ,07,00047
3403430,1,2016,03,10,22,47,11. ,13,00056
3403430,1,2016,03,15,20,14,41. ,07,00052
3403430,1,2016,03,22,14,34,52. ,14,00076
3403430,1,2016,03,26,22,33,49. ,05,00048
3403430,2,2016,03,31,11,48,39. ,17,00112
3403430,2,2016,04,19,19,05,52. ,15,00124
3403430,2,2016,04,20,21,20,46. ,15,00051
3403430,1,2016,04,22,07,59,57. ,07,00041
3403430,4,2016,05,16,21,23,13. ,39,01383
3403430,1,2016,05,17,06,57,49. ,09,00079
3403430,1,2016,05,23,23,17,42. ,09,00039
3403430,1,2016,05,28,18,10,58. ,08,00062
3403430,3,2016,06,12,07,54,35. ,31,00452
3403430,2,2016,06,18,08,50,34. ,17,00087
3403430,2,2016,06,27,07,58,09. ,20,00046
3403430,1,2016,06,29,11,35,55. ,05,00059
3403430,1,2016,07,02,08,49,58. ,08,00054
3403430,1,2016,07,04,22,49,12. ,09,00052
3403430,2,2016,07,05,12,46,22. ,18,00135
3403430,1,2016,07,05,15,01,47. ,08,00034
3403430,2,2016,07,06,08,47,44. ,16,00063
3403430,2,2016,07,17,13,24,14. ,22,00209
3403430,2,2016,07,19,12,58,09. ,19,00073
3403430,3,2016,07,20,07,25,44. ,29,00351
3403430,1,2016,07,20,11,39,03. ,07,00061
3403430,3,2016,07,27,23,47,32. ,25,00248
3403430,3,2016,07,30,16,40,45. ,26,00221
3403430,1,2016,08,03,01,10,53. ,12,00042
3403430,2,2016,08,15,16,05,33. ,17,00064
3403430,3,2016,08,19,21,07,59. ,25,00187
3403430,1,2016,08,31,05,05,30. ,13,00040
3403430,3,2016,09,07,13,29,01. ,28,00433
3403430,3,2016,09,09,20,53,33. ,25,00174
3403430,1,2016,09,09,23,18,38. ,05,00036
3403430,2,2016,09,12,13,33,30. ,17,00233
3403430,1,2016,09,12,20,49,53. ,07,00042
3403430,1,2016,09,13,08,31,02. ,11,00050
3403430,2,2016,09,13,19,12,49. ,20,00120
3403430,2,2016,09,17,16,36,07. ,16,00093
3403430,1,2016,10,06,11,23,57. ,13,00063
3403430,1,2016,10,10,07,15,56. ,05,00034
3403430,1,2016,10,19,23,40,50. ,08,00054
3403430,4,2016,10,20,11,50,00. ,40,01066
3403430,1,2016,10,28,22,55,14. ,11,00135
3403430,1,2016,11,08,21,43,42. ,08,00036
3403430,1,2016,11,09,07,09,13. ,14,00195
3403430,2,2016,11,12,06,44,17. ,17,00060
3403430,2,2016,11,15,01,15,56. ,23,00162
3403430,3,2016,11,21,06,59,33. ,26,00332
3403430,1,2016,11,21,14,42,13. ,05,00049
3403430,4,2016,11,22,06,00,21. ,41,00520
3403430,2,2016,11,22,06,40,28. ,18,00057
3403430,2,2016,11,22,06,43,51. ,18,00055
3403430,1,2016,11,22,23,04,44. ,14,00049
3403430,3,2016,11,24,06,24,15. ,29,00143
3403430,1,2016,12,13,06,02,31. ,09,00045
3403430,1,2016,12,15,14,27,48. ,08,00059
3403430,1,2016,12,24,02,25,50. ,12,00035
3403430,1,2016,12,26,04,53,01. ,13,00063
3403430,3,2016,12,28,21,39,10. ,30,00367
3403430,1,2016,12,28,21,53,44. ,10,00030
3403430,1,2016,12,31,05,09,18. ,08,00031
3403430,2,2017,01,05,00,44,21. ,23,00168
3403430,2,2017,01,05,02,54,03. ,23,00083
3403430,3,2017,01,13,12,25,40. ,26,00185
3403430,2,2017,01,18,17,19,46. ,17,00146
3403430,1,2017,02,03,20,58,53. ,07,00058
3403430,1,2017,02,06,15,25,05. ,10,00050
3403430,1,2017,02,07,20,04,28. ,06,00034
3403430,1,2017,02,09,14,07,40. ,09,00070
3403430,1,2017,02,11,06,06,19. ,07,00032
3403430,4,2017,02,19,18,19,39. ,40,00857
3403430,1,2017,02,26,05,12,09. ,09,00074
3403430,1,2017,02,27,00,04,12. ,14,00068
3403430,2,2017,02,27,08,26,48. ,19,00181
3403430,2,2017,02,28,16,49,40. ,22,00158
3403430,1,2017,03,01,15,44,00. ,10,00034
3403430,2,2017,03,05,10,19,04. ,19,00097
3403430,1,2017,03,05,13,18,43. ,09,00041
3403430,2,2017,03,12,04,58,40. ,15,00050
3403430,1,2017,03,14,03,54,27. ,11,00072
3403430,2,2017,03,15,16,30,46. ,15,00080
3403430,1,2017,03,17,22,00,44. ,12,00046
3403430,2,2017,03,22,22,50,30. ,15,00147
3403430,1,2017,03,24,01,30,14. ,13,00077
3403430,1,2017,04,09,07,21,14. ,10,00026
3403430,2,2017,04,12,03,11,01. ,23,00166
3403430,2,2017,06,08,09,25,40. ,23,00169
3403430,1,2017,06,19,05,52,09. ,09,00032
3403430,1,2017,07,07,21,49,29. ,12,00045
3403430,2,2017,07,20,09,12,13. ,23,00106
3403430,2,2017,07,21,16,08,00. ,18,00100
3403430,1,2017,07,28,16,17,21. ,07,00033
3403430,3,2017,08,02,02,02,26. ,34,00506
3403430,2,2017,08,02,07,16,08. ,24,00272
3403430,2,2017,08,03,13,45,17. ,17,00126
3403430,2,2017,08,10,09,36,43. ,20,00124
3403430,1,2017,08,11,00,05,56. ,11,00037
3403430,2,2017,08,14,18,12,05. ,15,00051
3403430,1,2017,08,26,04,21,11. ,09,00029
3403430,1,2017,08,27,11,26,33. ,13,00060
3403430,1,2017,09,20,05,19,01. ,12,00033
3403430,1,2017,09,21,01,39,10. ,11,00037
3403430,1,2017,10,03,04,01,42. ,11,00057
3403430,1,2017,10,06,17,01,02. ,12,00038
3403430,3,2017,10,06,23,57,12. ,26,00197
3403430,1,2017,10,12,15,13,35. ,12,00031
3403430,1,2017,11,02,22,31,39. ,12,00058
3403430,2,2017,11,03,21,38,34. ,21,00143
3403430,1,2017,11,05,16,30,31. ,11,00055
3403430,2,2017,11,15,01,22,04. ,16,00153
3403430,1,2017,11,30,22,02,26. ,08,00056
3403430,1,2017,12,02,00,12,48. ,12,00075
3403430,2,2018,01,01,04,42,53. ,15,00125
3403430,1,2018,01,02,19,49,04. ,09,00032
3403430,2,2018,01,05,11,02,35. ,18,00079
3403430,2,2018,01,06,00,54,27. ,20,00113
3403430,1,2018,01,07,18,20,18. ,13,00083
3403430,1,2018,01,10,07,21,25. ,11,00034
3403430,2,2018,01,10,07,30,37. ,17,00051
3403430,1,2018,01,24,02,32,27. ,06,00053
3403430,1,2018,01,31,10,15,47. ,07,00044
3403430,1,2018,02,11,04,14,33. ,08,00038
3403430,1,2018,02,15,19,27,58. ,08,00037
3403430,2,2018,02,26,01,29,32. ,24,00142
3403430,2,2018,02,27,08,08,14. ,17,00090
3403430,2,2018,03,13,15,46,39. ,23,00250
3403430,2,2018,03,19,11,45,38. ,16,00037
3403430,3,2018,03,30,08,17,47. ,28,00480
3403430,2,2018,04,21,18,47,33. ,23,00121
3403430,1,2018,05,04,02,07,33. ,10,00038
3403430,3,2018,05,17,12,12,41. ,32,00534
3403430,1,2018,05,22,21,55,55. ,11,00050
3403430,1,2018,06,07,14,58,50. ,14,00103
3403430,1,2018,06,07,21,18,19. ,14,00063
3403430,2,2018,06,17,15,28,01. ,15,00067
3403430,1,2018,06,26,19,46,46. ,10,00030
3403430,3,2018,07,07,20,24,07. ,30,00215
3403430,2,2018,07,17,04,34,29. ,23,00178
3403430,1,2018,07,17,04,43,15. ,09,00052
3403430,1,2018,07,18,16,45,16. ,13,00045
3403430,2,2018,07,31,17,43,03. ,16,00087
3403430,1,2018,08,08,18,08,03. ,10,00031
3403430,1,2018,08,11,06,11,59. ,08,00033
3403430,1,2018,08,14,12,36,18. ,12,00034
3403430,1,2018,08,21,02,47,28. ,05,00045
3403430,1,2018,08,29,07,36,25. ,06,00035
3403430,3,2018,09,05,05,11,38. ,28,00299
3403430,1,2018,09,14,10,55,54. ,12,00043
3403430,1,2018,09,14,14,35,53. ,14,00060
3403430,1,2018,09,18,17,11,26. ,12,00091
3403430,1,2018,09,24,00,05,58. ,07,00050
3403430,1,2018,09,24,06,48,35. ,14,00158
3403430,1,2018,09,28,22,50,23. ,07,00072
3403430,1,2018,09,29,20,56,50. ,13,00070
3403430,2,2018,10,02,12,28,10. ,17,00095
3403430,3,2018,10,04,00,15,40. ,28,00349
3403430,1,2018,10,04,02,13,25. ,06,00032
3403430,3,2018,10,12,13,15,57. ,31,00279
3403430,2,2018,10,18,14,18,35. ,19,00093
3403430,1,2018,10,21,20,03,20. ,07,00035
3403430,1,2018,10,22,19,48,23. ,08,00031
3403430,1,2018,10,26,03,37,26. ,12,00043
3403430,2,2018,10,27,09,08,40. ,16,00074
3403430,1,2018,10,29,21,25,47. ,08,00037
3403430,2,2018,11,21,07,29,10. ,15,00081
3403430,1,2018,11,23,23,30,53. ,14,00053
3403430,2,2018,11,27,08,34,03. ,19,00134
3403430,2,2018,11,28,20,15,19. ,15,00066
3403430,1,2018,12,08,08,14,22. ,12,00034
3403430,2,2018,12,08,10,54,43. ,15,00065
3403430,1,2018,12,12,17,50,19. ,08,00042
3403430,2,2019,01,14,13,23,55. ,22,00194
3403430,3,2019,01,18,21,46,34. ,30,00249
3403430,1,2019,01,22,07,04,26. ,09,00041
3403430,1,2019,01,23,00,00,41. ,10,00063
3403430,1,2019,01,23,00,07,00. ,06,00044
3403430,1,2019,02,03,04,10,34. ,14,00059
3403430,1,2019,03,02,06,03,50. ,09,00043
3403430,2,2019,03,11,02,12,11. ,15,00026
3403430,2,2019,03,14,20,59,21. ,15,00051
3403430,1,2019,03,17,06,07,37. ,10,00051
3403430,1,2019,03,29,17,47,50. ,08,00040
3403430,1,2019,05,01,00,44,02. ,07,00060
3403430,2,2019,05,25,15,21,04. ,20,00084
3403430,1,2019,06,06,05,15,29. ,05,00046
3403430,2,2019,06,07,19,08,51. ,15,00168
3403430,1,2019,06,08,12,46,11. ,08,00095
3403430,3,2019,06,17,08,00,25. ,25,00244
3403430,2,2019,06,18,22,24,02. ,17,00034
3403430,2,2019,06,24,09,12,18. ,15,00050
3403430,1,2019,06,30,10,13,58. ,09,00052
3403430,2,2019,07,07,03,52,08. ,15,00075
3403430,2,2019,07,15,01,30,58. ,16,00112
3403430,1,2019,07,23,09,10,25. ,13,00066
3403430,2,2019,07,25,07,14,50. ,16,00051
3403430,2,2019,07,28,03,33,08. ,23,00093
3403430,2,2019,07,29,00,35,08. ,21,00253
3403430,3,2019,08,04,19,23,44. ,29,00243
3403430,1,2019,09,30,01,02,54. ,11,00058
3403430,1,2019,10,09,04,58,52. ,08,00030
3403430,2,2019,10,12,18,22,34. ,15,00036
3403430,1,2019,11,08,18,18,50. ,08,00037
3403430,1,2019,11,12,21,56,02. ,10,00045
3403430,2,2019,11,22,05,24,03. ,15,00083
3403430,1,2019,11,25,12,22,21. ,09,00048
3403430,2,2019,12,03,10,18,19. ,17,00087
3403430,3,2019,12,04,10,39,18. ,25,00258
3403430,1,2019,12,04,18,13,19. ,07,00042
3403430,1,2019,12,04,19,35,45. ,12,00046
3403430,1,2019,12,05,22,35,47. ,10,00038
3403430,1,2019,12,11,18,40,15. ,11,00031
3403430,1,2019,12,19,09,24,09. ,10,00046
3403430,3,2020,01,03,03,24,05. ,33,00321
3403430,2,2020,01,14,04,54,01. ,21,00206
3403430,2,2020,01,14,13,26,01. ,24,00176
3403430,1,2020,01,21,19,18,17. ,08,00052
3403430,1,2020,01,22,22,40,48. ,08,00062
3403430,1,2020,01,22,22,43,39. ,06,00057
3403430,1,2020,01,29,19,32,50. ,08,00028
3403430,3,2020,02,01,01,11,31. ,27,00245
3403430,3,2020,02,01,02,07,59. ,30,00346
3403430,2,2020,02,06,20,20,19. ,22,00091
3403430,2,2020,02,09,16,36,20. ,18,00225
3403430,2,2020,02,12,19,37,46. ,19,00110
3403430,1,2020,02,17,12,41,05. ,13,00061
3403430,1,2020,03,04,16,26,06. ,07,00033
3403430,1,2020,03,07,20,57,12. ,09,00030
3403430,1,2020,03,31,20,24,24. ,14,00075
3403430,1,2020,04,02,00,33,43. ,08,00028
3403430,2,2020,04,11,05,29,30. ,15,00050
3403430,3,2020,04,12,00,45,00. ,31,00621
3403430,1,2020,04,16,13,15,59. ,07,00051
3403430,2,2020,04,18,17,29,28. ,15,00030
3403430,2,2020,04,20,05,40,40. ,15,00037
3403430,1,2020,04,24,01,34,01. ,07,00097
3403430,2,2020,04,24,01,38,06. ,19,00369
3403430,2,2020,04,26,09,49,23. ,22,00208
3403430,4,2020,05,04,22,07,58. ,36,00599
3403430,1,2020,05,04,22,34,55. ,12,00065
3403430,2,2020,05,06,01,57,22. ,22,00110
3403430,3,2020,05,11,08,58,50. ,28,00220
3403430,1,2020,05,16,06,27,35. ,10,00085
3403430,1,2020,05,19,12,18,05. ,11,00044
3403430,1,2020,05,25,02,11,46. ,05,00030
3403430,2,2020,06,01,06,02,27. ,22,00110
3403430,2,2020,06,04,05,31,38. ,20,00154
3403430,1,2020,06,06,06,08,13. ,08,00055
3403430,1,2020,06,07,21,44,27. ,12,00057
3403430,4,2020,06,25,04,47,57. ,38,00564
3403430,2,2020,06,28,14,59,51. ,15,00069
3403430,1,2020,07,01,18,25,25. ,14,00051
3403430,2,2020,07,09,06,05,43. ,20,00108
3403430,1,2020,07,19,21,01,53. ,08,00040
3403430,1,2020,07,22,13,07,49. ,05,00073
3403430,2,2020,07,29,05,33,30. ,18,00149
3403430,2,2020,08,06,02,54,24. ,20,00072
3403430,1,2020,08,20,09,28,44. ,07,00031
3403430,2,2020,08,30,14,37,56. ,18,00121
3403430,2,2020,09,07,06,34,25. ,18,00079
3403430,1,2020,09,10,12,26,48. ,07,00044
3403430,1,2020,09,11,19,19,58. ,13,00102
3403430,1,2020,09,12,11,38,24. ,05,00047
3403430,2,2020,09,12,11,45,42. ,17,00047
3403430,1,2020,09,15,15,07,09. ,11,00055
3403430,1,2020,09,17,14,00,59. ,10,00056
3403430,1,2020,09,20,09,05,21. ,07,00030
3403430,1,2020,10,05,11,32,53. ,09,00056
3403430,1,2020,10,28,15,58,54. ,08,00030
3403430,1,2020,11,01,19,40,49. ,12,00069
3403430,3,2020,11,22,19,06,11. ,31,00350
3403430,1,2020,11,25,11,20,38. ,13,00101
3403430,2,2020,12,17,16,42,55. ,23,00298
3403430,2,2020,12,21,02,26,05. ,18,00032
3403430,3,2020,12,30,09,35,42. ,25,00270
