station,intensity,year,month,day,hour,minute,second,intensity_equip,acceleration_max_comb
3210231,3,1998,06,24,23,52,31. ,26,00260
3210231,2,1998,07,15,07,09,51. ,16,00092
3210231,1,1998,08,16,23,06,22. ,12,00044
3210231,2,1998,08,20,15,44,22. ,17,00065
3210231,1,1998,09,25,07,00,31. ,08,00035
3210231,1,1998,10,19,08,17,39. ,09,00051
3210231,1,1998,11,01,03,01,31. ,07,00030
3210231,2,1998,11,05,06,44,21. ,21,00168
3210231,2,1998,11,08,21,41,02. ,19,00113
3210231,1,1998,11,24,04,49,13. ,10,00042
3210231,1,1998,11,25,02,37,12. ,09,00036
3210231,1,1998,11,28,00,23,27. ,09,00029
3210231,2,1998,11,29,21,53,18. ,15,00066
3210231,1,1998,12,03,05,16,05. ,07,00030
3210231,1,1999,01,16,15,42,20. ,08,00029
3210231,1,1999,02,01,01,52,36. ,08,00029
3210231,1,1999,03,08,10,58,45. ,12,00054
3210231,3,1999,03,26,08,31,28. ,26,00236
3210231,1,1999,04,19,08,15,20. ,06,00027
3210231,1,1999,04,25,18,13,51. ,11,00038
3210231,2,1999,04,25,21,27,24. ,23,00186
3210231,1,1999,06,12,07,44,32. ,08,00028
3210231,2,1999,06,27,19,50,35. ,16,00090
3210231,1,1999,07,15,07,56,58. ,11,00044
3210231,1,1999,07,24,00,14,49. ,07,00050
3210231,2,1999,09,13,07,57,17. ,16,00070
3210231,1,1999,10,16,17,15,11. ,14,00083
3210231,1,1999,10,17,18,28,26. ,13,00078
3210231,1,1999,11,01,06,15,58. ,05,00031
3210231,1,1999,11,15,10,36,02. ,11,00039
3210231,1,1999,11,23,14,16,16. ,09,00040
3210231,1,1999,12,04,02,37,39. ,06,00026
3210231,1,1999,12,04,03,29,14. ,08,00032
3210231,2,1999,12,04,14,06,54. ,15,00064
3210231,1,1999,12,06,07,03,31. ,08,00028
3210231,1,1999,12,09,10,23,21. ,07,00037
3210231,1,1999,12,10,10,55,57. ,06,00030
3210231,2,1999,12,16,22,28,36. ,23,00211
3210231,2,1999,12,16,22,47,14. ,21,00161
3210231,2,1999,12,27,00,06,12. ,15,00085
3210231,1,1999,12,28,20,13,47. ,10,00045
3210231,1,2000,01,09,13,03,21. ,11,00049
3210231,2,2000,01,09,22,41,29. ,18,00140
3210231,2,2000,01,12,11,10,07. ,21,00133
3210231,1,2000,01,28,20,28,58. ,13,00047
3210231,1,2000,02,06,04,43,56. ,10,00043
3210231,1,2000,03,20,06,27,10. ,09,00035
3210231,1,2000,03,31,23,31,47. ,10,00042
3210231,1,2000,04,06,10,14,58. ,08,00033
3210231,2,2000,04,10,06,31,02. ,19,00118
3210231,1,2000,04,11,12,10,33. ,10,00041
3210231,1,2000,04,15,05,27,11. ,06,00028
3210231,1,2000,04,24,02,43,27. ,06,00022
3210231,1,2000,05,08,18,46,27. ,07,00029
3210231,2,2000,05,16,19,41,00. ,23,00166
3210231,2,2000,06,03,17,55,15. ,17,00079
3210231,1,2000,06,23,17,27,26. ,12,00069
3210231,1,2000,06,30,02,45,21. ,12,00066
3210231,1,2000,07,01,05,34,41. ,12,00044
3210231,2,2000,07,06,13,10,29. ,15,00072
3210231,1,2000,07,11,02,02,07. ,09,00037
3210231,1,2000,07,12,01,29,56. ,07,00029
3210231,1,2000,07,16,01,33,18. ,12,00058
3210231,3,2000,07,21,03,39,44. ,30,00465
3210231,2,2000,08,06,16,30,34. ,15,00056
3210231,1,2000,08,08,13,55,07. ,05,00028
3210231,1,2000,08,15,03,55,20. ,14,00065
3210231,1,2000,08,18,22,48,00. ,07,00029
3210231,1,2000,08,19,21,42,25. ,08,00026
3210231,1,2000,08,27,08,42,46. ,09,00032
3210231,2,2000,09,09,20,49,06. ,21,00231
3210231,1,2000,09,29,08,56,45. ,08,00033
3210231,1,2000,10,04,20,00,42. ,09,00033
3210231,1,2000,10,18,12,58,42. ,09,00043
3210231,1,2000,10,19,16,25,21. ,07,00030
3210231,1,2000,10,24,08,11,39. ,06,00023
3210231,1,2000,11,16,18,32,43. ,09,00032
3210231,1,2000,11,17,23,22,31. ,05,00025
3210231,1,2000,12,05,01,48,24. ,09,00031
3210231,2,2001,01,04,13,18,35. ,15,00062
3210231,1,2001,01,16,15,45,54. ,08,00031
3210231,1,2001,02,18,16,17,46. ,09,00041
3210231,1,2001,02,25,06,55,05. ,14,00059
3210231,2,2001,03,06,14,32,55. ,21,00170
3210231,1,2001,03,31,04,26,04. ,09,00046
3210231,2,2001,03,31,06,09,54. ,18,00130
3210231,1,2001,03,31,06,12,13. ,07,00030
3210231,1,2001,04,01,17,30,45. ,10,00053
3210231,1,2001,04,10,10,04,46. ,06,00028
3210231,1,2001,04,12,16,02,51. ,08,00035
3210231,2,2001,04,20,01,45,14. ,20,00113
3210231,1,2001,05,14,14,00,17. ,05,00028
3210231,1,2001,05,24,13,23,20. ,09,00043
3210231,2,2001,05,31,08,59,41. ,19,00145
3210231,1,2001,06,11,13,23,29. ,11,00057
3210231,4,2001,07,20,06,02,48. ,37,00951
3210231,2,2001,07,26,03,33,28. ,15,00091
3210231,1,2001,08,29,09,08,35. ,07,00066
3210231,1,2001,09,03,00,04,31. ,08,00031
3210231,2,2001,09,04,23,55,31. ,16,00072
3210231,1,2001,09,25,04,35,43. ,13,00060
3210231,1,2001,09,25,04,57,55. ,10,00038
3210231,1,2001,10,02,17,20,57. ,11,00040
3210231,2,2001,10,02,23,02,32. ,15,00098
3210231,1,2001,10,28,12,25,30. ,09,00038
3210231,1,2001,11,02,07,43,45. ,06,00026
3210231,1,2001,11,17,01,32,38. ,07,00026
3210231,1,2001,12,01,11,27,15. ,08,00033
3210231,1,2001,12,02,22,03,29. ,11,00041
3210231,1,2001,12,19,00,07,55. ,08,00032
3210231,1,2002,01,06,18,36,01. ,05,00023
3210231,1,2002,01,10,00,42,08. ,09,00040
3210231,2,2002,02,05,19,57,40. ,18,00103
3210231,1,2002,02,11,10,10,45. ,08,00027
3210231,3,2002,02,12,22,45,03. ,25,00267
3210231,1,2002,02,21,15,15,17. ,05,00027
3210231,2,2002,02,25,22,14,42. ,15,00073
3210231,1,2002,03,16,16,24,32. ,05,00026
3210231,1,2002,03,17,03,01,59. ,07,00029
3210231,1,2002,04,12,12,35,51. ,07,00035
3210231,1,2002,04,13,19,01,53. ,08,00034
3210231,1,2002,04,21,02,29,08. ,10,00050
3210231,1,2002,05,19,05,00,51. ,09,00032
3210231,1,2002,05,25,09,37,57. ,12,00058
3210231,2,2002,06,14,11,42,58. ,23,00155
3210231,1,2002,06,16,04,40,38. ,07,00034
3210231,1,2002,06,19,18,17,22. ,06,00024
3210231,2,2002,07,13,21,45,54. ,20,00152
3210231,1,2002,07,24,05,06,34. ,13,00046
3210231,1,2002,07,27,17,59,20. ,08,00030
3210231,1,2002,08,03,08,14,38. ,10,00037
3210231,1,2002,08,15,19,05,43. ,07,00026
3210231,1,2002,09,02,03,01,41. ,05,00028
3210231,1,2002,11,03,12,39,24. ,10,00040
3210231,1,2002,11,04,08,11,26. ,08,00033
3210231,1,2002,12,23,05,32,11. ,08,00036
3210231,2,2003,01,09,13,14,47. ,17,00075
3210231,1,2003,01,21,13,20,07. ,10,00042
3210231,2,2003,01,31,17,54,00. ,19,00111
3210231,2,2003,02,16,12,04,41. ,18,00102
3210231,1,2003,03,03,07,47,58. ,07,00027
3210231,3,2003,03,13,12,13,11. ,26,00296
3210231,1,2003,04,08,03,29,43. ,06,00026
3210231,2,2003,04,08,04,17,49. ,21,00195
3210231,1,2003,04,21,10,19,11. ,11,00048
3210231,1,2003,04,25,07,41,11. ,12,00048
3210231,1,2003,05,06,23,49,09. ,06,00032
3210231,1,2003,05,10,11,46,27. ,09,00039
3210231,2,2003,05,12,00,57,24. ,21,00135
3210231,2,2003,05,12,00,59,46. ,16,00121
3210231,1,2003,05,17,23,33,52. ,10,00033
3210231,1,2003,05,26,08,17,53. ,08,00026
3210231,2,2003,05,26,18,25,26. ,22,00161
3210231,2,2003,05,31,02,47,27. ,15,00080
3210231,1,2003,06,09,19,00,12. ,11,00045
3210231,2,2003,06,16,18,34,35. ,15,00075
3210231,1,2003,07,26,07,14,58. ,07,00030
3210231,2,2003,08,04,20,57,34. ,24,00247
3210231,1,2003,08,18,19,00,12. ,11,00043
3210231,2,2003,09,20,12,55,29. ,20,00102
3210231,1,2003,10,02,16,30,07. ,08,00035
3210231,2,2003,10,15,16,30,58. ,22,00170
3210231,1,2003,10,31,10,08,03. ,09,00028
3210231,2,2003,11,12,17,28,44. ,24,00195
3210231,2,2003,11,15,03,44,18. ,21,00174
3210231,1,2003,11,17,13,34,05. ,11,00046
3210231,1,2003,12,24,22,30,43. ,07,00034
3210231,1,2004,01,09,22,05,26. ,05,00016
3210231,2,2004,01,23,18,02,20. ,21,00075
3210231,1,2004,01,27,02,43,59. ,05,00014
3210231,1,2004,01,27,15,11,42. ,10,00019
3210231,1,2004,02,04,04,11,20. ,14,00033
3210231,1,2004,02,11,14,05,03. ,05,00015
3210231,1,2004,02,19,08,37,10. ,09,00018
3210231,1,2004,02,21,13,40,35. ,05,00014
3210231,1,2004,02,28,18,34,41. ,07,00016
3210231,1,2004,03,07,12,50,34. ,06,00016
3210231,2,2004,03,11,11,35,39. ,15,00036
3210231,2,2004,04,04,08,02,27. ,24,00107
3210231,2,2004,04,05,02,39,51. ,15,00038
3210231,1,2004,05,08,09,10,43. ,06,00016
3210231,1,2004,05,29,12,48,24. ,11,00018
3210231,2,2004,07,10,20,07,20. ,21,00077
3210231,1,2004,07,17,15,11,16. ,13,00030
3210231,1,2004,07,19,23,38,39. ,05,00015
3210231,1,2004,08,06,03,24,05. ,13,00034
3210231,2,2004,08,19,20,41,35. ,15,00037
3210231,2,2004,09,01,11,50,26. ,16,00041
3210231,3,2004,10,06,23,40,58. ,25,00134
3210231,2,2004,10,07,22,02,09. ,20,00084
3210231,1,2004,10,11,05,27,52. ,06,00017
3210231,1,2004,10,11,10,39,57. ,12,00031
3210231,2,2004,10,17,02,20,10. ,15,00038
3210231,2,2004,10,17,03,55,32. ,17,00039
3210231,4,2004,10,23,17,56,17. ,39,00504
3210231,2,2004,10,23,17,59,55. ,21,00083
3210231,3,2004,10,23,18,03,30. ,31,00241
3210231,2,2004,10,23,18,07,51. ,17,00069
3210231,3,2004,10,23,18,12,13. ,32,00247
3210231,1,2004,10,23,18,14,48. ,06,00015
3210231,1,2004,10,23,18,19,53. ,07,00016
3210231,4,2004,10,23,18,34,23. ,39,00595
3210231,2,2004,10,23,18,37,08. ,15,00060
3210231,1,2004,10,23,18,42,26. ,05,00015
3210231,1,2004,10,23,18,51,30. ,07,00018
3210231,1,2004,10,23,18,55,05. ,11,00029
3210231,2,2004,10,23,18,57,32. ,16,00040
3210231,1,2004,10,23,18,58,47. ,14,00037
3210231,1,2004,10,23,19,37,12. ,13,00033
3210231,2,2004,10,23,19,46,16. ,21,00080
3210231,2,2004,10,23,19,47,10. ,18,00059
3210231,1,2004,10,23,20,17,22. ,12,00026
3210231,1,2004,10,23,21,44,55. ,11,00030
3210231,1,2004,10,23,22,35,23. ,11,00022
3210231,2,2004,10,23,23,35,03. ,22,00076
3210231,1,2004,10,24,08,02,30. ,07,00017
3210231,1,2004,10,24,09,28,21. ,13,00032
3210231,1,2004,10,24,14,22,03. ,07,00014
3210231,2,2004,10,25,00,28,27. ,16,00037
3210231,1,2004,10,25,00,56,42. ,05,00017
3210231,1,2004,10,25,01,16,44. ,07,00016
3210231,3,2004,10,25,06,05,14. ,29,00266
3210231,1,2004,10,25,06,07,51. ,10,00021
3210231,1,2004,10,27,00,57,10. ,09,00026
3210231,1,2004,10,27,10,26,51. ,08,00022
3210231,3,2004,10,27,10,41,07. ,31,00262
3210231,1,2004,10,27,17,15,46. ,05,00016
3210231,1,2004,11,01,04,36,07. ,11,00035
3210231,2,2004,11,04,08,58,01. ,18,00062
3210231,1,2004,11,06,02,53,50. ,10,00020
3210231,1,2004,11,06,15,17,19. ,07,00017
3210231,1,2004,11,06,22,05,41. ,10,00021
3210231,1,2004,11,07,08,53,21. ,07,00032
3210231,2,2004,11,08,11,16,18. ,20,00072
3210231,1,2004,11,08,11,27,40. ,12,00030
3210231,1,2004,11,08,11,32,35. ,12,00030
3210231,1,2004,11,08,11,43,36. ,05,00015
3210231,1,2004,11,09,04,16,28. ,14,00038
3210231,1,2004,11,10,03,43,38. ,13,00031
3210231,1,2004,11,12,02,24,26. ,08,00018
3210231,1,2004,12,28,18,31,05. ,13,00031
3210231,3,2005,01,01,05,14,16. ,26,00122
3210231,1,2005,01,05,01,43,59. ,06,00017
3210231,2,2005,02,08,11,29,45. ,23,00121
3210231,2,2005,02,16,04,46,50. ,21,00106
3210231,2,2005,02,23,21,59,13. ,22,00118
3210231,1,2005,02,25,06,31,14. ,11,00028
3210231,1,2005,02,26,23,14,40. ,06,00016
3210231,1,2005,03,12,12,20,38. ,05,00016
3210231,1,2005,03,30,04,59,38. ,08,00020
3210231,2,2005,04,04,02,58,11. ,19,00047
3210231,2,2005,04,11,07,22,42. ,15,00027
3210231,2,2005,05,08,15,04,48. ,22,00178
3210231,1,2005,05,08,15,05,40. ,12,00060
3210231,2,2005,05,14,00,14,59. ,21,00079
3210231,2,2005,05,15,15,55,28. ,22,00243
3210231,1,2005,06,09,09,29,22. ,07,00017
3210231,1,2005,06,12,09,05,29. ,07,00033
3210231,2,2005,06,20,01,15,55. ,15,00034
3210231,1,2005,06,20,13,03,43. ,07,00015
3210231,1,2005,06,24,22,09,10. ,10,00019
3210231,1,2005,07,11,07,28,08. ,14,00034
3210231,3,2005,07,23,16,35,18. ,28,00154
3210231,1,2005,07,23,16,38,01. ,10,00018
3210231,1,2005,07,23,16,43,02. ,06,00014
3210231,3,2005,07,28,19,15,47. ,28,00181
3210231,2,2005,08,02,14,40,51. ,16,00173
3210231,1,2005,08,04,15,38,36. ,07,00015
3210231,1,2005,08,07,01,06,01. ,12,00026
3210231,2,2005,08,08,00,07,34. ,17,00037
3210231,1,2005,08,10,15,13,05. ,06,00017
3210231,3,2005,08,16,11,47,20. ,28,00143
3210231,1,2005,08,17,09,30,55. ,13,00034
3210231,2,2005,08,21,11,30,00. ,19,00069
3210231,1,2005,09,07,13,23,34. ,12,00032
3210231,2,2005,10,16,16,05,57. ,19,00064
3210231,3,2005,10,19,20,45,08. ,31,00207
3210231,1,2005,10,31,02,32,19. ,14,00053
3210231,2,2005,11,04,01,02,30. ,18,00061
3210231,1,2005,12,01,03,22,14. ,13,00034
3210231,1,2005,12,02,22,14,35. ,08,00016
3210231,1,2005,12,17,03,33,43. ,10,00017
3210231,2,2005,12,28,18,46,20. ,24,00123
3210231,1,2006,01,14,15,30,33. ,13,00034
3210231,1,2006,01,16,07,54,36. ,09,00021
3210231,1,2006,01,18,23,26,44. ,07,00014
3210231,1,2006,01,21,23,31,19. ,07,00017
3210231,2,2006,02,01,20,36,14. ,24,00130
3210231,1,2006,02,03,13,38,11. ,14,00036
3210231,1,2006,02,03,14,39,04. ,09,00017
3210231,1,2006,02,03,14,42,34. ,09,00015
3210231,1,2006,02,06,20,26,47. ,07,00014
3210231,2,2006,03,10,17,56,34. ,16,00045
3210231,1,2006,03,28,22,35,12. ,11,00020
3210231,1,2006,04,02,20,47,00. ,13,00034
3210231,1,2006,04,16,20,51,52. ,06,00014
3210231,2,2006,04,20,12,40,32. ,15,00053
3210231,1,2006,05,01,16,00,56. ,11,00038
3210231,1,2006,05,10,10,23,41. ,14,00036
3210231,1,2006,06,20,06,47,43. ,13,00030
3210231,1,2006,06,25,04,53,17. ,08,00018
3210231,1,2006,07,06,15,17,51. ,08,00021
3210231,1,2006,07,19,22,36,15. ,05,00016
3210231,1,2006,07,30,02,19,47. ,10,00032
3210231,1,2006,08,01,22,12,21. ,11,00032
3210231,1,2007,06,09,20,28,54. ,10,00054
3210231,1,2007,06,23,23,53,34. ,14,00072
3210231,3,2007,07,16,10,13,45. ,33,00567
3210231,3,2007,07,16,15,38,02. ,28,00288
3210231,1,2007,07,16,21,08,38. ,14,00073
3210231,1,2007,07,16,23,19,40. ,07,00024
3210231,1,2007,07,25,06,52,39. ,09,00039
3210231,1,2007,08,01,17,17,53. ,11,00037
3210231,1,2007,08,06,20,15,31. ,07,00035
3210231,1,2007,09,24,17,45,33. ,08,00037
3210231,1,2007,09,28,22,42,26. ,07,00028
3210231,1,2007,10,10,23,44,29. ,11,00053
3210231,1,2007,10,17,22,33,39. ,14,00085
3210231,2,2007,11,11,19,49,17. ,15,00074
3210231,1,2007,11,21,11,08,01. ,11,00050
3210231,1,2007,11,26,22,52,39. ,13,00052
3210231,1,2007,11,30,18,37,33. ,11,00043
3210231,1,2008,01,25,00,49,23. ,05,00031
3210231,1,2008,02,09,07,07,52. ,08,00032
3210231,1,2008,03,02,18,34,04. ,05,00023
3210231,2,2008,03,08,01,55,18. ,23,00163
3210231,1,2008,03,09,06,14,08. ,11,00044
3210231,1,2008,03,11,01,45,11. ,06,00027
3210231,1,2008,03,24,12,41,05. ,14,00060
3210231,1,2008,04,01,23,30,03. ,09,00032
3210231,3,2008,04,04,19,02,04. ,28,00431
3210231,1,2008,04,06,21,56,16. ,07,00030
3210231,1,2008,04,06,22,21,42. ,06,00024
3210231,1,2008,04,17,04,21,19. ,05,00021
3210231,2,2008,05,08,01,02,47. ,18,00091
3210231,1,2008,05,08,01,17,37. ,09,00032
3210231,3,2008,05,08,01,45,55. ,30,00302
3210231,1,2008,05,08,04,21,19. ,07,00029
3210231,1,2008,06,14,08,45,22. ,10,00026
3210231,3,2008,07,05,16,49,40. ,26,00254
3210231,2,2008,07,19,11,40,45. ,15,00058
3210231,1,2008,07,21,20,31,40. ,11,00042
3210231,2,2008,07,24,00,27,53. ,18,00093
3210231,1,2008,08,08,12,57,39. ,06,00030
3210231,1,2008,08,17,20,41,49. ,05,00038
3210231,1,2008,08,20,15,13,42. ,11,00047
3210231,3,2008,08,22,20,00,10. ,27,00285
3210231,1,2008,09,21,07,17,46. ,13,00060
3210231,1,2008,10,30,00,49,51. ,06,00028
3210231,1,2008,11,22,21,14,01. ,10,00043
3210231,1,2008,12,14,19,26,23. ,10,00035
3210231,1,2008,12,21,18,13,49. ,05,00037
3210231,1,2009,01,03,16,13,51. ,10,00047
3210231,1,2009,01,05,10,37,32. ,06,00026
3210231,1,2009,01,22,21,22,07. ,05,00031
3210231,2,2009,02,01,06,52,20. ,20,00114
3210231,1,2009,02,17,09,14,00. ,08,00030
3210231,1,2009,02,20,18,17,49. ,12,00048
3210231,1,2009,03,28,01,23,50. ,10,00043
3210231,1,2009,04,03,08,44,12. ,10,00049
3210231,2,2009,04,05,13,56,31. ,16,00113
3210231,1,2009,04,21,18,58,48. ,09,00032
3210231,2,2009,04,28,06,38,00. ,15,00071
3210231,1,2009,05,29,14,40,01. ,08,00035
3210231,1,2009,07,16,14,04,48. ,05,00023
3210231,1,2009,07,22,03,57,17. ,09,00037
3210231,3,2009,08,09,19,57,50. ,29,00332
3210231,1,2009,08,11,05,08,04. ,12,00042
3210231,1,2009,08,13,07,50,35. ,13,00059
3210231,1,2009,08,18,06,59,29. ,07,00038
3210231,1,2009,08,21,08,51,48. ,06,00024
3210231,1,2009,08,31,00,46,51. ,08,00028
3210231,1,2009,09,04,11,31,05. ,09,00036
3210231,1,2009,10,01,19,43,37. ,11,/////
3210231,2,2009,10,23,10,28,54. ,17,/////
3210231,1,2009,11,07,04,23,18. ,08,/////
3210231,3,2009,12,18,05,41,42. ,28,/////
3210231,1,2009,12,18,20,49,51. ,06,/////
3210231,1,2009,12,29,12,04,34. ,12,/////
3210231,1,2010,01,17,15,06,19. ,07,/////
3210231,1,2010,02,17,05,00,22. ,09,/////
3210231,2,2010,02,22,18,53,12. ,20,/////
3210231,2,2010,03,13,21,47,01. ,20,/////
3210231,2,2010,03,14,17,08,55. ,20,/////
3210231,1,2010,03,19,19,28,04. ,10,/////
3210231,1,2010,03,29,10,29,50. ,09,/////
3210231,2,2010,03,31,06,18,55. ,20,/////
3210231,1,2010,04,29,07,22,24. ,05,/////
3210231,2,2010,04,30,19,33,46. ,20,/////
3210231,2,2010,05,01,18,21,11. ,16,/////
3210231,3,2010,06,13,12,33,35. ,26,/////
3210231,1,2010,06,16,19,44,43. ,11,/////
3210231,2,2010,07,04,15,03,39. ,17,/////
3210231,2,2010,07,23,06,07,05. ,15,/////
3210231,2,2010,08,03,07,31,06. ,17,/////
3210231,1,2010,08,19,08,35,27. ,05,/////
3210231,1,2010,09,27,02,55,36. ,07,/////
3210231,1,2010,09,30,21,47,59. ,05,/////
3210231,1,2010,10,02,12,35,41. ,06,/////
3210231,1,2010,10,03,06,38,24. ,07,/////
3210231,1,2010,10,03,06,53,16. ,06,/////
3210231,1,2010,10,03,09,27,23. ,07,/////
3210231,1,2010,10,17,17,20,27. ,07,/////
3210231,2,2010,10,24,13,51,04. ,15,/////
3210231,1,2010,11,05,07,31,39. ,12,/////
3210231,3,2010,11,05,19,14,15. ,27,/////
3210231,2,2010,11,24,20,09,50. ,16,/////
3210231,2,2010,11,30,12,28,08. ,20,/////
3210231,1,2010,12,23,19,31,21. ,05,/////
3210231,1,2011,03,07,15,13,43. ,05,00029
3210231,1,2011,03,09,11,47,20. ,13,00043
3210231,1,2011,03,10,03,17,51. ,05,00016
3210231,1,2011,03,10,06,25,38. ,07,00018
3210231,A,2011,03,11,14,48,20. ,49,03373
3210231,3,2011,03,11,14,52,20. ,25,00147
3210231,3,2011,03,11,14,55,20. ,25,00192
3210231,2,2011,03,11,14,56,20. ,20,00108
3210231,2,2011,03,11,14,59,20. ,18,00101
3210231,1,2011,03,11,15,01,20. ,10,00041
3210231,1,2011,03,11,15,04,20. ,13,00048
3210231,2,2011,03,11,15,06,20. ,19,00097
3210231,1,2011,03,11,15,07,20. ,12,00049
3210231,2,2011,03,11,15,08,20. ,19,00078
3210231,2,2011,03,11,15,09,20. ,17,00071
3210231,2,2011,03,11,15,11,20. ,20,00123
3210231,2,2011,03,11,15,13,20. ,24,00181
3210231,4,2011,03,11,15,16,20. ,42,01785
3210231,1,2011,03,11,15,19,20. ,14,00045
3210231,1,2011,03,11,15,20,20. ,12,00035
3210231,1,2011,03,11,15,21,20. ,14,00084
3210231,1,2011,03,11,15,22,20. ,06,00023
3210231,1,2011,03,11,15,24,20. ,07,00022
3210231,3,2011,03,11,15,27,20. ,29,00329
3210231,2,2011,03,11,15,26,20. ,19,00138
3210231,1,2011,03,11,15,29,20. ,10,00036
3210231,2,2011,03,11,15,30,20. ,15,00068
3210231,1,2011,03,11,15,31,20. ,09,00043
3210231,1,2011,03,11,15,32,20. ,07,00024
3210231,2,2011,03,11,15,33,20. ,15,00067
3210231,1,2011,03,11,15,35,20. ,11,00057
3210231,1,2011,03,11,15,36,20. ,12,00073
3210231,1,2011,03,11,15,37,20. ,12,00041
3210231,1,2011,03,11,15,38,20. ,10,00037
3210231,1,2011,03,11,15,39,20. ,09,00034
3210231,1,2011,03,11,15,42,23. ,05,00019
3210231,2,2011,03,11,15,45,20. ,23,00203
3210231,1,2011,03,11,15,50,20. ,12,00051
3210231,1,2011,03,11,15,54,20. ,06,00028
3210231,1,2011,03,11,15,55,20. ,13,00087
3210231,1,2011,03,11,15,56,20. ,10,00034
3210231,1,2011,03,11,15,57,20. ,13,00044
3210231,2,2011,03,11,16,00,50. ,17,00091
3210231,1,2011,03,11,16,03,50. ,05,00024
3210231,1,2011,03,11,16,04,50. ,07,00026
3210231,1,2011,03,11,16,10,12. ,07,00022
3210231,1,2011,03,11,16,14,11. ,08,00030
3210231,2,2011,03,11,16,16,10. ,21,00111
3210231,1,2011,03,11,16,17,10. ,07,00027
3210231,2,2011,03,11,16,18,10. ,15,00068
3210231,2,2011,03,11,16,27,40. ,19,00116
3210231,2,2011,03,11,16,30,40. ,18,00114
3210231,1,2011,03,11,16,31,40. ,14,00039
3210231,1,2011,03,11,16,34,40. ,05,00019
3210231,1,2011,03,11,16,43,31. ,09,00037
3210231,1,2011,03,11,16,45,30. ,11,00044
3210231,1,2011,03,11,16,50,21. ,09,00033
3210231,1,2011,03,11,16,55,47. ,05,00021
3210231,1,2011,03,11,16,57,40. ,08,00029
3210231,1,2011,03,11,17,03,50. ,06,00024
3210231,1,2011,03,11,17,05,50. ,06,00020
3210231,1,2011,03,11,17,11,20. ,06,00021
3210231,2,2011,03,11,17,12,20. ,22,00144
3210231,1,2011,03,11,17,17,30. ,10,00039
3210231,2,2011,03,11,17,20,30. ,23,00164
3210231,1,2011,03,11,17,29,10. ,09,00037
3210231,3,2011,03,11,17,32,10. ,25,00238
3210231,1,2011,03,11,17,34,10. ,07,00029
3210231,2,2011,03,11,17,36,10. ,15,00074
3210231,1,2011,03,11,17,39,43. ,09,00032
3210231,1,2011,03,11,17,40,40. ,13,00084
3210231,2,2011,03,11,17,41,40. ,23,00159
3210231,1,2011,03,11,17,44,46. ,05,00020
3210231,1,2011,03,11,17,57,07. ,05,00028
3210231,1,2011,03,11,17,58,00. ,10,00109
3210231,1,2011,03,11,18,04,45. ,14,00050
3210231,1,2011,03,11,18,20,25. ,14,00060
3210231,1,2011,03,11,18,37,56. ,07,00021
3210231,1,2011,03,11,18,38,50. ,05,00022
3210231,1,2011,03,11,18,51,00. ,06,00032
3210231,1,2011,03,11,18,53,48. ,05,00018
3210231,2,2011,03,11,18,55,58. ,17,00085
3210231,1,2011,03,11,19,06,06. ,05,00020
3210231,1,2011,03,11,19,16,31. ,06,00027
3210231,2,2011,03,11,19,21,58. ,17,00076
3210231,1,2011,03,11,19,27,47. ,06,00022
3210231,1,2011,03,11,19,36,17. ,13,00051
3210231,1,2011,03,11,19,46,52. ,11,00044
3210231,1,2011,03,11,20,01,49. ,11,00042
3210231,2,2011,03,11,20,07,57. ,15,00075
3210231,1,2011,03,11,20,11,06. ,10,00047
3210231,1,2011,03,11,20,14,08. ,07,00025
3210231,1,2011,03,11,20,17,36. ,13,00055
3210231,1,2011,03,11,20,21,30. ,10,00037
3210231,1,2011,03,11,20,36,17. ,06,00022
3210231,1,2011,03,11,20,38,10. ,08,00027
3210231,1,2011,03,11,20,40,10. ,08,00029
3210231,1,2011,03,11,20,47,09. ,14,00055
3210231,1,2011,03,11,20,57,07. ,09,00034
3210231,1,2011,03,11,21,13,44. ,13,00045
3210231,1,2011,03,11,21,52,23. ,06,00025
3210231,1,2011,03,11,22,10,24. ,05,00023
3210231,1,2011,03,11,22,16,47. ,07,00025
3210231,2,2011,03,11,22,17,40. ,19,00107
3210231,1,2011,03,11,22,35,29. ,07,00026
3210231,1,2011,03,11,22,37,30. ,08,00031
3210231,1,2011,03,11,22,48,16. ,08,00034
3210231,1,2011,03,11,22,59,47. ,05,00021
3210231,2,2011,03,11,23,00,40. ,18,00121
3210231,1,2011,03,11,23,44,40. ,10,00039
3210231,2,2011,03,11,23,56,48. ,15,00062
3210231,1,2011,03,12,00,08,12. ,11,00038
3210231,2,2011,03,12,00,13,52. ,16,00065
3210231,1,2011,03,12,00,15,50. ,08,00028
3210231,1,2011,03,12,00,20,50. ,11,00034
3210231,2,2011,03,12,00,24,50. ,16,00140
3210231,1,2011,03,12,00,26,50. ,05,00024
3210231,1,2011,03,12,00,33,38. ,07,00025
3210231,1,2011,03,12,00,43,03. ,10,00035
3210231,1,2011,03,12,00,47,57. ,07,00035
3210231,1,2011,03,12,01,06,16. ,09,00039
3210231,1,2011,03,12,02,08,45. ,05,00030
3210231,1,2011,03,12,02,31,42. ,09,00034
3210231,1,2011,03,12,03,12,24. ,09,00027
3210231,1,2011,03,12,03,18,01. ,07,00021
3210231,2,2011,03,12,03,44,34. ,19,00120
3210231,1,2011,03,12,03,45,30. ,09,00031
3210231,3,2011,03,12,03,59,30. ,33,00606
3210231,2,2011,03,12,04,09,04. ,20,00134
3210231,1,2011,03,12,04,10,00. ,06,00026
3210231,1,2011,03,12,04,11,00. ,07,00031
3210231,1,2011,03,12,04,13,00. ,07,00036
3210231,1,2011,03,12,04,24,57. ,11,00034
3210231,2,2011,03,12,04,32,10. ,23,00185
3210231,1,2011,03,12,04,44,43. ,07,00029
3210231,2,2011,03,12,04,45,40. ,15,00075
3210231,1,2011,03,12,04,46,40. ,09,00034
3210231,1,2011,03,12,04,59,23. ,13,00069
3210231,1,2011,03,12,05,26,23. ,08,00028
3210231,2,2011,03,12,05,35,17. ,18,00084
3210231,1,2011,03,12,05,42,35. ,07,00035
3210231,1,2011,03,12,06,35,09. ,10,00038
3210231,1,2011,03,12,06,55,18. ,07,00028
3210231,1,2011,03,12,07,15,22. ,05,00024
3210231,1,2011,03,12,07,36,55. ,06,00022
3210231,1,2011,03,12,07,53,13. ,06,00028
3210231,1,2011,03,12,08,13,12. ,07,00030
3210231,1,2011,03,12,08,27,17. ,06,00027
3210231,1,2011,03,12,08,59,53. ,11,00048
3210231,1,2011,03,12,10,12,35. ,13,00058
3210231,1,2011,03,12,10,14,30. ,05,00025
3210231,1,2011,03,12,10,17,52. ,09,00035
3210231,1,2011,03,12,10,44,14. ,08,00028
3210231,1,2011,03,12,10,48,20. ,10,00033
3210231,1,2011,03,12,10,50,20. ,10,00042
3210231,1,2011,03,12,11,34,53. ,11,00037
3210231,1,2011,03,12,11,49,10. ,10,00042
3210231,1,2011,03,12,11,57,12. ,08,00029
3210231,1,2011,03,12,12,00,01. ,08,00036
3210231,1,2011,03,12,12,12,44. ,09,00033
3210231,1,2011,03,12,13,38,05. ,09,00041
3210231,2,2011,03,12,14,15,22. ,15,00061
3210231,1,2011,03,12,15,44,31. ,13,00061
3210231,1,2011,03,12,16,37,53. ,07,00026
3210231,1,2011,03,12,16,55,02. ,06,00024
3210231,1,2011,03,12,19,40,09. ,05,00021
3210231,1,2011,03,12,21,54,47. ,12,00052
3210231,2,2011,03,12,22,16,11. ,20,00103
3210231,1,2011,03,12,22,57,45. ,11,00053
3210231,1,2011,03,12,23,15,35. ,08,00029
3210231,1,2011,03,12,23,17,47. ,13,00064
3210231,1,2011,03,13,00,56,13. ,09,00034
3210231,1,2011,03,13,03,10,08. ,06,00024
3210231,1,2011,03,13,05,42,12. ,07,00027
3210231,2,2011,03,13,07,13,28. ,15,00070
3210231,1,2011,03,13,08,25,53. ,13,00058
3210231,1,2011,03,13,08,41,45. ,05,00020
3210231,1,2011,03,13,09,33,38. ,06,00025
3210231,2,2011,03,13,09,41,36. ,16,00084
3210231,1,2011,03,13,10,26,51. ,09,00029
3210231,1,2011,03,13,11,33,08. ,11,00043
3210231,1,2011,03,13,12,01,57. ,09,00033
3210231,1,2011,03,13,15,00,41. ,08,00032
3210231,1,2011,03,13,15,48,17. ,05,00026
3210231,1,2011,03,13,20,38,40. ,10,00032
3210231,1,2011,03,13,21,45,31. ,05,00021
3210231,1,2011,03,14,05,00,51. ,11,00037
3210231,1,2011,03,14,07,17,01. ,13,00067
3210231,2,2011,03,14,08,41,59. ,16,00075
3210231,3,2011,03,14,10,03,05. ,27,00307
3210231,1,2011,03,14,11,12,09. ,11,00051
3210231,1,2011,03,14,12,21,33. ,08,00025
3210231,1,2011,03,14,15,13,31. ,10,00036
3210231,1,2011,03,14,15,19,17. ,10,00036
3210231,2,2011,03,14,15,52,49. ,17,00090
3210231,1,2011,03,14,16,25,48. ,09,00036
3210231,1,2011,03,14,18,08,28. ,10,00056
3210231,1,2011,03,14,20,07,01. ,08,00031
3210231,2,2011,03,15,01,11,56. ,15,00065
3210231,2,2011,03,15,03,41,36. ,23,00154
3210231,1,2011,03,15,04,32,32. ,06,00024
3210231,1,2011,03,15,05,00,20. ,05,00025
3210231,1,2011,03,15,07,30,02. ,08,00036
3210231,1,2011,03,15,14,29,11. ,05,00020
3210231,1,2011,03,15,15,57,01. ,06,00027
3210231,1,2011,03,15,16,04,08. ,14,00058
3210231,1,2011,03,15,22,28,42. ,14,00047
3210231,1,2011,03,15,22,32,12. ,14,00051
3210231,1,2011,03,15,22,39,07. ,06,00025
3210231,1,2011,03,16,04,54,30. ,08,00039
3210231,1,2011,03,16,06,05,21. ,05,00019
3210231,1,2011,03,16,09,23,03. ,09,00035
3210231,2,2011,03,16,12,52,29. ,20,00148
3210231,1,2011,03,16,13,15,05. ,14,00058
3210231,1,2011,03,16,18,16,19. ,05,00022
3210231,2,2011,03,16,22,39,22. ,18,00098
3210231,1,2011,03,17,07,05,40. ,07,00029
3210231,1,2011,03,17,17,26,14. ,10,00031
3210231,1,2011,03,17,21,32,32. ,08,00024
3210231,1,2011,03,17,21,36,44. ,07,00035
3210231,3,2011,03,17,21,55,21. ,25,00231
3210231,1,2011,03,18,06,19,08. ,05,00022
3210231,1,2011,03,18,10,50,55. ,05,00019
3210231,1,2011,03,18,17,02,02. ,07,00030
3210231,1,2011,03,19,04,54,05. ,07,00022
3210231,1,2011,03,19,05,33,34. ,08,00035
3210231,1,2011,03,19,06,19,38. ,05,00024
3210231,2,2011,03,19,08,49,56. ,15,00069
3210231,3,2011,03,19,18,57,09. ,30,00390
3210231,2,2011,03,20,10,31,13. ,19,00116
3210231,1,2011,03,20,14,56,30. ,07,00028
3210231,1,2011,03,20,17,02,34. ,05,00032
3210231,1,2011,03,21,04,55,09. ,07,00034
3210231,1,2011,03,21,05,06,14. ,10,00039
3210231,1,2011,03,21,14,08,53. ,09,00031
3210231,1,2011,03,22,06,24,41. ,06,00031
3210231,1,2011,03,22,13,25,46. ,12,00080
3210231,2,2011,03,22,16,20,40. ,22,00159
3210231,1,2011,03,22,17,33,53. ,11,00049
3210231,2,2011,03,22,18,19,43. ,20,00109
3210231,1,2011,03,22,21,04,51. ,12,00046
3210231,1,2011,03,22,22,51,42. ,08,00023
3210231,1,2011,03,23,04,10,54. ,07,00025
3210231,2,2011,03,23,07,12,56. ,22,00145
3210231,2,2011,03,23,07,35,21. ,24,00194
3210231,2,2011,03,23,07,37,20. ,24,00200
3210231,1,2011,03,23,19,44,17. ,10,00039
3210231,2,2011,03,24,05,33,20. ,22,00157
3210231,1,2011,03,24,05,43,57. ,08,00030
3210231,2,2011,03,24,08,57,03. ,18,00146
3210231,1,2011,03,24,14,04,12. ,09,00043
3210231,1,2011,03,24,16,04,53. ,06,00024
3210231,1,2011,03,24,17,22,27. ,10,00031
3210231,1,2011,03,25,03,14,38. ,07,00028
3210231,1,2011,03,25,03,17,31. ,06,00028
3210231,1,2011,03,25,20,37,52. ,07,00025
3210231,1,2011,03,26,00,46,48. ,06,00024
3210231,1,2011,03,26,16,20,15. ,05,00019
3210231,1,2011,03,26,19,19,58. ,06,00021
3210231,1,2011,03,26,19,30,46. ,07,00028
3210231,1,2011,03,26,23,11,35. ,09,00032
3210231,1,2011,03,26,23,19,42. ,07,00030
3210231,1,2011,03,27,01,07,16. ,07,00028
3210231,1,2011,03,28,06,12,11. ,12,00058
3210231,1,2011,03,28,07,24,50. ,13,00042
3210231,1,2011,03,28,14,45,56. ,06,00020
3210231,1,2011,03,29,19,55,19. ,12,00054
3210231,1,2011,03,29,21,25,28. ,05,00022
3210231,2,2011,03,30,22,19,28. ,20,00111
3210231,1,2011,04,01,23,45,21. ,06,00021
3210231,1,2011,04,02,04,19,41. ,06,00039
3210231,1,2011,04,02,14,08,35. ,08,00033
3210231,2,2011,04,02,16,56,06. ,22,00179
3210231,1,2011,04,02,19,23,28. ,06,00029
3210231,1,2011,04,02,23,38,51. ,05,00022
3210231,1,2011,04,03,11,49,43. ,13,00092
3210231,1,2011,04,03,16,39,37. ,10,00040
3210231,1,2011,04,03,21,58,33. ,06,00021
3210231,1,2011,04,04,13,44,23. ,09,00040
3210231,1,2011,04,04,17,43,50. ,05,00024
3210231,1,2011,04,04,20,46,38. ,11,00061
3210231,1,2011,04,05,05,44,27. ,13,00051
3210231,1,2011,04,05,18,09,23. ,06,00028
3210231,2,2011,04,06,21,57,11. ,17,00083
3210231,1,2011,04,06,22,55,42. ,11,00039
3210231,1,2011,04,07,08,50,29. ,07,00036
3210231,1,2011,04,07,11,41,09. ,13,00048
3210231,3,2011,04,07,23,34,20. ,29,00350
3210231,1,2011,04,08,11,58,00. ,10,00036
3210231,1,2011,04,09,00,40,22. ,12,00055
3210231,1,2011,04,09,03,57,19. ,07,00051
3210231,1,2011,04,09,06,30,17. ,12,00060
3210231,1,2011,04,09,17,02,34. ,10,00069
3210231,1,2011,04,09,18,43,34. ,06,00027
3210231,1,2011,04,09,21,48,03. ,06,00035
3210231,1,2011,04,10,06,23,28. ,06,00031
3210231,2,2011,04,10,09,51,19. ,16,00087
3210231,1,2011,04,10,13,13,15. ,05,00021
3210231,1,2011,04,11,02,45,50. ,12,00058
3210231,1,2011,04,11,05,20,36. ,07,00029
3210231,2,2011,04,11,06,36,20. ,21,00168
3210231,1,2011,04,11,13,52,40. ,09,00033
3210231,4,2011,04,11,17,16,34. ,36,00645
3210231,2,2011,04,11,17,18,30. ,22,00175
3210231,1,2011,04,11,17,19,30. ,08,00033
3210231,1,2011,04,11,17,20,30. ,06,00026
3210231,2,2011,04,11,17,26,52. ,16,00072
3210231,1,2011,04,11,17,34,17. ,11,00048
3210231,1,2011,04,11,17,45,51. ,12,00058
3210231,1,2011,04,11,17,51,40. ,06,00024
3210231,1,2011,04,11,17,58,25. ,14,00064
3210231,1,2011,04,11,18,00,20. ,08,00033
3210231,2,2011,04,11,18,05,42. ,19,00091
3210231,1,2011,04,11,18,13,00. ,11,00043
3210231,1,2011,04,11,18,31,12. ,10,00040
3210231,1,2011,04,11,18,36,49. ,09,00035
3210231,1,2011,04,11,18,48,51. ,10,00045
3210231,1,2011,04,11,19,00,43. ,08,00030
3210231,1,2011,04,11,19,06,42. ,06,00022
3210231,1,2011,04,11,19,26,24. ,06,00025
3210231,1,2011,04,11,19,29,50. ,06,00031
3210231,1,2011,04,11,20,01,05. ,07,00025
3210231,1,2011,04,11,20,13,19. ,06,00025
3210231,1,2011,04,11,20,27,53. ,08,00034
3210231,2,2011,04,11,20,42,58. ,24,00198
3210231,1,2011,04,11,22,06,11. ,10,00041
3210231,1,2011,04,12,00,22,12. ,05,00022
3210231,1,2011,04,12,00,43,51. ,06,00023
3210231,1,2011,04,12,00,58,35. ,08,00025
3210231,1,2011,04,12,02,18,41. ,05,00024
3210231,1,2011,04,12,07,03,54. ,08,00034
3210231,1,2011,04,12,07,26,31. ,07,00032
3210231,2,2011,04,12,08,08,48. ,15,00064
3210231,1,2011,04,12,08,48,43. ,12,00054
3210231,1,2011,04,12,09,10,08. ,11,00043
3210231,3,2011,04,12,14,08,05. ,25,00244
3210231,1,2011,04,12,17,48,55. ,12,00040
3210231,1,2011,04,12,19,16,09. ,07,00035
3210231,3,2011,04,13,10,08,21. ,25,00225
3210231,1,2011,04,14,03,57,43. ,05,00024
3210231,1,2011,04,14,06,43,43. ,05,00023
3210231,2,2011,04,14,07,36,11. ,16,00084
3210231,2,2011,04,14,12,09,23. ,18,00097
3210231,1,2011,04,14,20,03,03. ,05,00023
3210231,1,2011,04,14,20,25,13. ,09,00039
3210231,3,2011,04,16,11,19,46. ,30,00366
3210231,1,2011,04,17,00,56,38. ,08,00043
3210231,1,2011,04,17,05,22,05. ,14,00083
3210231,1,2011,04,17,15,49,56. ,07,00030
3210231,1,2011,04,18,00,48,18. ,09,00034
3210231,1,2011,04,18,03,09,11. ,09,00033
3210231,1,2011,04,19,02,37,27. ,13,00053
3210231,1,2011,04,19,06,34,42. ,06,00021
3210231,3,2011,04,19,23,10,32. ,25,00293
3210231,1,2011,04,20,09,51,28. ,10,00039
3210231,1,2011,04,20,17,31,08. ,05,00026
3210231,1,2011,04,21,00,30,22. ,10,00045
3210231,1,2011,04,21,03,25,36. ,05,00034
3210231,2,2011,04,21,22,37,29. ,18,00086
3210231,2,2011,04,22,01,11,51. ,18,00090
3210231,1,2011,04,23,00,25,57. ,13,00060
3210231,1,2011,04,23,08,16,03. ,06,00025
3210231,1,2011,04,23,19,14,40. ,08,00030
3210231,1,2011,04,23,23,31,49. ,13,00062
3210231,2,2011,04,24,12,25,23. ,16,00086
3210231,1,2011,04,25,18,00,45. ,12,00063
3210231,1,2011,04,25,23,51,18. ,07,00072
3210231,1,2011,04,26,00,13,57. ,05,00019
3210231,1,2011,04,26,13,02,42. ,08,00032
3210231,3,2011,04,26,21,12,15. ,25,00274
3210231,2,2011,04,28,18,28,23. ,16,00076
3210231,2,2011,04,30,14,07,01. ,15,00077
3210231,1,2011,04,30,15,05,09. ,06,00022
3210231,2,2011,05,01,02,12,25. ,15,00072
3210231,2,2011,05,01,10,45,33. ,17,00125
3210231,1,2011,05,01,11,49,27. ,08,00029
3210231,1,2011,05,05,19,21,14. ,08,00037
3210231,1,2011,05,06,00,00,00. ,10,00037
3210231,1,2011,05,06,02,05,10. ,08,00032
3210231,1,2011,05,06,07,47,48. ,05,00022
3210231,1,2011,05,08,13,54,28. ,07,00029
3210231,1,2011,05,08,19,43,54. ,07,00026
3210231,1,2011,05,10,05,17,32. ,08,00031
3210231,1,2011,05,10,08,38,57. ,08,00031
3210231,1,2011,05,10,19,15,38. ,06,00025
3210231,1,2011,05,11,05,25,03. ,06,00026
3210231,1,2011,05,14,01,28,37. ,05,00024
3210231,1,2011,05,14,06,50,10. ,05,00022
3210231,2,2011,05,14,08,36,27. ,18,00117
3210231,1,2011,05,15,00,02,38. ,05,00023
3210231,1,2011,05,15,21,15,35. ,05,00023
3210231,1,2011,05,18,16,24,48. ,07,00032
3210231,1,2011,05,18,20,49,07. ,10,00054
3210231,1,2011,05,20,09,46,44. ,13,00047
3210231,1,2011,05,20,16,29,35. ,07,00028
3210231,2,2011,05,20,17,53,20. ,16,00074
3210231,1,2011,05,22,07,06,52. ,14,00045
3210231,1,2011,05,23,18,32,53. ,10,00044
3210231,2,2011,05,24,20,49,50. ,16,00087
3210231,1,2011,05,25,09,19,33. ,12,00063
3210231,2,2011,05,26,19,57,01. ,16,00077
3210231,1,2011,05,26,20,13,25. ,06,00023
3210231,1,2011,05,27,17,04,46. ,06,00025
3210231,1,2011,05,28,11,14,19. ,12,00061
3210231,1,2011,05,31,04,37,09. ,11,00050
3210231,1,2011,05,31,16,50,54. ,08,00035
3210231,1,2011,06,02,11,34,03. ,08,00031
3210231,2,2011,06,03,09,06,01. ,20,00134
3210231,1,2011,06,03,10,33,45. ,11,00055
3210231,2,2011,06,04,01,00,43. ,17,00086
3210231,2,2011,06,09,19,38,58. ,19,00129
3210231,1,2011,06,10,17,19,11. ,05,00023
3210231,1,2011,06,12,05,09,49. ,06,00026
3210231,1,2011,06,12,17,10,18. ,07,00029
3210231,1,2011,06,14,22,08,21. ,12,00052
3210231,1,2011,06,18,13,39,42. ,05,00026
3210231,1,2011,06,18,18,58,20. ,07,00029
3210231,2,2011,06,18,20,31,43. ,16,00076
3210231,1,2011,06,25,18,59,50. ,06,00027
3210231,1,2011,06,30,19,23,41. ,05,00020
3210231,1,2011,07,03,09,01,30. ,08,00033
3210231,1,2011,07,07,00,15,35. ,11,00037
3210231,2,2011,07,08,03,36,09. ,19,00136
3210231,2,2011,07,10,09,59,00. ,24,00202
3210231,3,2011,07,15,21,01,26. ,29,00429
3210231,1,2011,07,16,14,18,27. ,05,00025
3210231,2,2011,07,16,17,58,10. ,16,00118
3210231,1,2011,07,17,09,56,22. ,05,00022
3210231,1,2011,07,22,10,36,52. ,10,00043
3210231,1,2011,07,22,20,17,32. ,08,00455
3210231,1,2011,07,23,13,35,55. ,05,00017
3210231,1,2011,07,23,23,22,43. ,09,00057
3210231,1,2011,07,25,02,19,37. ,13,00078
3210231,2,2011,07,25,03,52,04. ,20,00121
3210231,1,2011,07,29,19,59,31. ,05,00024
3210231,1,2011,07,29,23,54,23. ,09,00023
3210231,3,2011,07,31,03,54,19. ,30,00367
3210231,1,2011,08,01,13,30,17. ,07,00031
3210231,1,2011,08,01,23,59,04. ,08,00020
3210231,1,2011,08,02,12,38,03. ,06,00030
3210231,1,2011,08,03,04,26,27. ,05,00023
3210231,1,2011,08,07,08,03,20. ,08,00044
3210231,1,2011,08,07,12,35,16. ,12,00056
3210231,1,2011,08,10,15,18,00. ,05,00025
3210231,2,2011,08,12,03,22,32. ,24,00190
3210231,1,2011,08,14,16,39,04. ,06,00028
3210231,2,2011,08,15,15,27,03. ,20,00130
3210231,1,2011,08,16,19,16,38. ,09,00045
3210231,2,2011,08,17,09,23,31. ,22,00234
3210231,1,2011,08,17,20,45,36. ,11,00043
3210231,1,2011,08,18,01,32,58. ,09,00034
3210231,1,2011,08,19,00,40,03. ,09,00050
3210231,2,2011,08,19,14,37,10. ,23,00155
3210231,1,2011,08,22,07,06,30. ,07,00028
3210231,2,2011,08,22,17,36,39. ,17,00087
3210231,1,2011,08,22,20,24,31. ,07,00019
3210231,1,2011,08,27,11,35,59. ,12,00045
3210231,1,2011,08,27,14,06,05. ,10,00044
3210231,1,2011,08,30,03,22,38. ,05,00021
3210231,1,2011,08,31,18,33,12. ,12,00049
3210231,1,2011,09,02,23,15,35. ,06,00048
3210231,2,2011,09,04,05,53,05. ,16,00104
3210231,1,2011,09,05,17,05,01. ,12,00062
3210231,1,2011,09,07,02,55,44. ,07,00025
3210231,1,2011,09,08,22,39,15. ,06,00021
3210231,2,2011,09,10,15,00,52. ,19,00131
3210231,2,2011,09,13,02,43,04. ,15,00107
3210231,2,2011,09,15,17,00,39. ,22,00117
3210231,1,2011,09,17,18,05,28. ,10,00041
3210231,2,2011,09,21,22,31,17. ,24,00240
3210231,1,2011,09,23,05,00,16. ,11,00057
3210231,1,2011,09,23,17,16,24. ,09,00035
3210231,1,2011,09,26,22,46,38. ,05,00024
3210231,1,2011,09,29,19,05,41. ,12,00052
3210231,1,2011,10,06,17,39,33. ,08,00100
3210231,1,2011,10,10,06,58,11. ,10,00045
3210231,2,2011,10,10,11,46,32. ,20,00129
3210231,1,2011,10,11,06,06,02. ,08,00058
3210231,1,2011,10,14,18,27,18. ,06,00028
3210231,1,2011,10,19,16,05,40. ,07,00029
3210231,1,2011,10,20,06,14,31. ,08,00035
3210231,1,2011,10,20,06,22,09. ,08,00030
3210231,1,2011,10,25,12,54,58. ,05,00025
3210231,1,2011,10,26,02,09,30. ,11,00045
3210231,2,2011,11,03,19,34,46. ,15,00100
3210231,1,2011,11,07,23,42,11. ,08,00051
3210231,2,2011,11,20,10,24,02. ,17,00107
3210231,1,2011,11,20,10,26,00. ,10,00042
3210231,2,2011,11,24,04,25,06. ,18,00092
3210231,1,2011,11,24,21,47,56. ,05,00031
3210231,3,2011,11,28,23,33,31. ,25,00226
3210231,1,2011,12,05,10,02,13. ,05,00021
3210231,1,2011,12,05,12,55,33. ,06,00025
3210231,1,2011,12,08,07,12,15. ,06,00021
3210231,1,2011,12,10,13,19,50. ,05,00021
3210231,2,2011,12,11,20,16,36. ,15,00068
3210231,1,2011,12,12,14,13,50. ,11,00046
3210231,1,2011,12,16,15,12,18. ,09,00038
3210231,1,2011,12,21,15,04,42. ,06,00032
3210231,1,2011,12,22,05,11,09. ,12,00052
3210231,1,2011,12,23,23,44,19. ,10,00052
3210231,1,2011,12,31,08,11,39. ,14,00062
3210231,3,2012,01,01,14,30,10. ,34,00531
3210231,1,2012,01,03,03,29,17. ,05,00021
3210231,1,2012,01,07,19,44,00. ,14,00062
3210231,1,2012,01,09,17,50,51. ,06,00028
3210231,1,2012,01,12,10,40,30. ,10,00040
3210231,2,2012,01,12,12,21,19. ,17,00104
3210231,1,2012,01,12,18,38,20. ,11,00060
3210231,3,2012,01,17,12,30,28. ,25,00274
3210231,1,2012,01,22,10,20,47. ,06,00030
3210231,2,2012,01,23,20,46,08. ,20,00121
3210231,1,2012,01,27,13,20,04. ,07,00025
3210231,1,2012,01,28,07,43,34. ,12,00056
3210231,1,2012,01,28,14,21,42. ,06,00024
3210231,1,2012,02,04,19,22,03. ,06,00030
3210231,1,2012,02,05,08,59,42. ,07,00032
3210231,1,2012,02,07,22,38,17. ,09,00034
3210231,2,2012,02,08,21,02,28. ,15,00064
3210231,3,2012,02,11,10,27,00. ,26,00300
3210231,1,2012,02,14,12,28,34. ,11,00040
3210231,1,2012,02,14,15,22,34. ,13,00046
3210231,1,2012,02,16,02,32,53. ,05,00022
3210231,1,2012,02,18,23,21,00. ,13,00068
3210231,2,2012,02,19,14,55,11. ,21,00137
3210231,1,2012,02,24,13,10,51. ,11,00056
3210231,1,2012,02,28,14,21,17. ,13,00067
3210231,2,2012,02,29,18,00,38. ,16,00071
3210231,3,2012,03,01,07,32,52. ,28,00356
3210231,1,2012,03,08,03,51,11. ,09,00061
3210231,2,2012,03,10,02,25,51. ,23,00175
3210231,1,2012,03,14,18,11,10. ,10,00032
3210231,2,2012,03,14,21,05,31. ,22,00164
3210231,3,2012,03,16,04,20,33. ,29,00393
3210231,2,2012,03,17,11,55,27. ,16,00119
3210231,1,2012,03,17,20,25,11. ,06,00027
3210231,1,2012,03,19,11,30,25. ,12,00070
3210231,1,2012,03,25,03,24,45. ,11,00049
3210231,1,2012,03,25,22,23,35. ,09,00031
3210231,1,2012,03,30,13,39,22. ,07,00025
3210231,2,2012,04,01,23,04,51. ,23,00166
3210231,1,2012,04,03,12,13,08. ,11,00054
3210231,1,2012,04,12,20,20,39. ,13,00053
3210231,1,2012,04,12,23,51,27. ,12,00041
3210231,2,2012,04,13,19,10,33. ,16,00071
3210231,1,2012,04,14,17,47,00. ,11,00054
3210231,1,2012,04,19,12,34,15. ,08,00033
3210231,2,2012,04,25,05,22,35. ,15,00059
3210231,1,2012,04,29,19,29,17. ,12,00038
3210231,1,2012,04,29,21,17,36. ,07,00028
3210231,1,2012,05,04,11,54,37. ,05,00022
3210231,1,2012,05,08,04,00,35. ,06,00023
3210231,1,2012,05,17,18,12,15. ,06,00030
3210231,2,2012,05,18,17,19,11. ,23,00255
3210231,1,2012,05,20,22,01,49. ,07,00031
3210231,1,2012,05,26,21,36,04. ,05,00027
3210231,2,2012,05,29,01,37,05. ,22,00147
3210231,1,2012,05,31,14,50,27. ,09,00036
3210231,3,2012,06,01,17,48,22. ,27,00375
3210231,1,2012,06,15,14,10,36. ,05,00020
3210231,2,2012,06,17,16,13,30. ,21,00171
3210231,1,2012,06,18,05,33,51. ,06,00027
3210231,1,2012,06,21,08,57,17. ,06,00024
3210231,2,2012,06,28,14,52,19. ,17,00090
3210231,1,2012,06,29,07,01,53. ,05,00024
3210231,1,2012,07,03,11,31,30. ,12,00043
3210231,2,2012,07,12,13,55,00. ,15,00107
3210231,3,2012,07,16,04,31,43. ,33,00650
3210231,1,2012,07,26,19,30,17. ,10,00042
3210231,1,2012,07,27,23,40,24. ,08,00034
3210231,2,2012,08,03,22,19,51. ,19,00166
3210231,1,2012,08,11,19,30,56. ,07,00032
3210231,2,2012,09,14,02,22,28. ,21,00136
3210231,1,2012,09,25,11,56,32. ,07,00030
3210231,1,2012,09,28,14,47,26. ,05,00025
3210231,1,2012,10,02,06,27,59. ,10,00045
3210231,1,2012,10,02,10,11,26. ,05,00022
3210231,1,2012,10,08,20,04,17. ,05,00029
3210231,1,2012,10,11,16,06,32. ,08,00043
3210231,2,2012,10,12,13,57,41. ,16,00097
3210231,1,2012,10,18,12,55,17. ,05,00067
3210231,1,2012,10,24,16,06,02. ,11,00089
3210231,1,2012,10,25,19,33,33. ,10,00039
3210231,2,2012,10,31,15,50,15. ,15,00112
3210231,1,2012,11,03,07,35,12. ,13,00053
3210231,1,2012,11,05,13,32,05. ,08,00032
3210231,1,2012,11,06,06,59,46. ,07,00033
3210231,1,2012,11,08,08,55,09. ,05,00023
3210231,1,2012,11,09,12,52,36. ,11,00043
3210231,2,2012,11,24,00,52,01. ,18,00132
3210231,2,2012,11,24,18,00,07. ,19,00101
3210231,1,2012,12,03,13,57,46. ,11,00050
3210231,1,2012,12,06,19,17,56. ,08,00035
3210231,1,2012,12,07,05,32,31. ,06,00026
3210231,4,2012,12,07,17,20,20. ,36,00757
3210231,1,2012,12,07,17,32,13. ,12,00050
3210231,1,2012,12,12,09,20,28. ,06,00026
3210231,1,2012,12,15,13,27,45. ,11,00038
3210231,1,2012,12,15,14,46,48. ,11,00042
3210231,1,2012,12,19,09,15,37. ,06,00038
3210231,1,2012,12,20,05,16,48. ,12,00042
3210231,1,2013,01,10,21,49,16. ,07,00025
3210231,1,2013,01,14,15,54,43. ,08,00031
3210231,1,2013,01,14,18,36,55. ,14,00074
3210231,1,2013,01,22,04,47,24. ,09,00038
3210231,1,2013,01,26,09,14,56. ,08,00036
3210231,2,2013,01,28,03,42,09. ,18,00100
3210231,1,2013,01,31,19,58,13. ,09,00034
3210231,1,2013,01,31,23,54,05. ,11,00042
3210231,2,2013,02,01,01,05,01. ,16,00164
3210231,1,2013,02,01,23,07,13. ,08,00035
3210231,1,2013,02,02,12,42,59. ,07,00032
3210231,1,2013,02,02,23,20,33. ,08,00027
3210231,1,2013,02,09,13,43,44. ,12,00039
3210231,1,2013,02,18,21,26,42. ,05,00031
3210231,1,2013,02,24,13,55,54. ,07,00028
3210231,2,2013,02,25,16,24,01. ,21,00179
3210231,1,2013,02,25,22,00,58. ,07,00042
3210231,1,2013,03,14,05,03,19. ,12,00049
3210231,2,2013,03,18,06,53,58. ,22,00164
3210231,1,2013,03,21,14,34,52. ,12,00075
3210231,1,2013,03,26,20,49,04. ,06,00036
3210231,1,2013,04,04,13,43,13. ,08,00029
3210231,1,2013,04,06,05,01,20. ,14,00066
3210231,2,2013,04,14,10,22,21. ,23,00202
3210231,1,2013,04,14,22,25,41. ,13,00052
3210231,1,2013,04,17,21,04,41. ,08,00025
3210231,1,2013,04,19,05,00,19. ,05,00033
3210231,1,2013,04,19,12,11,15. ,05,00020
3210231,1,2013,04,21,12,25,11. ,10,00034
3210231,1,2013,04,29,22,02,23. ,08,00029
3210231,3,2013,04,30,22,09,19. ,28,00612
3210231,1,2013,04,30,22,21,08. ,11,00194
3210231,2,2013,05,01,04,40,16. ,20,00302
3210231,3,2013,05,02,22,04,35. ,34,01366
3210231,1,2013,05,03,03,24,48. ,13,00131
3210231,1,2013,05,03,17,54,33. ,07,00061
3210231,1,2013,05,05,07,17,41. ,06,00022
3210231,1,2013,05,13,23,00,00. ,07,00025
3210231,1,2013,05,15,18,35,39. ,06,00024
3210231,2,2013,05,18,14,48,40. ,16,00069
3210231,1,2013,05,21,20,26,00. ,12,00070
3210231,1,2013,05,24,09,14,37. ,07,00035
3210231,1,2013,05,24,17,34,19. ,05,00021
3210231,1,2013,05,25,22,42,33. ,07,00036
3210231,1,2013,06,03,14,56,37. ,09,00032
3210231,1,2013,06,04,17,34,10. ,08,00032
3210231,1,2013,06,04,19,53,21. ,05,00022
3210231,1,2013,06,05,04,24,38. ,10,00050
3210231,1,2013,06,20,22,19,49. ,05,00024
3210231,2,2013,07,06,14,39,27. ,18,00111
3210231,1,2013,07,20,01,40,17. ,10,00041
3210231,1,2013,07,20,15,07,13. ,10,00037
3210231,1,2013,07,21,18,53,56. ,06,00022
3210231,1,2013,07,23,12,02,52. ,07,00025
3210231,1,2013,07,26,01,56,16. ,08,00039
3210231,1,2013,08,04,12,29,34. ,12,00048
3210231,1,2013,08,04,14,51,34. ,05,00025
3210231,1,2013,08,09,12,04,33. ,05,00024
3210231,1,2013,08,10,07,56,36. ,11,00045
3210231,1,2013,08,12,22,00,21. ,06,00022
3210231,1,2013,08,28,06,41,36. ,10,00037
3210231,3,2013,09,04,09,21,00. ,30,00272
3210231,1,2013,09,09,09,04,55. ,07,00037
3210231,1,2013,09,13,04,50,03. ,11,00047
3210231,1,2013,09,16,19,24,37. ,11,00067
3210231,2,2013,09,20,02,25,31. ,24,00193
3210231,2,2013,09,30,22,38,08. ,15,00098
3210231,3,2013,10,12,02,43,32. ,25,00233
3210231,1,2013,10,20,10,07,50. ,14,00066
3210231,1,2013,10,22,10,19,54. ,05,00020
3210231,3,2013,10,26,02,12,20. ,31,00361
3210231,1,2013,10,26,06,29,28. ,09,00036
3210231,1,2013,10,28,03,15,10. ,11,00045
3210231,1,2013,10,30,12,22,52. ,09,00040
3210231,2,2013,11,03,14,25,31. ,20,00135
3210231,2,2013,11,10,07,38,08. ,23,00207
3210231,2,2013,11,16,20,45,03. ,18,00092
3210231,1,2013,11,19,04,12,24. ,11,00049
3210231,1,2013,11,19,14,10,58. ,08,00034
3210231,2,2013,11,29,01,15,24. ,16,00079
3210231,1,2013,12,03,18,17,26. ,13,00041
3210231,1,2013,12,14,13,06,43. ,09,00034
3210231,1,2013,12,16,00,54,41. ,09,00036
3210231,3,2013,12,21,01,11,04. ,25,00240
3210231,2,2013,12,31,10,03,22. ,17,00092
3210231,1,2014,01,03,10,50,41. ,05,00025
3210231,1,2014,01,06,02,21,48. ,07,00031
3210231,1,2014,01,09,03,57,57. ,13,00059
3210231,1,2014,02,06,00,46,25. ,07,00034
3210231,1,2014,02,08,02,19,29. ,07,00027
3210231,1,2014,02,08,11,35,09. ,05,00018
3210231,1,2014,02,11,04,15,37. ,10,00039
3210231,1,2014,02,14,19,04,49. ,08,00043
3210231,2,2014,02,19,00,29,46. ,15,00098
3210231,1,2014,03,06,14,53,53. ,06,00035
3210231,1,2014,03,12,05,04,56. ,06,00027
3210231,1,2014,03,29,10,54,49. ,06,00021
3210231,1,2014,03,30,12,24,00. ,05,00020
3210231,1,2014,04,08,05,52,39. ,11,00129
3210231,1,2014,04,10,13,19,25. ,05,00026
3210231,1,2014,04,13,18,16,38. ,10,00043
3210231,1,2014,04,16,03,36,50. ,05,00023
3210231,1,2014,04,17,03,18,21. ,14,00056
3210231,3,2014,04,18,07,53,15. ,25,00362
3210231,1,2014,05,05,05,02,29. ,08,00056
3210231,3,2014,05,05,05,18,56. ,31,00356
3210231,1,2014,05,13,08,35,24. ,14,00062
3210231,1,2014,05,13,10,33,57. ,08,00040
3210231,1,2014,06,04,02,22,47. ,09,00041
3210231,1,2014,06,16,03,19,49. ,14,00054
3210231,2,2014,06,16,05,15,17. ,21,00147
3210231,1,2014,06,17,02,43,24. ,12,00060
3210231,1,2014,06,20,01,44,15. ,05,00026
3210231,1,2014,06,28,14,51,27. ,14,00053
3210231,1,2014,07,10,12,22,52. ,05,00028
3210231,1,2014,07,10,17,59,20. ,12,00051
3210231,2,2014,07,12,04,22,45. ,17,00069
3210231,1,2014,07,13,04,00,25. ,09,00035
3210231,2,2014,07,19,10,43,10. ,17,00093
3210231,3,2014,07,20,10,25,54. ,30,00522
3210231,1,2014,07,20,19,47,46. ,09,00044
3210231,1,2014,08,21,04,40,07. ,11,00048
3210231,2,2014,08,24,17,27,07. ,21,00194
3210231,1,2014,08,26,11,23,18. ,10,00041
3210231,1,2014,08,29,18,20,16. ,05,00025
3210231,1,2014,09,03,16,24,28. ,09,00038
3210231,4,2014,09,16,12,28,44. ,38,01146
3210231,1,2014,09,24,21,46,33. ,10,00035
3210231,1,2014,09,24,22,31,43. ,12,00048
3210231,1,2014,09,28,15,09,46. ,08,00043
3210231,1,2014,10,27,15,36,42. ,11,00053
3210231,3,2014,11,12,09,53,45. ,26,00301
3210231,2,2014,11,20,10,52,26. ,19,00100
3210231,1,2014,11,22,22,08,40. ,14,00051
3210231,1,2014,12,09,20,12,08. ,06,00029
3210231,1,2014,12,13,16,20,38. ,06,00030
3210231,1,2014,12,20,18,30,44. ,14,00058
3210231,1,2014,12,25,08,07,04. ,05,00023
3210231,1,2014,12,31,23,50,05. ,13,00075
3210231,1,2015,01,01,15,57,13. ,07,00036
3210231,1,2015,01,05,02,35,23. ,09,00042
3210231,1,2015,01,23,18,12,08. ,06,00032
3210231,2,2015,01,26,07,20,22. ,17,00114
3210231,2,2015,01,30,20,32,04. ,17,00099
3210231,1,2015,03,20,01,56,19. ,06,00029
3210231,1,2015,03,23,21,40,48. ,12,00063
3210231,1,2015,03,24,13,53,40. ,13,00067
3210231,1,2015,03,25,16,26,27. ,05,00029
3210231,2,2015,04,12,15,25,35. ,15,00079
3210231,1,2015,04,23,02,24,32. ,05,00029
3210231,1,2015,04,24,03,27,51. ,07,00037
3210231,1,2015,04,24,12,00,01. ,07,00046
3210231,1,2015,05,03,13,03,45. ,08,00026
3210231,1,2015,05,03,15,54,13. ,12,00068
3210231,1,2015,05,03,23,30,46. ,07,00028
3210231,1,2015,05,13,06,14,50. ,12,00041
3210231,1,2015,05,13,22,45,32. ,13,00084
3210231,1,2015,05,15,12,31,22. ,08,00036
3210231,4,2015,05,25,14,28,22. ,37,00843
3210231,3,2015,05,30,01,07,00. ,25,00408
3210231,3,2015,05,30,20,27,10. ,26,00179
3210231,1,2015,06,09,05,44,21. ,13,00097
3210231,1,2015,06,23,21,22,13. ,05,00016
3210231,2,2015,07,06,18,30,38. ,18,00158
3210231,2,2015,07,10,01,15,26. ,20,00142
3210231,1,2015,07,21,18,17,54. ,05,00019
3210231,1,2015,07,29,21,35,07. ,12,00060
3210231,1,2015,08,05,20,57,06. ,09,00043
3210231,3,2015,08,06,18,22,48. ,28,00452
3210231,1,2015,08,10,18,44,48. ,13,00067
3210231,2,2015,08,14,05,14,11. ,17,00086
3210231,2,2015,08,28,23,46,42. ,18,00107
3210231,1,2015,09,02,16,17,15. ,06,00049
3210231,2,2015,09,12,05,49,26. ,18,00098
3210231,1,2015,09,12,11,45,39. ,13,00051
3210231,1,2015,09,16,05,53,52. ,08,00039
3210231,1,2015,09,22,05,55,43. ,07,00032
3210231,2,2015,10,01,20,11,03. ,16,00105
3210231,2,2015,10,21,15,05,18. ,23,00177
3210231,3,2015,11,07,22,45,04. ,26,00307
3210231,1,2015,11,19,18,33,57. ,08,00035
3210231,1,2015,11,20,08,16,28. ,10,00041
3210231,1,2015,11,22,08,20,47. ,14,00067
3210231,1,2015,12,04,09,37,34. ,05,00025
3210231,1,2015,12,08,01,23,12. ,06,00022
3210231,1,2015,12,11,21,33,27. ,12,00104
3210231,1,2016,01,09,00,01,19. ,07,00036
3210231,2,2016,01,15,04,29,13. ,21,00141
3210231,1,2016,01,24,06,34,15. ,08,00036
3210231,1,2016,02,05,16,02,42. ,12,00051
3210231,1,2016,02,06,06,23,14. ,06,00029
3210231,1,2016,02,07,10,10,22. ,09,00035
3210231,1,2016,02,07,19,27,10. ,13,00075
3210231,2,2016,03,20,16,01,58. ,15,00068
3210231,1,2016,03,22,14,34,47. ,08,00045
3210231,1,2016,03,31,11,48,42. ,14,00089
3210231,1,2016,04,14,15,39,33. ,06,00052
3210231,1,2016,04,15,00,27,02. ,10,00038
3210231,1,2016,04,20,21,20,42. ,09,00031
3210231,1,2016,05,07,06,37,35. ,07,00033
3210231,2,2016,05,16,21,23,15. ,23,00195
3210231,1,2016,05,17,06,55,18. ,08,00044
3210231,1,2016,05,17,06,57,47. ,08,00081
3210231,1,2016,05,23,23,17,55. ,05,00025
3210231,3,2016,06,07,03,15,37. ,25,00360
3210231,2,2016,06,07,13,02,01. ,15,00067
3210231,2,2016,06,12,07,54,37. ,15,00074
3210231,1,2016,06,27,07,58,17. ,09,00029
3210231,1,2016,06,27,13,37,04. ,09,00043
3210231,1,2016,07,04,22,49,00. ,08,00063
3210231,2,2016,07,09,06,28,55. ,15,00113
3210231,2,2016,07,17,13,24,16. ,20,00145
3210231,2,2016,07,20,07,25,47. ,18,00133
3210231,3,2016,07,27,23,47,37. ,25,00218
3210231,2,2016,08,15,16,05,16. ,15,00065
3210231,3,2016,08,19,21,08,07. ,26,00224
3210231,2,2016,08,27,22,46,41. ,15,00088
3210231,1,2016,08,31,05,05,46. ,06,00021
3210231,2,2016,09,07,13,29,04. ,17,00114
3210231,1,2016,09,09,20,53,41. ,14,00083
3210231,1,2016,09,09,23,18,39. ,06,00029
3210231,2,2016,09,13,19,12,43. ,20,00154
3210231,1,2016,09,13,19,20,10. ,09,00036
3210231,1,2016,10,10,15,28,39. ,10,00039
3210231,1,2016,10,19,23,40,54. ,06,00036
3210231,2,2016,10,20,11,50,14. ,18,00085
3210231,3,2016,10,20,20,12,55. ,30,00500
3210231,1,2016,10,26,19,13,07. ,05,00029
3210231,1,2016,11,10,03,56,11. ,07,00036
3210231,1,2016,11,12,06,44,19. ,09,00029
3210231,1,2016,11,21,06,59,59. ,13,00053
3210231,1,2016,11,22,05,57,03. ,09,00033
3210231,3,2016,11,22,06,00,24. ,31,00462
3210231,1,2016,11,22,06,11,20. ,09,00033
3210231,1,2016,11,22,06,29,19. ,07,00030
3210231,1,2016,11,22,06,51,53. ,05,00020
3210231,1,2016,11,22,08,40,47. ,08,00037
3210231,1,2016,11,22,10,38,55. ,06,00028
3210231,1,2016,11,22,23,04,44. ,11,00040
3210231,2,2016,11,24,06,24,11. ,16,00095
3210231,1,2016,11,24,09,37,24. ,08,00033
3210231,1,2016,11,28,17,47,04. ,07,00029
3210231,1,2016,12,04,20,43,19. ,07,00032
3210231,1,2016,12,24,02,26,02. ,08,00030
3210231,1,2016,12,26,04,52,56. ,09,00039
3210231,3,2016,12,28,21,39,09. ,28,00297
3210231,2,2017,01,05,00,44,24. ,22,00136
3210231,1,2017,01,05,02,54,04. ,14,00057
3210231,1,2017,01,12,09,36,48. ,06,00032
3210231,1,2017,01,18,17,19,46. ,14,00066
3210231,1,2017,02,07,20,04,31. ,05,00022
3210231,1,2017,02,09,14,07,57. ,05,00027
3210231,1,2017,02,11,06,06,17. ,12,00052
3210231,1,2017,02,19,18,19,56. ,12,00041
3210231,1,2017,02,26,05,11,57. ,10,00086
3210231,1,2017,02,26,23,55,33. ,05,00023
3210231,1,2017,02,27,00,04,11. ,13,00061
3210231,2,2017,02,28,16,49,34. ,18,00091
3210231,1,2017,03,12,04,58,39. ,07,00025
3210231,1,2017,04,09,07,21,12. ,06,00028
3210231,2,2017,04,12,03,11,04. ,18,00131
3210231,1,2017,04,16,14,28,55. ,06,00026
3210231,1,2017,04,20,02,14,16. ,11,00047
3210231,1,2017,04,20,04,46,41. ,08,00035
3210231,1,2017,05,28,15,18,43. ,11,00052
3210231,1,2017,06,05,15,40,24. ,08,00048
3210231,1,2017,06,19,01,24,05. ,10,00050
3210231,1,2017,06,19,05,52,07. ,07,00024
3210231,1,2017,07,07,21,49,23. ,08,00029
3210231,2,2017,07,20,09,12,00. ,19,00116
3210231,1,2017,07,21,16,08,03. ,13,00069
3210231,1,2017,07,23,17,57,53. ,06,00029
3210231,1,2017,08,02,00,38,21. ,10,00044
3210231,3,2017,08,02,02,02,27. ,30,00507
3210231,2,2017,08,02,07,16,10. ,15,00075
3210231,2,2017,08,03,13,45,17. ,19,00145
3210231,2,2017,08,10,09,36,50. ,17,00090
3210231,1,2017,08,14,18,11,58. ,13,00063
3210231,1,2017,08,26,04,20,58. ,06,00030
3210231,1,2017,08,27,11,26,28. ,14,00073
3210231,1,2017,09,14,09,27,38. ,11,00047
3210231,1,2017,09,17,06,58,46. ,06,00029
3210231,1,2017,09,20,05,18,58. ,06,00030
3210231,1,2017,09,21,01,39,20. ,12,00062
3210231,1,2017,10,01,10,25,39. ,10,00038
3210231,2,2017,10,06,17,00,34. ,17,00083
3210231,3,2017,10,06,23,57,08. ,28,00365
3210231,1,2017,10,19,21,51,15. ,06,00027
3210231,2,2017,11,02,22,31,29. ,19,00123
3210231,1,2017,11,03,21,38,29. ,13,00049
3210231,1,2017,11,05,16,30,21. ,12,00086
3210231,1,2017,11,10,00,38,13. ,07,00044
3210231,1,2017,11,13,07,26,10. ,06,00028
3210231,1,2017,11,26,15,56,07. ,05,00027
3210231,1,2017,11,27,19,39,20. ,06,00030
3210231,1,2017,12,02,00,12,43. ,10,00071
3210231,1,2017,12,27,22,05,56. ,08,00035
3210231,1,2018,01,02,19,48,58. ,06,00025
3210231,2,2018,01,06,00,54,34. ,19,00105
3210231,1,2018,01,07,18,20,40. ,05,00027
3210231,1,2018,01,24,02,32,43. ,09,00038
3210231,1,2018,01,31,10,16,05. ,05,00022
3210231,2,2018,02,08,23,34,31. ,19,00268
3210231,2,2018,02,26,01,29,17. ,17,00070
3210231,1,2018,02,27,08,08,16. ,12,00069
3210231,1,2018,03,26,18,44,49. ,10,00064
3210231,2,2018,03,30,08,17,53. ,23,00188
3210231,1,2018,04,26,09,42,45. ,06,00037
3210231,1,2018,05,05,23,47,00. ,06,00029
3210231,1,2018,05,17,12,12,58. ,12,00054
3210231,1,2018,05,25,21,13,56. ,14,00067
3210231,1,2018,06,02,15,04,48. ,11,00059
3210231,1,2018,06,04,20,20,10. ,07,00039
3210231,4,2018,06,17,15,27,25. ,39,01941
3210231,1,2018,07,07,20,24,19. ,14,00059
3210231,2,2018,07,17,04,34,32. ,16,00105
3210231,1,2018,07,29,09,58,59. ,07,00041
3210231,1,2018,07,31,17,43,02. ,12,00046
3210231,1,2018,08,01,13,02,34. ,05,00025
3210231,1,2018,08,05,16,41,52. ,07,00035
3210231,1,2018,08,08,00,14,01. ,08,00032
3210231,1,2018,08,11,06,12,06. ,08,00031
3210231,1,2018,08,29,07,36,36. ,07,00034
3210231,1,2018,08,29,14,30,39. ,09,00036
3210231,2,2018,09,05,05,11,48. ,22,00181
3210231,2,2018,09,14,14,35,46. ,19,00101
3210231,1,2018,09,14,17,27,24. ,10,00047
3210231,2,2018,09,18,17,11,26. ,21,00199
3210231,1,2018,09,24,00,05,58. ,08,00040
3210231,1,2018,10,02,12,28,16. ,11,00052
3210231,1,2018,10,04,02,13,38. ,05,00027
3210231,1,2018,10,12,13,16,21. ,06,00020
3210231,1,2018,10,15,16,10,51. ,08,00066
3210231,1,2018,10,22,19,48,14. ,05,00025
3210231,1,2018,10,26,03,37,25. ,07,00028
3210231,1,2018,10,27,09,08,52. ,08,00031
3210231,1,2018,11,23,23,30,54. ,12,00060
3210231,3,2018,11,27,08,34,03. ,29,00391
3210231,1,2018,11,28,20,15,35. ,12,00053
3210231,1,2018,12,08,10,54,43. ,11,00042
3210231,1,2018,12,10,00,23,33. ,06,00032
3210231,2,2018,12,12,17,50,15. ,21,00156
3210231,1,2019,01,02,18,44,41. ,07,00039
3210231,1,2019,01,11,03,31,38. ,05,00035
3210231,2,2019,01,14,13,23,54. ,24,00272
3210231,2,2019,01,18,21,46,45. ,16,00074
3210231,1,2019,02,19,17,06,57. ,13,00064
3210231,1,2019,03,02,06,04,04. ,06,00025
3210231,1,2019,04,05,18,59,36. ,09,00032
3210231,2,2019,05,24,12,40,34. ,15,00083
3210231,1,2019,05,27,04,04,50. ,10,00036
3210231,1,2019,06,08,12,46,13. ,05,00047
3210231,1,2019,06,11,10,59,40. ,05,00021
3210231,2,2019,06,17,08,00,29. ,21,00161
3210231,2,2019,06,18,22,23,02. ,15,00064
3210231,1,2019,06,24,09,12,11. ,11,00048
3210231,1,2019,07,16,01,38,36. ,06,00031
3210231,2,2019,07,28,03,33,10. ,22,00169
3210231,2,2019,08,04,19,23,43. ,23,00136
3210231,1,2019,09,30,01,02,51. ,11,00062
3210231,1,2019,10,09,04,58,57. ,05,00025
3210231,1,2019,10,12,18,22,30. ,10,00040
3210231,1,2019,10,16,03,03,14. ,09,00052
3210231,1,2019,11,03,02,40,03. ,12,00064
3210231,1,2019,11,03,23,55,59. ,06,00052
3210231,1,2019,11,04,11,50,06. ,12,00067
3210231,1,2019,11,08,18,18,50. ,10,00048
3210231,1,2019,11,12,21,56,17. ,11,00054
3210231,1,2019,11,15,09,39,52. ,05,00027
3210231,1,2019,11,18,08,00,33. ,05,00032
3210231,2,2019,11,22,05,24,03. ,17,00147
3210231,3,2019,12,03,10,18,16. ,34,00924
3210231,2,2019,12,04,10,39,13. ,22,00186
3210231,1,2019,12,05,22,35,40. ,10,00042
3210231,1,2019,12,19,09,24,18. ,08,00032
3210231,1,2020,01,03,03,24,21. ,11,00040
3210231,1,2020,01,08,04,22,12. ,09,00078
3210231,2,2020,01,14,04,54,02. ,23,00205
3210231,1,2020,01,14,13,26,20. ,09,00041
3210231,1,2020,01,21,19,18,15. ,09,00039
3210231,2,2020,02,01,02,08,04. ,23,00175
3210231,1,2020,02,06,20,20,30. ,08,00032
3210231,2,2020,02,12,19,37,50. ,20,00104
3210231,1,2020,02,17,12,41,10. ,11,00043
3210231,1,2020,03,31,20,24,24. ,13,00065
3210231,2,2020,04,12,00,45,01. ,23,00217
3210231,1,2020,04,18,17,29,32. ,06,00017
3210231,1,2020,04,20,05,40,37. ,05,00019
3210231,1,2020,04,24,01,38,34. ,05,00029
3210231,2,2020,04,26,09,49,26. ,21,00156
3210231,1,2020,05,04,22,08,17. ,09,00029
3210231,1,2020,05,04,22,34,57. ,09,00036
3210231,1,2020,05,06,01,57,28. ,13,00050
3210231,2,2020,05,11,08,58,59. ,17,00095
3210231,1,2020,05,16,06,27,49. ,09,00046
3210231,1,2020,05,19,12,18,05. ,08,00033
3210231,1,2020,05,27,22,59,17. ,09,00044
3210231,3,2020,06,01,06,02,31. ,27,00233
3210231,1,2020,06,04,05,31,39. ,11,00061
3210231,1,2020,06,25,04,48,15. ,13,00042
3210231,1,2020,07,03,14,13,54. ,07,00025
3210231,3,2020,07,09,06,05,42. ,27,00341
3210231,1,2020,07,29,05,33,55. ,07,00035
3210231,1,2020,08,06,02,54,52. ,08,00031
3210231,1,2020,08,07,00,36,37. ,08,00029
3210231,1,2020,08,19,08,32,20. ,09,00127
3210231,2,2020,08,30,14,37,54. ,21,00166
3210231,1,2020,09,07,06,34,30. ,12,00047
3210231,1,2020,09,10,12,26,59. ,07,00033
3210231,1,2020,09,12,11,45,40. ,08,00030
3210231,1,2020,09,17,14,00,59. ,06,00036
3210231,2,2020,09,20,09,05,13. ,15,00075
3210231,1,2020,10,03,18,33,01. ,06,00026
3210231,1,2020,10,05,11,32,55. ,09,00037
3210231,1,2020,10,28,15,58,50. ,13,00056
3210231,3,2020,11,22,19,06,19. ,27,00303
3210231,1,2020,11,25,11,20,32. ,09,00058
3210231,1,2020,12,07,19,28,03. ,06,00029
3210231,1,2020,12,17,16,42,58. ,11,00075
3210231,1,2020,12,28,00,28,28. ,06,00068
3210231,2,2020,12,30,09,35,48. ,24,00215
