station,intensity,year,month,day,hour,minute,second,intensity_equip,acceleration_max_comb
3002930,3,2001,07,20,06,02,53. ,25,00285
3002930,1,2001,07,31,13,59,58. ,11,00049
3002930,1,2001,08,04,20,43,34. ,12,00065
3002930,2,2001,08,20,19,42,41. ,19,00120
3002930,2,2001,09,03,00,04,11. ,16,00089
3002930,2,2001,09,04,23,55,07. ,20,00115
3002930,1,2001,09,25,04,35,39. ,10,00045
3002930,1,2001,09,25,04,57,51. ,14,00069
3002930,2,2001,10,02,17,20,33. ,22,00233
3002930,2,2001,10,18,06,30,55. ,20,00144
3002930,1,2001,10,28,12,25,01. ,13,00076
3002930,1,2001,11,12,03,14,56. ,07,00031
3002930,1,2001,11,25,05,23,07. ,11,00073
3002930,2,2001,12,02,22,03,06. ,21,00116
3002930,1,2001,12,18,19,24,41. ,10,00044
3002930,1,2001,12,23,01,41,39. ,06,00030
3002930,1,2001,12,30,05,38,53. ,07,00037
3002930,2,2002,01,06,18,35,32. ,17,00120
3002930,1,2002,01,29,18,51,03. ,10,00044
3002930,2,2002,02,05,19,57,37. ,15,00091
3002930,2,2002,02,11,10,10,30. ,15,00059
3002930,4,2002,02,12,22,44,51. ,35,00863
3002930,1,2002,02,21,15,15,21. ,08,00032
3002930,2,2002,02,25,22,14,29. ,20,00190
3002930,1,2002,03,09,12,57,53. ,08,00039
3002930,1,2002,03,16,16,24,09. ,06,00034
3002930,2,2002,03,17,03,02,01. ,17,00088
3002930,1,2002,04,17,09,10,31. ,14,00070
3002930,1,2002,05,06,17,13,08. ,07,00034
3002930,3,2002,06,14,11,43,10. ,29,00392
3002930,1,2002,06,16,04,40,23. ,11,00044
3002930,1,2002,06,16,11,38,52. ,14,00069
3002930,1,2002,06,19,18,17,09. ,10,00047
3002930,1,2002,06,30,09,47,26. ,08,00039
3002930,2,2002,07,13,21,46,15. ,21,00144
3002930,3,2002,07,27,17,59,15. ,25,00240
3002930,2,2002,08,01,19,15,55. ,15,00076
3002930,1,2002,08,15,04,16,40. ,09,00047
3002930,1,2002,10,12,20,00,39. ,10,00033
3002930,1,2002,10,13,04,28,56. ,08,00036
3002930,3,2002,10,21,01,06,16. ,26,00270
3002930,2,2002,10,26,19,43,52. ,17,00100
3002930,2,2002,11,03,12,38,53. ,18,00099
3002930,1,2002,12,05,02,17,33. ,07,00031
3002930,1,2002,12,14,04,38,39. ,06,00030
3002930,1,2002,12,23,05,32,11. ,08,00040
3002930,1,2002,12,31,19,11,48. ,09,00045
3002930,2,2003,01,09,13,14,35. ,24,00195
3002930,2,2003,01,21,13,19,38. ,16,00091
3002930,1,2003,02,01,16,16,51. ,08,00039
3002930,3,2003,02,14,10,55,00. ,25,00307
3002930,3,2003,02,16,12,04,15. ,32,00543
3002930,3,2003,03,13,12,13,23. ,26,00233
3002930,1,2003,04,08,03,29,00. ,11,00044
3002930,1,2003,04,08,04,17,52. ,12,00058
3002930,2,2003,04,21,10,18,52. ,21,00152
3002930,1,2003,04,25,07,40,51. ,14,00056
3002930,2,2003,05,06,23,49,11. ,20,00142
3002930,1,2003,05,11,16,29,17. ,14,00073
3002930,2,2003,05,12,00,57,35. ,19,00115
3002930,1,2003,05,12,00,59,48. ,10,00047
3002930,1,2003,05,17,23,33,48. ,09,00034
3002930,1,2003,05,26,08,17,41. ,06,00027
3002930,3,2003,05,26,18,25,17. ,32,00399
3002930,1,2003,05,31,02,47,33. ,08,00034
3002930,1,2003,06,03,17,22,12. ,10,00045
3002930,3,2003,06,09,18,59,56. ,26,00239
3002930,2,2003,06,16,18,34,29. ,21,00148
3002930,2,2003,07,26,07,14,24. ,23,00160
3002930,1,2003,07,26,16,57,45. ,09,00028
3002930,3,2003,08,04,20,57,26. ,34,00672
3002930,1,2003,08,18,19,00,13. ,12,00054
3002930,2,2003,09,20,12,55,40. ,17,00078
3002930,1,2003,09,20,16,09,31. ,14,00072
3002930,1,2003,09,25,13,24,40. ,10,00039
3002930,1,2003,09,26,04,52,51. ,12,00045
3002930,2,2003,10,15,16,31,12. ,15,00060
3002930,1,2003,10,23,23,22,40. ,12,00080
3002930,2,2003,10,31,10,07,32. ,18,00075
3002930,1,2003,10,31,23,15,56. ,08,00035
3002930,2,2003,11,08,10,22,19. ,19,00138
3002930,3,2003,11,12,17,28,55. ,30,00345
3002930,3,2003,11,15,03,44,06. ,26,00250
3002930,1,2003,11,23,07,01,06. ,07,00029
3002930,1,2004,01,08,09,44,53. ,06,00027
3002930,3,2004,01,23,18,01,48. ,30,00498
3002930,2,2004,01,27,02,43,42. ,20,00130
3002930,2,2004,01,27,15,11,22. ,18,00106
3002930,1,2004,01,29,13,47,44. ,10,00041
3002930,1,2004,02,04,04,11,19. ,10,00041
3002930,1,2004,02,09,06,37,21. ,08,00055
3002930,3,2004,04,04,08,02,16. ,27,00282
3002930,1,2004,04,28,18,17,12. ,09,00033
3002930,1,2004,05,05,22,21,16. ,07,00032
3002930,2,2004,05,08,09,10,23. ,16,00100
3002930,1,2004,05,28,09,00,09. ,06,00031
3002930,2,2004,05,29,12,47,56. ,19,00103
3002930,1,2004,06,03,18,44,23. ,10,00060
3002930,1,2004,06,13,14,57,40. ,05,00026
3002930,2,2004,06,27,04,44,00. ,18,00131
3002930,2,2004,07,10,20,07,32. ,22,00216
3002930,1,2004,07,17,15,11,25. ,07,00026
3002930,1,2004,07,19,23,38,16. ,08,00030
3002930,2,2004,07,20,11,46,55. ,16,00091
3002930,1,2004,08,06,03,24,08. ,11,00046
3002930,2,2004,08,19,20,41,13. ,23,00159
3002930,2,2004,09,01,11,50,00. ,21,00129
3002930,2,2004,10,01,10,00,00. ,16,00083
3002930,2,2004,10,06,23,41,00. ,23,00194
3002930,3,2004,10,07,22,01,57. ,25,00219
3002930,2,2004,10,11,05,27,31. ,19,00183
3002930,1,2004,10,11,10,39,45. ,12,00051
3002930,2,2004,10,17,02,19,39. ,17,00081
3002930,2,2004,10,17,03,55,02. ,20,00114
3002930,3,2004,10,23,17,56,27. ,25,00189
3002930,2,2004,10,23,18,03,52. ,20,00114
3002930,1,2004,10,23,18,12,41. ,13,00035
3002930,2,2004,10,23,18,34,32. ,21,00135
3002930,1,2004,10,23,23,35,27. ,11,00036
3002930,1,2004,10,25,01,16,17. ,10,00043
3002930,2,2004,10,25,06,05,39. ,17,00078
3002930,2,2004,10,27,08,20,40. ,19,00125
3002930,2,2004,10,27,10,41,16. ,18,00099
3002930,1,2004,11,06,10,25,52. ,08,00036
3002930,1,2004,11,08,11,16,39. ,13,00055
3002930,1,2004,12,19,14,23,24. ,09,00030
3002930,1,2004,12,21,17,58,15. ,12,00056
3002930,1,2004,12,29,22,59,52. ,09,00033
3002930,1,2004,12,30,10,54,14. ,07,00028
3002930,3,2005,01,01,05,14,04. ,28,00345
3002930,2,2005,02,08,11,29,53. ,17,00093
3002930,3,2005,02,16,04,47,02. ,25,00225
3002930,1,2005,02,23,21,59,17. ,11,00052
3002930,1,2005,03,10,10,44,45. ,14,00076
3002930,1,2005,04,01,13,44,49. ,10,00051
3002930,1,2005,04,03,17,42,12. ,12,00057
3002930,4,2005,04,04,02,57,33. ,36,00819
3002930,2,2005,04,11,07,22,47. ,22,00145
3002930,1,2005,04,18,10,15,31. ,08,00041
3002930,1,2005,05,08,15,05,07. ,10,00047
3002930,3,2005,05,14,00,14,54. ,28,00422
3002930,2,2005,05,15,15,55,47. ,18,00106
3002930,1,2005,05,27,17,08,16. ,09,00040
3002930,2,2005,06,20,01,15,51. ,16,00084
3002930,2,2005,06,24,22,08,49. ,16,00083
3002930,2,2005,06,27,04,16,43. ,17,00115
3002930,1,2005,06,27,05,02,57. ,10,00062
3002930,1,2005,06,30,09,25,11. ,11,00047
3002930,2,2005,07,11,07,27,41. ,20,00133
3002930,1,2005,07,16,15,26,57. ,08,00039
3002930,2,2005,07,23,16,35,33. ,21,00143
3002930,2,2005,07,28,19,16,00. ,19,00124
3002930,1,2005,08,04,07,53,50. ,06,00032
3002930,2,2005,08,04,15,38,14. ,19,00119
3002930,2,2005,08,08,00,07,01. ,22,00149
3002930,1,2005,08,08,08,44,29. ,12,00057
3002930,1,2005,08,10,15,12,42. ,14,00071
3002930,1,2005,08,14,23,48,08. ,12,00058
3002930,4,2005,08,16,11,47,05. ,38,00772
3002930,2,2005,08,17,09,31,07. ,17,00089
3002930,1,2005,09,11,05,07,14. ,14,00069
3002930,1,2005,09,28,17,24,29. ,06,00026
3002930,2,2005,10,16,16,06,08. ,15,00074
3002930,4,2005,10,19,20,44,56. ,35,00625
3002930,3,2005,10,22,22,13,04. ,26,00322
3002930,1,2005,10,31,02,32,23. ,09,00038
3002930,3,2005,11,12,06,02,20. ,25,00239
3002930,2,2005,11,15,06,39,57. ,19,00124
3002930,1,2005,11,16,06,18,22. ,14,00056
3002930,1,2005,11,17,10,53,38. ,12,00053
3002930,1,2005,12,02,21,55,04. ,10,00041
3002930,2,2005,12,02,22,14,06. ,17,00079
3002930,1,2005,12,05,07,21,26. ,11,00037
3002930,2,2005,12,17,03,33,18. ,19,00086
3002930,3,2005,12,28,18,46,28. ,30,00401
3002930,1,2006,01,14,15,30,31. ,13,00053
3002930,2,2006,01,16,07,54,16. ,15,00104
3002930,2,2006,01,18,23,26,17. ,16,00084
3002930,1,2006,01,21,23,31,01. ,09,00034
3002930,1,2006,02,01,20,36,15. ,13,00054
3002930,2,2006,02,03,13,38,03. ,19,00099
3002930,1,2006,02,03,13,39,46. ,13,00066
3002930,1,2006,02,03,14,38,46. ,11,00038
3002930,1,2006,02,03,14,42,14. ,14,00075
3002930,1,2006,02,03,15,10,41. ,12,00047
3002930,1,2006,02,14,22,46,39. ,06,00030
3002930,2,2006,03,10,17,56,15. ,22,00163
3002930,1,2006,03,13,12,41,43. ,08,00041
3002930,2,2006,03,26,01,52,13. ,16,00083
3002930,1,2006,03,28,22,35,23. ,10,00041
3002930,1,2006,03,29,13,08,24. ,07,00036
3002930,1,2006,03,29,19,29,13. ,14,00060
3002930,2,2006,04,02,20,47,13. ,16,00110
3002930,1,2006,04,06,15,41,12. ,10,00039
3002930,2,2006,04,10,09,21,59. ,21,00147
3002930,2,2006,04,20,12,40,45. ,16,00111
3002930,1,2006,05,01,16,01,11. ,09,00045
3002930,1,2006,05,04,00,44,34. ,08,00047
3002930,2,2006,05,11,13,14,53. ,18,00103
3002930,1,2006,06,15,01,58,30. ,10,00048
3002930,1,2006,06,28,09,41,01. ,12,00048
3002930,1,2006,07,06,15,17,51. ,12,00054
3002930,1,2006,07,30,02,19,44. ,12,00064
3002930,2,2006,08,01,22,11,56. ,20,00165
3002930,1,2006,08,28,16,45,38. ,09,00047
3002930,1,2006,08,31,17,18,55. ,10,00044
3002930,1,2006,09,09,19,37,00. ,11,00044
3002930,1,2006,09,13,04,31,46. ,11,00051
3002930,1,2006,10,14,20,38,01. ,08,00030
3002930,2,2006,11,15,17,39,25. ,17,00110
3002930,1,2006,11,17,21,33,41. ,12,00054
3002930,1,2007,01,04,00,40,22. ,08,00045
3002930,1,2007,01,05,06,41,26. ,09,00038
3002930,1,2007,01,10,19,19,39. ,09,00038
3002930,1,2007,01,13,13,30,14. ,08,00036
3002930,2,2007,01,16,03,19,06. ,17,00095
3002930,1,2007,01,25,16,55,49. ,07,00037
3002930,1,2007,02,01,15,40,53. ,11,00059
3002930,1,2007,03,22,10,29,28. ,10,00044
3002930,1,2007,04,01,11,53,30. ,06,00027
3002930,1,2007,04,11,17,43,11. ,07,00030
3002930,1,2007,04,14,05,42,48. ,12,00059
3002930,1,2007,05,06,10,10,11. ,10,00055
3002930,1,2007,05,08,21,02,00. ,14,00069
3002930,1,2007,05,09,02,09,04. ,08,00042
3002930,1,2007,05,14,07,00,02. ,11,00051
3002930,2,2007,05,18,17,02,35. ,16,00087
3002930,1,2007,05,27,00,07,20. ,05,00034
3002930,1,2007,06,01,07,29,27. ,10,00050
3002930,2,2007,06,02,14,43,38. ,22,00164
3002930,1,2007,06,04,13,34,21. ,08,00038
3002930,1,2007,06,09,20,28,57. ,10,00041
3002930,2,2007,06,23,23,53,15. ,15,00151
3002930,2,2007,07,16,10,14,01. ,20,00095
3002930,1,2007,07,16,23,18,52. ,13,00059
3002930,1,2007,07,21,16,36,28. ,12,00063
3002930,1,2007,08,01,17,18,04. ,13,00059
3002930,1,2007,08,04,02,13,28. ,08,00032
3002930,1,2007,10,06,07,19,19. ,06,00027
3002930,1,2007,10,13,22,34,39. ,14,00076
3002930,1,2007,10,17,22,33,44. ,13,00073
3002930,1,2007,11,11,19,49,21. ,08,00033
3002930,2,2007,11,12,09,21,01. ,15,00091
3002930,2,2007,11,26,22,52,14. ,21,00163
3002930,2,2007,11,30,18,37,16. ,20,00124
3002930,1,2007,12,25,23,05,37. ,12,00050
3002930,2,2008,01,09,04,20,10. ,15,00081
3002930,1,2008,01,16,02,56,06. ,11,00044
3002930,1,2008,01,19,18,53,45. ,10,00046
3002930,1,2008,01,26,19,33,36. ,06,00030
3002930,1,2008,02,02,13,07,47. ,07,00039
3002930,1,2008,02,09,07,07,29. ,13,00074
3002930,1,2008,02,17,03,16,14. ,06,00032
3002930,1,2008,02,22,20,27,23. ,11,00044
3002930,1,2008,02,25,22,52,50. ,09,00045
3002930,2,2008,03,02,18,33,48. ,20,00195
3002930,1,2008,03,03,17,58,25. ,06,00026
3002930,3,2008,03,08,01,55,11. ,30,00415
3002930,1,2008,03,19,23,18,57. ,14,00072
3002930,1,2008,03,20,01,37,02. ,07,00034
3002930,2,2008,03,24,12,40,28. ,21,00146
3002930,2,2008,03,24,22,30,16. ,17,00105
3002930,1,2008,04,05,07,34,09. ,09,00043
3002930,1,2008,04,06,21,56,15. ,06,00034
3002930,2,2008,04,17,04,20,45. ,16,00082
3002930,1,2008,05,02,06,59,21. ,10,00044
3002930,1,2008,05,02,14,41,59. ,11,00046
3002930,2,2008,05,08,01,02,26. ,21,00134
3002930,2,2008,05,08,01,04,04. ,16,00071
3002930,1,2008,05,08,01,13,06. ,10,00044
3002930,1,2008,05,08,01,17,10. ,12,00051
3002930,3,2008,05,08,01,45,41. ,31,00462
3002930,1,2008,05,08,03,20,38. ,07,00029
3002930,1,2008,05,08,04,20,57. ,11,00049
3002930,1,2008,05,09,05,12,23. ,08,00030
3002930,1,2008,05,09,08,21,55. ,10,00028
3002930,2,2008,05,09,08,58,50. ,19,00137
3002930,1,2008,05,31,14,04,11. ,08,00028
3002930,1,2008,05,31,16,56,27. ,11,00048
3002930,1,2008,06,02,00,59,25. ,11,00042
3002930,3,2008,06,14,08,44,41. ,25,00145
3002930,2,2008,06,17,16,32,48. ,15,00072
3002930,1,2008,06,22,10,28,57. ,13,00070
3002930,3,2008,07,05,16,49,14. ,30,00347
3002930,2,2008,07,19,11,40,09. ,23,00147
3002930,2,2008,07,21,20,31,14. ,19,00107
3002930,1,2008,07,22,17,47,42. ,11,00048
3002930,3,2008,07,24,00,27,10. ,27,00269
3002930,1,2008,08,20,15,13,54. ,13,00062
3002930,4,2008,08,22,20,00,01. ,38,01140
3002930,2,2008,08,26,15,16,34. ,15,00096
3002930,1,2008,09,11,12,14,15. ,11,00048
3002930,1,2008,09,21,07,17,48. ,10,00042
3002930,2,2008,09,25,10,37,01. ,17,00104
3002930,1,2008,09,28,08,42,56. ,07,00033
3002930,2,2008,10,30,00,49,30. ,15,00079
3002930,1,2008,12,01,15,20,59. ,07,00033
3002930,1,2008,12,04,17,30,12. ,09,00038
3002930,1,2008,12,09,06,17,22. ,06,00035
3002930,1,2008,12,14,19,25,55. ,14,00075
3002930,2,2009,01,03,16,13,27. ,21,00152
3002930,1,2009,01,05,10,37,07. ,09,00040
3002930,2,2009,01,18,18,36,52. ,18,00107
3002930,3,2009,02,01,06,52,09. ,25,00218
3002930,1,2009,02,11,19,07,42. ,11,00054
3002930,2,2009,02,17,09,13,31. ,15,00071
3002930,1,2009,02,20,18,17,48. ,10,00041
3002930,1,2009,02,26,05,53,06. ,09,00040
3002930,1,2009,02,28,02,30,30. ,10,00060
3002930,1,2009,03,04,19,05,06. ,07,00031
3002930,2,2009,04,13,10,34,28. ,15,00078
3002930,1,2009,04,21,07,54,55. ,10,00033
3002930,2,2009,04,21,18,58,23. ,23,00167
3002930,2,2009,04,28,06,37,49. ,22,00162
3002930,1,2009,05,11,01,21,20. ,09,00047
3002930,1,2009,05,29,14,40,04. ,10,00047
3002930,2,2009,06,01,00,33,45. ,15,00070
3002930,1,2009,06,02,21,35,16. ,06,00028
3002930,1,2009,06,06,14,53,28. ,10,00034
3002930,2,2009,07,22,03,57,05. ,15,00066
3002930,1,2009,08,01,18,46,34. ,08,00029
3002930,2,2009,08,03,16,20,00. ,20,00154
3002930,3,2009,08,09,19,58,00. ,28,00307
3002930,1,2009,08,13,07,50,37. ,12,00056
3002930,2,2009,08,18,06,59,18. ,24,00252
3002930,2,2009,08,31,00,46,23. ,20,00124
3002930,1,2009,09,04,11,31,06. ,07,00030
3002930,2,2009,09,05,11,00,00. ,17,00120
3002930,2,2009,09,10,00,22,20. ,15,00067
3002930,1,2009,09,22,20,41,25. ,08,00035
3002930,2,2009,10,01,19,43,21. ,22,00181
3002930,2,2009,10,16,06,57,04. ,18,00116
3002930,1,2009,10,17,18,26,21. ,12,00060
3002930,3,2009,10,23,10,28,45. ,27,00316
3002930,1,2009,11,07,04,22,55. ,11,00047
3002930,2,2009,11,21,15,39,50. ,20,00193
3002930,1,2009,12,02,09,33,29. ,10,00051
3002930,1,2009,12,02,15,14,56. ,11,00062
3002930,3,2009,12,18,05,41,46. ,25,00334
3002930,1,2010,01,08,16,00,06. ,13,/////
3002930,1,2010,01,17,15,05,56. ,10,00030
3002930,2,2010,02,21,09,57,32. ,17,00102
3002930,3,2010,02,22,18,53,07. ,28,00437
3002930,3,2010,03,13,21,46,50. ,29,00354
3002930,3,2010,03,14,17,08,33. ,32,00396
3002930,2,2010,03,19,19,27,50. ,17,00103
3002930,1,2010,03,29,10,29,53. ,08,00035
3002930,3,2010,03,31,06,18,46. ,25,00269
3002930,1,2010,04,16,21,32,29. ,08,00047
3002930,1,2010,04,26,06,23,32. ,08,00037
3002930,2,2010,04,29,07,22,07. ,23,00182
3002930,1,2010,05,01,18,21,16. ,08,00034
3002930,1,2010,05,02,08,59,40. ,07,00028
3002930,1,2010,05,07,04,38,42. ,10,00045
3002930,1,2010,06,01,13,49,58. ,07,00028
3002930,4,2010,06,13,12,33,20. ,35,00769
3002930,2,2010,06,16,19,44,30. ,19,00120
3002930,1,2010,07,04,15,03,37. ,10,00045
3002930,1,2010,07,10,20,33,11. ,06,00033
3002930,1,2010,07,11,11,00,07. ,10,00042
3002930,1,2010,07,23,06,06,59. ,10,00048
3002930,3,2010,08,03,07,31,07. ,26,00301
3002930,1,2010,08,04,23,11,55. ,07,00032
3002930,1,2010,08,05,08,54,26. ,07,00035
3002930,2,2010,09,29,12,02,17. ,15,00070
3002930,2,2010,09,29,17,00,09. ,23,00184
3002930,1,2010,09,30,01,24,01. ,11,00042
3002930,2,2010,09,30,21,47,33. ,19,00108
3002930,2,2010,10,04,20,32,22. ,16,00097
3002930,1,2010,10,14,14,30,18. ,11,00051
3002930,1,2010,10,17,17,20,07. ,10,00047
3002930,2,2010,10,24,13,51,08. ,19,00120
3002930,2,2010,10,26,21,06,36. ,16,00088
3002930,2,2010,11,05,07,31,16. ,17,00090
3002930,2,2010,11,05,19,14,28. ,16,00080
3002930,2,2010,11,24,20,09,29. ,22,00199
3002930,2,2010,11,30,12,28,18. ,18,00078
3002930,1,2010,12,15,08,54,04. ,07,00035
3002930,2,2011,01,28,16,42,02. ,22,00253
3002930,2,2011,02,10,22,03,35. ,22,00152
3002930,1,2011,03,10,03,17,30. ,14,00039
3002930,2,2011,03,10,06,25,18. ,15,00050
3002930,B,2011,03,11,14,48,10. ,54,03562
3002930,3,2011,03,11,14,52,10. ,27,00205
3002930,4,2011,03,11,14,54,10. ,38,01321
3002930,3,2011,03,11,14,56,10. ,25,00194
3002930,3,2011,03,11,14,58,10. ,29,00223
3002930,2,2011,03,11,15,01,10. ,17,00122
3002930,2,2011,03,11,15,04,10. ,19,00109
3002930,3,2011,03,11,15,05,10. ,30,00358
3002930,3,2011,03,11,15,08,10. ,26,00183
3002930,2,2011,03,11,15,09,10. ,23,00164
3002930,3,2011,03,11,15,11,10. ,29,00366
3002930,3,2011,03,11,15,13,10. ,30,00324
3002930,2,2011,03,11,15,14,10. ,15,00065
3002930,4,2011,03,11,15,16,10. ,43,01165
3002930,2,2011,03,11,15,19,10. ,21,00094
3002930,2,2011,03,11,15,20,10. ,20,00087
3002930,2,2011,03,11,15,21,10. ,18,00083
3002930,1,2011,03,11,15,22,10. ,13,00053
3002930,2,2011,03,11,15,24,10. ,15,00057
3002930,3,2011,03,11,15,27,00. ,29,00278
3002930,2,2011,03,11,15,26,01. ,19,00112
3002930,2,2011,03,11,15,29,00. ,18,00086
3002930,2,2011,03,11,15,30,00. ,15,00067
3002930,1,2011,03,11,15,31,00. ,14,00057
3002930,2,2011,03,11,15,32,00. ,18,00090
3002930,2,2011,03,11,15,33,33. ,18,00091
3002930,2,2011,03,11,15,35,30. ,19,00089
3002930,1,2011,03,11,15,37,15. ,14,00051
3002930,1,2011,03,11,15,38,10. ,14,00053
3002930,2,2011,03,11,15,42,00. ,17,00079
3002930,1,2011,03,11,15,43,00. ,09,00031
3002930,3,2011,03,11,15,44,44. ,26,00223
3002930,1,2011,03,11,15,47,21. ,09,00032
3002930,1,2011,03,11,15,48,31. ,14,00066
3002930,2,2011,03,11,15,54,12. ,21,00127
3002930,1,2011,03,11,15,56,12. ,11,00041
3002930,2,2011,03,11,15,57,40. ,23,00173
3002930,2,2011,03,11,16,00,40. ,19,00102
3002930,1,2011,03,11,16,02,28. ,12,00053
3002930,2,2011,03,11,16,03,35. ,19,00103
3002930,1,2011,03,11,16,05,04. ,09,00034
3002930,1,2011,03,11,16,09,51. ,12,00048
3002930,1,2011,03,11,16,11,54. ,07,00029
3002930,1,2011,03,11,16,13,28. ,08,00032
3002930,1,2011,03,11,16,14,20. ,14,00060
3002930,3,2011,03,11,16,15,25. ,27,00215
3002930,2,2011,03,11,16,17,25. ,15,00083
3002930,2,2011,03,11,16,18,24. ,23,00198
3002930,2,2011,03,11,16,23,07. ,15,00072
3002930,2,2011,03,11,16,25,08. ,15,00072
3002930,2,2011,03,11,16,26,41. ,23,00153
3002930,3,2011,03,11,16,30,50. ,30,00339
3002930,2,2011,03,11,16,31,54. ,20,00117
3002930,1,2011,03,11,16,33,58. ,06,00030
3002930,1,2011,03,11,16,36,01. ,10,00040
3002930,1,2011,03,11,16,42,00. ,09,00035
3002930,1,2011,03,11,16,43,23. ,14,00056
3002930,2,2011,03,11,16,45,02. ,17,00060
3002930,2,2011,03,11,16,46,00. ,15,00060
3002930,1,2011,03,11,16,50,22. ,13,00054
3002930,1,2011,03,11,16,52,33. ,10,00036
3002930,2,2011,03,11,16,55,24. ,17,00081
3002930,1,2011,03,11,16,57,20. ,13,00052
3002930,1,2011,03,11,17,02,41. ,08,00031
3002930,1,2011,03,11,17,03,48. ,13,00056
3002930,1,2011,03,11,17,05,41. ,14,00062
3002930,2,2011,03,11,17,11,10. ,15,00097
3002930,3,2011,03,11,17,12,23. ,26,00234
3002930,1,2011,03,11,17,17,20. ,13,00053
3002930,1,2011,03,11,17,16,20. ,11,00049
3002930,3,2011,03,11,17,19,51. ,27,00230
3002930,1,2011,03,11,17,27,51. ,10,00040
3002930,2,2011,03,11,17,28,50. ,16,00062
3002930,4,2011,03,11,17,31,28. ,35,00550
3002930,2,2011,03,11,17,34,14. ,19,00122
3002930,2,2011,03,11,17,35,40. ,19,00112
3002930,1,2011,03,11,17,39,21. ,11,00039
3002930,4,2011,03,11,17,41,14. ,36,00656
3002930,1,2011,03,11,17,44,24. ,10,00034
3002930,1,2011,03,11,17,47,39. ,12,00042
3002930,1,2011,03,11,17,49,05. ,09,00031
3002930,1,2011,03,11,17,50,23. ,10,00063
3002930,1,2011,03,11,17,54,47. ,14,00066
3002930,2,2011,03,11,17,56,48. ,20,00125
3002930,2,2011,03,11,18,04,25. ,24,00189
3002930,1,2011,03,11,18,10,17. ,11,00052
3002930,1,2011,03,11,18,15,43. ,10,00058
3002930,1,2011,03,11,18,17,00. ,12,00047
3002930,2,2011,03,11,18,20,04. ,19,00120
3002930,1,2011,03,11,18,28,38. ,10,00032
3002930,2,2011,03,11,18,34,48. ,15,00067
3002930,1,2011,03,11,18,37,34. ,11,00037
3002930,2,2011,03,11,18,38,37. ,15,00087
3002930,1,2011,03,11,18,48,58. ,14,00075
3002930,2,2011,03,11,18,50,41. ,17,00119
3002930,2,2011,03,11,18,53,24. ,16,00082
3002930,2,2011,03,11,18,55,37. ,23,00163
3002930,2,2011,03,11,18,57,27. ,15,00064
3002930,2,2011,03,11,18,58,58. ,22,00180
3002930,1,2011,03,11,19,00,44. ,08,00038
3002930,1,2011,03,11,19,05,47. ,10,00035
3002930,1,2011,03,11,19,11,39. ,11,00043
3002930,1,2011,03,11,19,13,40. ,10,00033
3002930,1,2011,03,11,19,16,19. ,08,00038
3002930,1,2011,03,11,19,18,48. ,08,00039
3002930,2,2011,03,11,19,21,47. ,23,00215
3002930,2,2011,03,11,19,36,03. ,24,00210
3002930,1,2011,03,11,19,37,18. ,07,00029
3002930,3,2011,03,11,19,46,39. ,29,00310
3002930,1,2011,03,11,19,54,39. ,11,00047
3002930,2,2011,03,11,20,01,32. ,24,00191
3002930,2,2011,03,11,20,07,39. ,19,00132
3002930,1,2011,03,11,20,13,35. ,14,00052
3002930,2,2011,03,11,20,17,23. ,17,00079
3002930,2,2011,03,11,20,21,28. ,17,00086
3002930,1,2011,03,11,20,35,58. ,12,00045
3002930,2,2011,03,11,20,37,44. ,20,00113
3002930,2,2011,03,11,20,40,11. ,15,00059
3002930,1,2011,03,11,20,41,52. ,07,00029
3002930,2,2011,03,11,20,47,08. ,20,00113
3002930,1,2011,03,11,20,48,41. ,09,00039
3002930,1,2011,03,11,20,51,45. ,07,00027
3002930,1,2011,03,11,20,53,58. ,08,00039
3002930,2,2011,03,11,20,56,49. ,18,00089
3002930,1,2011,03,11,21,00,58. ,14,00110
3002930,2,2011,03,11,21,13,37. ,21,00111
3002930,1,2011,03,11,21,17,02. ,12,00052
3002930,1,2011,03,11,21,21,54. ,13,00055
3002930,1,2011,03,11,21,29,23. ,11,00042
3002930,1,2011,03,11,21,35,43. ,11,00057
3002930,1,2011,03,11,21,49,34. ,13,00042
3002930,1,2011,03,11,21,52,06. ,11,00037
3002930,1,2011,03,11,21,54,30. ,10,00039
3002930,2,2011,03,11,21,56,51. ,17,00080
3002930,1,2011,03,11,21,59,55. ,10,00033
3002930,2,2011,03,11,22,10,04. ,21,00151
3002930,2,2011,03,11,22,16,23. ,16,00072
3002930,2,2011,03,11,22,17,20. ,23,00135
3002930,1,2011,03,11,22,33,56. ,10,00058
3002930,2,2011,03,11,22,35,16. ,15,00079
3002930,1,2011,03,11,22,37,01. ,12,00053
3002930,3,2011,03,11,22,47,55. ,25,00206
3002930,2,2011,03,11,22,52,11. ,16,00087
3002930,2,2011,03,11,22,56,47. ,18,00113
3002930,1,2011,03,11,22,59,25. ,13,00051
3002930,3,2011,03,11,23,00,53. ,31,00429
3002930,1,2011,03,11,23,11,24. ,13,00048
3002930,1,2011,03,11,23,15,14. ,13,00052
3002930,2,2011,03,11,23,27,14. ,18,00105
3002930,1,2011,03,11,23,32,32. ,08,00030
3002930,2,2011,03,11,23,44,22. ,19,00134
3002930,1,2011,03,11,23,49,28. ,07,00030
3002930,1,2011,03,11,23,54,49. ,10,00033
3002930,2,2011,03,11,23,56,46. ,21,00127
3002930,1,2011,03,11,23,58,50. ,14,00063
3002930,1,2011,03,12,00,07,06. ,09,00032
3002930,2,2011,03,12,00,08,12. ,16,00068
3002930,2,2011,03,12,00,13,45. ,23,00179
3002930,1,2011,03,12,00,15,40. ,14,00059
3002930,2,2011,03,12,00,20,20. ,16,00069
3002930,2,2011,03,12,00,26,43. ,15,00069
3002930,1,2011,03,12,00,33,20. ,14,00063
3002930,1,2011,03,12,00,42,41. ,12,00038
3002930,1,2011,03,12,00,59,41. ,08,00034
3002930,2,2011,03,12,01,05,53. ,24,00229
3002930,2,2011,03,12,01,07,06. ,16,00103
3002930,1,2011,03,12,01,19,31. ,07,00029
3002930,1,2011,03,12,01,30,08. ,11,00043
3002930,1,2011,03,12,01,49,48. ,13,00047
3002930,1,2011,03,12,01,57,42. ,09,00035
3002930,2,2011,03,12,02,08,25. ,16,00098
3002930,2,2011,03,12,02,31,17. ,20,00156
3002930,1,2011,03,12,02,48,33. ,10,00042
3002930,1,2011,03,12,02,49,30. ,10,00038
3002930,2,2011,03,12,02,52,05. ,17,00087
3002930,1,2011,03,12,02,57,20. ,10,00044
3002930,2,2011,03,12,03,12,09. ,17,00067
3002930,1,2011,03,12,03,17,44. ,12,00048
3002930,1,2011,03,12,03,40,14. ,07,00032
3002930,3,2011,03,12,03,44,21. ,33,00503
3002930,2,2011,03,12,03,45,56. ,18,00087
3002930,2,2011,03,12,04,00,05. ,15,00051
3002930,1,2011,03,12,04,02,29. ,09,00037
3002930,1,2011,03,12,04,04,30. ,12,00041
3002930,3,2011,03,12,04,08,54. ,31,00350
3002930,1,2011,03,12,04,14,03. ,12,00068
3002930,2,2011,03,12,04,24,53. ,24,00172
3002930,1,2011,03,12,04,33,00. ,07,00038
3002930,1,2011,03,12,04,36,17. ,10,00038
3002930,3,2011,03,12,04,46,00. ,27,00298
3002930,2,2011,03,12,04,59,13. ,20,00132
3002930,1,2011,03,12,05,26,01. ,14,00060
3002930,1,2011,03,12,05,27,32. ,12,00056
3002930,2,2011,03,12,05,35,00. ,21,00138
3002930,1,2011,03,12,05,57,53. ,10,00042
3002930,1,2011,03,12,06,04,50. ,11,00054
3002930,1,2011,03,12,06,17,03. ,08,00028
3002930,2,2011,03,12,06,34,53. ,22,00130
3002930,1,2011,03,12,06,42,55. ,08,00030
3002930,1,2011,03,12,06,52,23. ,06,00027
3002930,2,2011,03,12,06,54,59. ,20,00170
3002930,1,2011,03,12,07,09,34. ,10,00045
3002930,1,2011,03,12,07,15,01. ,10,00040
3002930,1,2011,03,12,07,52,52. ,13,00053
3002930,2,2011,03,12,08,12,13. ,18,00118
3002930,1,2011,03,12,08,16,00. ,13,00078
3002930,2,2011,03,12,08,26,59. ,15,00080
3002930,1,2011,03,12,08,55,27. ,11,00035
3002930,2,2011,03,12,08,59,52. ,17,00073
3002930,1,2011,03,12,09,01,32. ,12,00047
3002930,1,2011,03,12,09,09,08. ,07,00028
3002930,1,2011,03,12,09,13,05. ,07,00040
3002930,1,2011,03,12,09,25,53. ,13,00051
3002930,1,2011,03,12,09,40,09. ,09,00038
3002930,2,2011,03,12,10,04,45. ,17,00083
3002930,2,2011,03,12,10,08,12. ,15,00080
3002930,2,2011,03,12,10,12,18. ,24,00184
3002930,2,2011,03,12,10,14,24. ,15,00073
3002930,2,2011,03,12,10,17,39. ,24,00213
3002930,1,2011,03,12,10,25,03. ,09,00034
3002930,1,2011,03,12,10,43,55. ,12,00044
3002930,1,2011,03,12,10,46,59. ,14,00054
3002930,2,2011,03,12,10,48,18. ,16,00065
3002930,2,2011,03,12,10,49,53. ,20,00128
3002930,1,2011,03,12,11,23,15. ,07,00029
3002930,2,2011,03,12,11,34,36. ,15,00072
3002930,1,2011,03,12,11,48,50. ,14,00057
3002930,2,2011,03,12,11,52,59. ,16,00085
3002930,2,2011,03,12,11,56,47. ,16,00108
3002930,1,2011,03,12,11,59,46. ,08,00029
3002930,2,2011,03,12,12,12,34. ,15,00075
3002930,1,2011,03,12,12,15,58. ,09,00040
3002930,1,2011,03,12,12,20,53. ,12,00051
3002930,1,2011,03,12,12,55,27. ,12,00050
3002930,1,2011,03,12,13,07,20. ,08,00035
3002930,1,2011,03,12,13,21,16. ,08,00038
3002930,1,2011,03,12,13,37,48. ,14,00062
3002930,1,2011,03,12,13,47,57. ,09,00029
3002930,1,2011,03,12,13,58,44. ,07,00031
3002930,2,2011,03,12,14,14,55. ,22,00166
3002930,2,2011,03,12,14,27,00. ,16,00082
3002930,1,2011,03,12,14,39,46. ,11,00040
3002930,1,2011,03,12,14,45,46. ,07,00030
3002930,1,2011,03,12,15,01,04. ,10,00044
3002930,1,2011,03,12,15,20,01. ,12,00044
3002930,1,2011,03,12,15,40,19. ,08,00036
3002930,1,2011,03,12,15,41,10. ,09,00055
3002930,2,2011,03,12,15,44,13. ,19,00114
3002930,1,2011,03,12,16,14,21. ,11,00042
3002930,1,2011,03,12,16,21,37. ,08,00035
3002930,1,2011,03,12,16,30,56. ,07,00025
3002930,1,2011,03,12,16,37,30. ,13,00055
3002930,1,2011,03,12,16,52,19. ,12,00070
3002930,2,2011,03,12,16,54,46. ,16,00075
3002930,1,2011,03,12,17,53,25. ,13,00058
3002930,1,2011,03,12,18,55,32. ,13,00059
3002930,1,2011,03,12,19,39,50. ,08,00029
3002930,1,2011,03,12,19,54,50. ,13,00050
3002930,2,2011,03,12,21,55,02. ,17,00090
3002930,2,2011,03,12,22,15,04. ,15,00077
3002930,3,2011,03,12,22,16,00. ,31,00407
3002930,1,2011,03,12,22,21,09. ,10,00049
3002930,1,2011,03,12,22,57,47. ,14,00056
3002930,1,2011,03,12,22,58,47. ,13,00088
3002930,2,2011,03,12,23,15,25. ,15,00079
3002930,2,2011,03,12,23,17,29. ,17,00083
3002930,1,2011,03,13,00,34,36. ,09,00037
3002930,1,2011,03,13,00,55,52. ,10,00036
3002930,1,2011,03,13,01,51,20. ,08,00035
3002930,1,2011,03,13,01,59,43. ,10,00041
3002930,2,2011,03,13,02,26,15. ,19,00139
3002930,2,2011,03,13,02,35,43. ,15,00083
3002930,1,2011,03,13,03,09,44. ,13,00057
3002930,1,2011,03,13,05,41,54. ,14,00060
3002930,1,2011,03,13,07,12,20. ,11,00051
3002930,2,2011,03,13,07,13,20. ,24,00170
3002930,1,2011,03,13,07,26,50. ,12,00050
3002930,1,2011,03,13,08,21,41. ,10,00036
3002930,3,2011,03,13,08,25,39. ,26,00245
3002930,1,2011,03,13,08,41,24. ,10,00042
3002930,1,2011,03,13,08,44,22. ,07,00035
3002930,2,2011,03,13,09,33,27. ,16,00085
3002930,2,2011,03,13,09,41,28. ,24,00203
3002930,2,2011,03,13,10,26,52. ,15,00065
3002930,1,2011,03,13,11,33,10. ,11,00044
3002930,1,2011,03,13,12,01,27. ,14,00061
3002930,1,2011,03,13,13,23,42. ,10,00040
3002930,1,2011,03,13,14,10,18. ,13,00059
3002930,1,2011,03,13,14,38,22. ,12,00063
3002930,2,2011,03,13,15,00,21. ,15,00071
3002930,1,2011,03,13,15,29,40. ,08,00037
3002930,2,2011,03,13,15,47,59. ,17,00083
3002930,1,2011,03,13,17,44,45. ,13,00066
3002930,1,2011,03,13,20,08,17. ,09,00044
3002930,2,2011,03,13,20,38,20. ,17,00070
3002930,1,2011,03,13,20,57,03. ,13,00053
3002930,2,2011,03,13,21,45,07. ,17,00087
3002930,1,2011,03,13,23,01,43. ,08,00030
3002930,1,2011,03,13,23,29,01. ,10,00046
3002930,1,2011,03,14,00,11,37. ,08,00028
3002930,2,2011,03,14,03,03,48. ,15,00071
3002930,1,2011,03,14,04,16,07. ,07,00031
3002930,1,2011,03,14,04,17,14. ,09,00032
3002930,1,2011,03,14,05,00,30. ,13,00053
3002930,2,2011,03,14,07,16,53. ,17,00092
3002930,2,2011,03,14,07,56,53. ,19,00113
3002930,2,2011,03,14,08,41,40. ,18,00140
3002930,1,2011,03,14,08,42,40. ,12,00046
3002930,1,2011,03,14,08,54,27. ,10,00045
3002930,1,2011,03,14,09,21,06. ,10,00065
3002930,4,2011,03,14,10,02,53. ,35,00667
3002930,1,2011,03,14,10,40,52. ,07,00029
3002930,2,2011,03,14,11,11,47. ,17,00081
3002930,1,2011,03,14,12,21,17. ,12,00047
3002930,1,2011,03,14,13,46,11. ,13,00051
3002930,2,2011,03,14,15,13,34. ,17,00085
3002930,2,2011,03,14,15,19,03. ,21,00180
3002930,3,2011,03,14,15,52,36. ,30,00406
3002930,2,2011,03,14,15,56,26. ,22,00168
3002930,1,2011,03,14,16,25,35. ,13,00055
3002930,2,2011,03,14,18,08,13. ,16,00084
3002930,1,2011,03,14,19,28,18. ,09,00043
3002930,2,2011,03,14,20,06,40. ,19,00111
3002930,1,2011,03,14,21,11,08. ,07,00028
3002930,1,2011,03,15,00,26,53. ,07,00030
3002930,2,2011,03,15,01,11,45. ,21,00178
3002930,1,2011,03,15,01,56,03. ,09,00040
3002930,1,2011,03,15,03,00,34. ,08,00032
3002930,3,2011,03,15,03,36,07. ,27,00252
3002930,2,2011,03,15,03,41,30. ,23,00156
3002930,1,2011,03,15,04,04,44. ,12,00053
3002930,1,2011,03,15,04,30,32. ,11,00039
3002930,1,2011,03,15,04,32,14. ,10,00036
3002930,1,2011,03,15,07,04,46. ,11,00044
3002930,2,2011,03,15,07,29,36. ,19,00105
3002930,1,2011,03,15,14,05,34. ,06,00032
3002930,2,2011,03,15,15,56,34. ,18,00127
3002930,2,2011,03,15,16,03,49. ,19,00106
3002930,1,2011,03,15,17,56,51. ,11,00054
3002930,1,2011,03,15,18,50,47. ,13,00051
3002930,1,2011,03,15,20,07,08. ,08,00026
3002930,2,2011,03,15,22,11,02. ,15,00091
3002930,2,2011,03,15,22,28,30. ,23,00169
3002930,1,2011,03,15,22,32,51. ,10,00035
3002930,2,2011,03,15,22,38,42. ,17,00076
3002930,1,2011,03,16,00,54,20. ,07,00025
3002930,1,2011,03,16,01,23,12. ,09,00038
3002930,1,2011,03,16,01,26,09. ,08,00042
3002930,1,2011,03,16,01,28,40. ,07,00034
3002930,1,2011,03,16,03,20,01. ,12,00074
3002930,1,2011,03,16,04,02,28. ,11,00041
3002930,2,2011,03,16,04,54,07. ,17,00085
3002930,2,2011,03,16,05,53,55. ,20,00137
3002930,2,2011,03,16,06,04,53. ,17,00093
3002930,1,2011,03,16,08,21,12. ,12,00051
3002930,1,2011,03,16,08,39,27. ,11,00066
3002930,1,2011,03,16,08,40,20. ,10,00050
3002930,2,2011,03,16,09,22,54. ,20,00142
3002930,3,2011,03,16,12,52,25. ,31,00467
3002930,3,2011,03,16,13,14,55. ,25,00230
3002930,1,2011,03,16,17,49,38. ,13,00059
3002930,1,2011,03,16,18,15,54. ,13,00060
3002930,1,2011,03,16,20,20,35. ,12,00057
3002930,2,2011,03,16,20,45,34. ,15,00068
3002930,1,2011,03,16,21,14,33. ,07,00039
3002930,2,2011,03,16,22,39,29. ,18,00107
3002930,1,2011,03,16,22,50,54. ,08,00033
3002930,1,2011,03,16,22,54,36. ,12,00056
3002930,1,2011,03,16,23,47,09. ,13,00048
3002930,1,2011,03,17,02,14,12. ,09,00043
3002930,1,2011,03,17,03,56,44. ,10,00039
3002930,1,2011,03,17,04,01,13. ,10,00037
3002930,1,2011,03,17,06,16,25. ,06,00036
3002930,1,2011,03,17,07,05,33. ,12,00058
3002930,1,2011,03,17,15,25,16. ,14,00060
3002930,1,2011,03,17,17,26,00. ,14,00060
3002930,1,2011,03,17,17,57,18. ,11,00046
3002930,1,2011,03,17,20,38,33. ,08,00038
3002930,1,2011,03,17,20,48,43. ,08,00034
3002930,1,2011,03,17,21,19,16. ,14,00093
3002930,1,2011,03,17,21,32,42. ,11,00040
3002930,1,2011,03,17,21,36,21. ,13,00047
3002930,3,2011,03,17,21,55,10. ,30,00407
3002930,1,2011,03,18,00,42,25. ,11,00050
3002930,2,2011,03,18,03,38,33. ,18,00106
3002930,1,2011,03,18,03,56,30. ,09,00030
3002930,1,2011,03,18,06,18,45. ,14,00067
3002930,1,2011,03,18,09,42,02. ,11,00035
3002930,2,2011,03,18,10,50,26. ,16,00088
3002930,1,2011,03,18,11,48,25. ,13,00056
3002930,1,2011,03,18,17,02,10. ,14,00052
3002930,1,2011,03,18,21,36,35. ,08,00041
3002930,1,2011,03,18,23,35,16. ,11,00046
3002930,1,2011,03,19,01,04,41. ,08,00029
3002930,2,2011,03,19,04,53,43. ,15,00074
3002930,2,2011,03,19,05,33,10. ,17,00081
3002930,1,2011,03,19,06,19,22. ,13,00059
3002930,1,2011,03,19,07,11,13. ,07,00035
3002930,2,2011,03,19,08,49,36. ,23,00148
3002930,1,2011,03,19,09,39,33. ,09,00034
3002930,2,2011,03,19,09,57,33. ,22,00173
3002930,1,2011,03,19,13,22,45. ,12,00054
3002930,1,2011,03,19,15,31,31. ,09,00042
3002930,1,2011,03,19,15,43,35. ,10,00039
3002930,4,2011,03,19,18,56,26. ,40,01196
3002930,1,2011,03,19,19,11,56. ,12,00053
3002930,1,2011,03,19,20,17,45. ,10,00052
3002930,1,2011,03,19,20,19,30. ,07,00039
3002930,1,2011,03,19,22,59,08. ,06,00032
3002930,1,2011,03,20,01,38,26. ,09,00038
3002930,1,2011,03,20,05,06,45. ,14,00072
3002930,2,2011,03,20,05,49,09. ,15,00065
3002930,1,2011,03,20,10,25,21. ,14,00063
3002930,2,2011,03,20,10,31,01. ,24,00178
3002930,1,2011,03,20,12,05,05. ,09,00049
3002930,1,2011,03,20,14,20,15. ,08,00033
3002930,2,2011,03,20,14,56,08. ,18,00087
3002930,1,2011,03,20,17,02,14. ,11,00052
3002930,1,2011,03,20,19,59,44. ,14,00066
3002930,1,2011,03,20,21,44,04. ,14,00059
3002930,1,2011,03,21,01,28,08. ,09,00038
3002930,2,2011,03,21,04,54,46. ,16,00078
3002930,2,2011,03,21,05,05,52. ,24,00237
3002930,1,2011,03,21,05,18,39. ,07,00026
3002930,1,2011,03,21,08,43,37. ,14,00058
3002930,1,2011,03,21,10,02,44. ,07,00036
3002930,1,2011,03,21,13,22,35. ,11,00046
3002930,2,2011,03,21,14,08,39. ,21,00145
3002930,1,2011,03,21,19,27,19. ,08,00042
3002930,1,2011,03,21,22,49,44. ,13,00062
3002930,1,2011,03,21,23,53,58. ,11,00041
3002930,1,2011,03,22,00,09,01. ,07,00036
3002930,1,2011,03,22,03,23,53. ,11,00063
3002930,2,2011,03,22,04,26,53. ,19,00121
3002930,1,2011,03,22,06,24,20. ,13,00061
3002930,1,2011,03,22,07,47,19. ,08,00035
3002930,1,2011,03,22,09,33,31. ,07,00044
3002930,1,2011,03,22,10,14,29. ,11,00046
3002930,2,2011,03,22,10,20,13. ,18,00101
3002930,1,2011,03,22,13,25,59. ,07,00041
3002930,2,2011,03,22,16,19,51. ,19,00120
3002930,2,2011,03,22,17,33,31. ,21,00192
3002930,3,2011,03,22,18,19,31. ,30,00328
3002930,1,2011,03,22,18,46,42. ,14,00063
3002930,1,2011,03,22,19,13,52. ,07,00027
3002930,1,2011,03,22,19,57,27. ,12,00050
3002930,2,2011,03,22,21,04,40. ,20,00091
3002930,2,2011,03,22,22,51,36. ,15,00063
3002930,1,2011,03,23,00,04,35. ,08,00028
3002930,1,2011,03,23,00,24,43. ,14,00067
3002930,1,2011,03,23,01,12,53. ,12,00046
3002930,1,2011,03,23,03,03,09. ,11,00046
3002930,1,2011,03,23,03,50,54. ,09,00035
3002930,1,2011,03,23,04,10,38. ,11,00042
3002930,3,2011,03,23,07,12,41. ,29,00300
3002930,3,2011,03,23,07,35,06. ,33,00583
3002930,3,2011,03,23,07,36,40. ,31,00411
3002930,1,2011,03,23,07,53,44. ,10,00039
3002930,1,2011,03,23,08,04,07. ,08,00041
3002930,1,2011,03,23,13,40,41. ,08,00034
3002930,1,2011,03,23,16,16,52. ,10,00065
3002930,1,2011,03,23,18,55,36. ,12,00067
3002930,2,2011,03,23,19,44,03. ,18,00092
3002930,1,2011,03,23,22,19,40. ,12,00047
3002930,1,2011,03,23,23,48,52. ,11,00042
3002930,1,2011,03,24,01,54,45. ,13,00058
3002930,2,2011,03,24,02,02,04. ,21,00141
3002930,1,2011,03,24,04,47,01. ,09,00042
3002930,2,2011,03,24,05,33,11. ,19,00130
3002930,1,2011,03,24,05,43,47. ,12,00052
3002930,2,2011,03,24,06,11,40. ,15,00094
3002930,2,2011,03,24,08,57,11. ,24,00180
3002930,1,2011,03,24,12,24,37. ,10,00065
3002930,2,2011,03,24,14,03,46. ,16,00105
3002930,1,2011,03,24,16,04,37. ,09,00032
3002930,2,2011,03,24,17,22,14. ,22,00136
3002930,1,2011,03,24,22,19,59. ,11,00062
3002930,2,2011,03,25,01,41,11. ,15,00074
3002930,2,2011,03,25,02,08,35. ,19,00097
3002930,1,2011,03,25,03,14,22. ,09,00029
3002930,2,2011,03,25,03,17,09. ,19,00132
3002930,1,2011,03,25,04,45,54. ,09,00035
3002930,1,2011,03,25,08,12,25. ,14,00054
3002930,2,2011,03,25,20,37,31. ,18,00085
3002930,1,2011,03,26,00,46,26. ,12,00053
3002930,1,2011,03,26,01,10,43. ,14,00074
3002930,1,2011,03,26,16,19,45. ,14,00069
3002930,1,2011,03,26,16,52,52. ,10,00049
3002930,1,2011,03,26,16,56,52. ,12,00058
3002930,1,2011,03,26,17,23,54. ,11,00048
3002930,2,2011,03,26,19,19,35. ,17,00077
3002930,1,2011,03,26,19,24,22. ,12,00057
3002930,2,2011,03,26,19,30,23. ,16,00079
3002930,1,2011,03,26,19,43,01. ,11,00038
3002930,2,2011,03,26,23,04,45. ,17,00099
3002930,2,2011,03,26,23,11,08. ,17,00132
3002930,1,2011,03,26,23,15,33. ,08,00032
3002930,1,2011,03,26,23,19,16. ,12,00073
3002930,1,2011,03,27,00,02,13. ,07,00035
3002930,3,2011,03,27,01,07,12. ,25,00233
3002930,1,2011,03,27,20,08,58. ,13,00060
3002930,1,2011,03,27,20,13,11. ,08,00029
3002930,1,2011,03,28,00,18,30. ,12,00045
3002930,2,2011,03,28,06,12,00. ,18,00118
3002930,3,2011,03,28,07,24,36. ,25,00210
3002930,1,2011,03,28,11,09,28. ,09,00038
3002930,1,2011,03,28,11,41,07. ,12,00072
3002930,1,2011,03,28,11,55,34. ,06,00028
3002930,1,2011,03,28,14,45,36. ,11,00047
3002930,1,2011,03,28,15,46,37. ,08,00038
3002930,1,2011,03,28,17,11,29. ,06,00035
3002930,2,2011,03,28,20,08,15. ,19,00145
3002930,1,2011,03,29,16,05,29. ,09,00043
3002930,2,2011,03,29,19,55,16. ,23,00167
3002930,1,2011,03,29,21,10,56. ,07,00036
3002930,1,2011,03,29,21,25,11. ,14,00078
3002930,1,2011,03,30,02,46,12. ,09,00038
3002930,1,2011,03,30,05,38,58. ,08,00038
3002930,3,2011,03,30,22,19,16. ,27,00345
3002930,1,2011,03,30,23,46,09. ,07,00027
3002930,1,2011,03,31,05,33,52. ,10,00039
3002930,1,2011,03,31,16,16,40. ,12,00054
3002930,1,2011,04,01,02,22,01. ,09,00038
3002930,1,2011,04,01,17,35,04. ,07,00037
3002930,1,2011,04,01,23,45,06. ,11,00035
3002930,1,2011,04,02,13,09,13. ,13,00057
3002930,2,2011,04,02,14,08,24. ,22,00173
3002930,1,2011,04,02,14,34,54. ,08,00037
3002930,3,2011,04,02,16,56,15. ,31,00533
3002930,1,2011,04,02,18,05,17. ,14,00066
3002930,2,2011,04,02,19,22,59. ,21,00135
3002930,2,2011,04,02,23,38,25. ,16,00071
3002930,1,2011,04,03,09,23,06. ,08,00039
3002930,1,2011,04,03,10,54,26. ,09,00040
3002930,1,2011,04,03,11,49,52. ,13,00077
3002930,2,2011,04,03,16,39,20. ,24,00190
3002930,1,2011,04,03,18,36,21. ,11,00046
3002930,2,2011,04,03,21,58,09. ,19,00144
3002930,1,2011,04,04,13,43,56. ,11,00050
3002930,1,2011,04,04,17,43,27. ,10,00048
3002930,2,2011,04,04,20,46,47. ,19,00098
3002930,1,2011,04,05,02,45,09. ,08,00036
3002930,1,2011,04,05,04,50,10. ,13,00056
3002930,1,2011,04,05,05,44,19. ,09,00041
3002930,1,2011,04,05,06,37,09. ,09,00037
3002930,1,2011,04,05,13,32,52. ,10,00047
3002930,1,2011,04,05,15,34,33. ,12,00059
3002930,2,2011,04,05,18,08,55. ,18,00126
3002930,1,2011,04,05,18,30,09. ,08,00040
3002930,1,2011,04,05,18,31,29. ,11,00051
3002930,1,2011,04,06,03,13,30. ,11,00045
3002930,1,2011,04,06,06,24,22. ,13,00078
3002930,1,2011,04,06,07,03,01. ,13,00052
3002930,1,2011,04,06,20,49,06. ,09,00038
3002930,3,2011,04,06,21,56,55. ,27,00263
3002930,2,2011,04,06,22,55,28. ,21,00124
3002930,1,2011,04,07,02,55,29. ,08,00034
3002930,1,2011,04,07,08,50,06. ,13,00061
3002930,3,2011,04,07,11,40,58. ,29,00358
3002930,1,2011,04,07,15,04,53. ,07,00032
3002930,4,2011,04,07,23,33,17. ,40,00923
3002930,2,2011,04,08,05,47,37. ,15,00081
3002930,1,2011,04,08,10,12,13. ,13,00068
3002930,2,2011,04,08,11,57,42. ,20,00158
3002930,1,2011,04,08,12,00,30. ,10,00055
3002930,1,2011,04,08,19,33,38. ,11,00049
3002930,2,2011,04,09,00,40,01. ,19,00105
3002930,2,2011,04,09,03,53,40. ,17,00101
3002930,1,2011,04,09,03,57,19. ,07,00030
3002930,1,2011,04,09,11,38,22. ,10,00044
3002930,1,2011,04,09,12,33,17. ,11,00045
3002930,1,2011,04,09,16,28,58. ,09,00040
3002930,2,2011,04,09,17,02,40. ,20,00130
3002930,1,2011,04,09,17,53,53. ,09,00042
3002930,2,2011,04,09,18,01,52. ,19,00132
3002930,1,2011,04,09,18,41,11. ,10,00042
3002930,2,2011,04,09,18,43,13. ,20,00124
3002930,1,2011,04,10,09,51,04. ,14,00071
3002930,1,2011,04,10,13,12,59. ,12,00054
3002930,2,2011,04,11,01,34,26. ,18,00090
3002930,2,2011,04,11,02,45,26. ,18,00094
3002930,2,2011,04,11,05,20,18. ,15,00079
3002930,4,2011,04,11,06,36,08. ,37,00973
3002930,1,2011,04,11,06,57,25. ,08,00044
3002930,1,2011,04,11,09,00,17. ,13,00069
3002930,1,2011,04,11,11,00,44. ,09,00038
3002930,2,2011,04,11,13,52,16. ,18,00092
3002930,A,2011,04,11,17,16,18. ,45,01860
3002930,3,2011,04,11,17,18,10. ,30,00448
3002930,2,2011,04,11,17,19,24. ,21,00140
3002930,1,2011,04,11,17,20,30. ,13,00052
3002930,1,2011,04,11,17,22,00. ,09,00045
3002930,1,2011,04,11,17,23,28. ,13,00067
3002930,3,2011,04,11,17,26,36. ,29,00329
3002930,1,2011,04,11,17,28,58. ,08,00043
3002930,1,2011,04,11,17,31,53. ,10,00046
3002930,2,2011,04,11,17,33,23. ,23,00184
3002930,1,2011,04,11,17,36,06. ,08,00032
3002930,1,2011,04,11,17,37,02. ,13,00057
3002930,1,2011,04,11,17,39,34. ,11,00039
3002930,1,2011,04,11,17,41,56. ,07,00034
3002930,1,2011,04,11,17,44,08. ,07,00033
3002930,2,2011,04,11,17,45,24. ,18,00118
3002930,1,2011,04,11,17,50,14. ,09,00044
3002930,2,2011,04,11,17,51,11. ,15,00076
3002930,1,2011,04,11,17,54,35. ,14,00070
3002930,3,2011,04,11,17,58,09. ,26,00286
3002930,2,2011,04,11,17,59,58. ,22,00161
3002930,1,2011,04,11,18,04,10. ,07,00032
3002930,3,2011,04,11,18,05,26. ,32,00525
3002930,2,2011,04,11,18,06,23. ,15,00088
3002930,2,2011,04,11,18,12,37. ,22,00160
3002930,2,2011,04,11,18,30,46. ,18,00091
3002930,1,2011,04,11,18,31,44. ,09,00034
3002930,3,2011,04,11,18,36,27. ,25,00241
3002930,1,2011,04,11,18,45,15. ,08,00034
3002930,2,2011,04,11,18,47,01. ,16,00084
3002930,2,2011,04,11,18,48,24. ,17,00090
3002930,1,2011,04,11,18,55,15. ,08,00029
3002930,2,2011,04,11,19,00,16. ,15,00091
3002930,2,2011,04,11,19,06,16. ,18,00093
3002930,1,2011,04,11,19,10,23. ,07,00033
3002930,1,2011,04,11,19,19,11. ,10,00049
3002930,1,2011,04,11,19,21,05. ,07,00025
3002930,2,2011,04,11,19,25,18. ,22,00143
3002930,2,2011,04,11,19,28,51. ,16,00081
3002930,2,2011,04,11,19,31,20. ,20,00138
3002930,1,2011,04,11,19,59,24. ,11,00044
3002930,1,2011,04,11,20,00,36. ,13,00085
3002930,2,2011,04,11,20,12,51. ,16,00080
3002930,3,2011,04,11,20,27,37. ,25,00201
3002930,4,2011,04,11,20,42,41. ,41,01489
3002930,1,2011,04,11,21,06,27. ,10,00037
3002930,1,2011,04,11,21,16,38. ,09,00041
3002930,1,2011,04,11,22,00,01. ,14,00096
3002930,3,2011,04,11,22,05,49. ,33,00530
3002930,1,2011,04,11,22,21,30. ,13,00062
3002930,1,2011,04,11,22,24,40. ,11,00051
3002930,1,2011,04,11,23,02,16. ,13,00063
3002930,1,2011,04,11,23,07,21. ,08,00030
3002930,1,2011,04,11,23,09,02. ,10,00040
3002930,2,2011,04,12,00,21,44. ,17,00150
3002930,3,2011,04,12,00,43,20. ,25,00268
3002930,2,2011,04,12,00,58,09. ,20,00135
3002930,1,2011,04,12,01,19,34. ,08,00036
3002930,1,2011,04,12,01,49,30. ,14,00078
3002930,1,2011,04,12,02,18,16. ,14,00071
3002930,1,2011,04,12,02,21,11. ,11,00072
3002930,1,2011,04,12,03,27,21. ,12,00048
3002930,1,2011,04,12,04,44,01. ,07,00024
3002930,1,2011,04,12,05,03,56. ,10,00040
3002930,1,2011,04,12,05,27,32. ,10,00053
3002930,1,2011,04,12,06,29,38. ,09,00052
3002930,1,2011,04,12,07,03,28. ,11,00066
3002930,1,2011,04,12,07,22,59. ,14,00074
3002930,2,2011,04,12,08,08,48. ,19,00095
3002930,3,2011,04,12,08,48,27. ,25,00251
3002930,1,2011,04,12,09,04,58. ,14,00089
3002930,2,2011,04,12,09,09,41. ,21,00166
3002930,1,2011,04,12,09,11,25. ,09,00046
3002930,1,2011,04,12,09,47,00. ,07,00035
3002930,2,2011,04,12,13,33,06. ,22,00179
3002930,4,2011,04,12,14,07,50. ,41,01417
3002930,2,2011,04,12,14,10,56. ,20,00127
3002930,1,2011,04,12,14,14,51. ,14,00097
3002930,2,2011,04,12,14,26,41. ,21,00249
3002930,1,2011,04,12,14,33,01. ,09,00044
3002930,2,2011,04,12,16,47,31. ,15,00078
3002930,3,2011,04,12,17,48,33. ,32,00469
3002930,2,2011,04,12,19,15,52. ,19,00119
3002930,1,2011,04,13,03,48,07. ,11,00067
3002930,1,2011,04,13,04,02,27. ,11,00043
3002930,1,2011,04,13,05,47,46. ,10,00054
3002930,2,2011,04,13,06,08,05. ,16,00085
3002930,1,2011,04,13,07,36,01. ,13,00069
3002930,1,2011,04,13,07,55,30. ,11,00049
3002930,3,2011,04,13,10,08,05. ,31,00349
3002930,2,2011,04,13,14,52,35. ,16,00089
3002930,1,2011,04,13,18,06,26. ,11,00060
3002930,1,2011,04,13,21,58,46. ,08,00032
3002930,1,2011,04,13,23,04,26. ,11,00050
3002930,1,2011,04,14,02,41,24. ,10,00044
3002930,2,2011,04,14,03,57,21. ,18,00109
3002930,2,2011,04,14,06,43,14. ,21,00153
3002930,4,2011,04,14,07,35,54. ,35,00604
3002930,2,2011,04,14,08,01,23. ,15,00092
3002930,1,2011,04,14,11,24,20. ,13,00055
3002930,3,2011,04,14,12,09,08. ,28,00298
3002930,1,2011,04,14,14,49,10. ,07,00043
3002930,1,2011,04,14,16,32,31. ,08,00030
3002930,2,2011,04,14,20,02,35. ,16,00077
3002930,1,2011,04,14,20,24,47. ,14,00073
3002930,2,2011,04,14,20,47,00. ,17,00085
3002930,1,2011,04,14,21,17,45. ,08,00043
3002930,1,2011,04,15,11,59,04. ,14,00082
3002930,2,2011,04,15,22,44,47. ,17,00096
3002930,4,2011,04,16,11,19,46. ,38,01241
3002930,1,2011,04,16,16,30,06. ,12,00063
3002930,2,2011,04,16,18,35,22. ,15,00098
3002930,1,2011,04,17,00,14,31. ,11,00048
3002930,1,2011,04,17,05,19,34. ,08,00032
3002930,2,2011,04,17,05,21,49. ,23,00216
3002930,2,2011,04,17,12,44,06. ,15,00108
3002930,1,2011,04,17,13,23,43. ,10,00036
3002930,1,2011,04,17,14,39,00. ,12,00065
3002930,2,2011,04,17,21,51,57. ,18,00151
3002930,2,2011,04,17,23,10,24. ,17,00092
3002930,3,2011,04,18,00,47,53. ,25,00233
3002930,1,2011,04,18,05,21,00. ,12,00053
3002930,2,2011,04,18,11,08,27. ,19,00129
3002930,1,2011,04,18,14,11,51. ,09,00046
3002930,1,2011,04,18,16,21,33. ,10,00043
3002930,2,2011,04,18,17,02,22. ,16,00081
3002930,1,2011,04,18,17,44,50. ,07,00028
3002930,1,2011,04,19,06,34,22. ,08,00030
3002930,1,2011,04,19,13,00,05. ,10,00048
3002930,1,2011,04,19,15,53,45. ,09,00033
3002930,1,2011,04,19,21,34,40. ,11,00044
3002930,4,2011,04,19,23,10,35. ,39,00959
3002930,1,2011,04,19,23,47,23. ,14,00072
3002930,2,2011,04,20,04,29,46. ,17,00095
3002930,1,2011,04,20,06,38,20. ,11,00047
3002930,2,2011,04,20,09,51,02. ,21,00124
3002930,1,2011,04,20,16,52,57. ,07,00035
3002930,2,2011,04,20,17,30,46. ,21,00140
3002930,1,2011,04,20,22,24,38. ,08,00038
3002930,2,2011,04,21,00,30,00. ,20,00122
3002930,1,2011,04,21,05,32,51. ,07,00034
3002930,1,2011,04,21,09,40,28. ,09,00038
3002930,1,2011,04,21,12,09,26. ,07,00033
3002930,1,2011,04,21,17,19,15. ,11,00043
3002930,2,2011,04,21,22,37,27. ,23,00155
3002930,3,2011,04,22,01,11,42. ,30,00383
3002930,2,2011,04,22,01,15,26. ,21,00165
3002930,2,2011,04,22,05,29,12. ,15,00075
3002930,2,2011,04,22,10,17,49. ,19,00137
3002930,3,2011,04,23,00,25,37. ,25,00240
3002930,1,2011,04,23,08,15,36. ,11,00043
3002930,2,2011,04,23,19,14,11. ,15,00074
3002930,2,2011,04,23,23,31,47. ,19,00142
3002930,1,2011,04,24,05,05,26. ,07,00034
3002930,1,2011,04,24,12,25,36. ,11,00044
3002930,2,2011,04,24,19,10,04. ,17,00118
3002930,1,2011,04,24,20,03,51. ,10,00038
3002930,2,2011,04,25,18,00,37. ,19,00106
3002930,1,2011,04,25,18,27,36. ,07,00028
3002930,1,2011,04,26,00,13,32. ,11,00042
3002930,1,2011,04,26,05,12,00. ,07,00031
3002930,1,2011,04,26,08,25,16. ,08,00034
3002930,1,2011,04,26,10,08,07. ,09,00037
3002930,1,2011,04,26,11,27,25. ,09,00045
3002930,2,2011,04,26,13,02,16. ,22,00161
3002930,1,2011,04,26,17,25,10. ,14,00065
3002930,3,2011,04,26,21,12,23. ,28,00302
3002930,1,2011,04,27,03,18,32. ,06,00035
3002930,1,2011,04,27,09,56,05. ,09,00045
3002930,1,2011,04,27,13,24,27. ,07,00030
3002930,1,2011,04,27,15,15,48. ,11,00054
3002930,2,2011,04,27,21,28,00. ,16,00084
3002930,1,2011,04,28,06,45,55. ,11,00039
3002930,3,2011,04,28,18,28,10. ,28,00377
3002930,1,2011,04,29,17,29,27. ,11,00047
3002930,2,2011,04,30,05,21,19. ,19,00124
3002930,3,2011,04,30,14,06,48. ,25,00232
3002930,1,2011,04,30,14,30,13. ,10,00050
3002930,1,2011,04,30,14,47,28. ,12,00056
3002930,2,2011,04,30,15,04,45. ,16,00075
3002930,1,2011,04,30,17,18,51. ,07,00024
3002930,1,2011,04,30,21,58,00. ,06,00030
3002930,2,2011,05,01,02,12,19. ,15,00072
3002930,1,2011,05,01,08,08,36. ,09,00036
3002930,1,2011,05,01,08,24,45. ,09,00042
3002930,1,2011,05,01,10,28,19. ,12,00047
3002930,1,2011,05,01,10,45,50. ,10,00042
3002930,1,2011,05,01,10,56,32. ,08,00040
3002930,2,2011,05,01,11,49,14. ,20,00114
3002930,1,2011,05,01,12,27,07. ,07,00032
3002930,1,2011,05,01,14,06,41. ,13,00050
3002930,1,2011,05,01,18,36,43. ,11,00069
3002930,1,2011,05,01,19,31,32. ,08,00035
3002930,1,2011,05,02,09,38,50. ,14,00079
3002930,1,2011,05,02,11,10,15. ,11,00060
3002930,1,2011,05,02,15,44,41. ,07,00030
3002930,1,2011,05,03,05,02,09. ,12,00055
3002930,1,2011,05,03,11,13,34. ,10,00051
3002930,1,2011,05,03,20,44,42. ,08,00031
3002930,2,2011,05,03,22,57,25. ,19,00130
3002930,1,2011,05,04,17,47,14. ,12,00075
3002930,1,2011,05,04,20,43,43. ,12,00051
3002930,1,2011,05,05,00,09,10. ,12,00043
3002930,2,2011,05,05,19,20,54. ,22,00197
3002930,1,2011,05,05,20,02,33. ,08,00039
3002930,1,2011,05,05,23,59,47. ,13,00060
3002930,2,2011,05,06,02,04,44. ,17,00082
3002930,1,2011,05,06,07,37,07. ,07,00032
3002930,1,2011,05,06,07,47,26. ,09,00033
3002930,1,2011,05,07,13,35,26. ,14,00085
3002930,2,2011,05,07,20,25,12. ,15,00064
3002930,1,2011,05,08,07,11,24. ,07,00028
3002930,2,2011,05,08,13,54,05. ,19,00118
3002930,2,2011,05,08,19,43,32. ,18,00090
3002930,1,2011,05,09,00,20,59. ,14,00084
3002930,1,2011,05,09,08,04,09. ,08,00041
3002930,1,2011,05,09,09,01,06. ,09,00033
3002930,1,2011,05,09,11,19,45. ,07,00031
3002930,1,2011,05,09,19,53,39. ,12,00051
3002930,1,2011,05,09,21,08,44. ,07,00028
3002930,1,2011,05,10,05,17,09. ,07,00034
3002930,3,2011,05,10,08,38,31. ,25,00251
3002930,2,2011,05,10,19,15,21. ,15,00068
3002930,1,2011,05,13,00,26,39. ,12,00088
3002930,1,2011,05,13,08,36,17. ,07,00034
3002930,2,2011,05,14,01,28,08. ,16,00090
3002930,1,2011,05,14,06,49,58. ,13,00059
3002930,3,2011,05,14,08,36,14. ,28,00383
3002930,1,2011,05,14,09,25,47. ,13,00058
3002930,1,2011,05,15,00,02,15. ,14,00069
3002930,2,2011,05,15,08,51,26. ,15,00066
3002930,1,2011,05,15,21,15,13. ,10,00039
3002930,2,2011,05,17,00,54,02. ,15,00075
3002930,1,2011,05,17,22,41,21. ,07,00028
3002930,2,2011,05,18,04,34,41. ,15,00077
3002930,2,2011,05,18,16,24,25. ,17,00094
3002930,2,2011,05,18,20,48,40. ,18,00121
3002930,1,2011,05,18,22,32,55. ,08,00052
3002930,1,2011,05,19,17,33,44. ,09,00040
3002930,1,2011,05,19,18,13,50. ,07,00027
3002930,1,2011,05,19,18,58,45. ,14,00082
3002930,3,2011,05,20,09,46,47. ,25,00197
3002930,1,2011,05,20,13,48,10. ,07,00034
3002930,2,2011,05,20,16,29,15. ,22,00167
3002930,2,2011,05,20,17,53,31. ,23,00179
3002930,1,2011,05,20,20,16,28. ,08,00034
3002930,1,2011,05,21,05,22,37. ,10,00062
3002930,1,2011,05,21,12,41,11. ,08,00032
3002930,1,2011,05,21,19,25,15. ,11,00049
3002930,2,2011,05,22,00,03,29. ,15,00089
3002930,2,2011,05,22,07,07,01. ,18,00083
3002930,1,2011,05,22,23,47,27. ,08,00031
3002930,1,2011,05,24,19,18,38. ,09,00040
3002930,2,2011,05,24,20,49,36. ,19,00111
3002930,1,2011,05,25,05,36,31. ,11,00042
3002930,1,2011,05,25,07,38,28. ,07,00032
3002930,1,2011,05,25,09,19,45. ,14,00067
3002930,1,2011,05,26,01,58,36. ,13,00060
3002930,3,2011,05,26,19,56,41. ,30,00576
3002930,2,2011,05,26,20,12,58. ,16,00106
3002930,1,2011,05,27,02,19,30. ,09,00034
3002930,1,2011,05,27,12,34,32. ,10,00047
3002930,2,2011,05,27,17,04,20. ,23,00220
3002930,2,2011,05,27,23,39,51. ,15,00072
3002930,3,2011,05,28,11,14,16. ,32,00546
3002930,1,2011,05,29,11,27,58. ,13,00091
3002930,2,2011,05,29,13,23,38. ,20,00166
3002930,1,2011,05,29,18,49,41. ,13,00068
3002930,1,2011,05,30,14,28,50. ,07,00037
3002930,2,2011,05,31,04,36,55. ,18,00094
3002930,1,2011,05,31,16,50,38. ,12,00049
3002930,1,2011,06,01,08,20,07. ,09,00045
3002930,2,2011,06,02,10,28,31. ,15,00086
3002930,2,2011,06,02,14,47,59. ,15,00080
3002930,1,2011,06,02,23,41,48. ,14,00083
3002930,1,2011,06,03,09,06,20. ,14,00054
3002930,1,2011,06,03,10,33,56. ,09,00031
3002930,3,2011,06,04,01,00,29. ,29,00311
3002930,1,2011,06,04,09,04,07. ,08,00029
3002930,1,2011,06,05,09,17,17. ,06,00028
3002930,1,2011,06,05,19,46,20. ,06,00042
3002930,1,2011,06,05,20,16,52. ,14,00062
3002930,3,2011,06,09,19,38,45. ,26,00249
3002930,2,2011,06,10,17,18,50. ,16,00076
3002930,2,2011,06,11,07,36,52. ,15,00069
3002930,1,2011,06,11,15,19,27. ,13,00056
3002930,2,2011,06,11,15,34,24. ,15,00081
3002930,1,2011,06,12,05,09,24. ,14,00080
3002930,2,2011,06,12,17,10,09. ,20,00152
3002930,1,2011,06,12,17,28,00. ,07,00044
3002930,2,2011,06,12,22,34,05. ,16,00086
3002930,1,2011,06,13,03,31,41. ,09,00034
3002930,1,2011,06,14,06,00,06. ,09,00048
3002930,1,2011,06,14,22,08,08. ,12,00043
3002930,2,2011,06,16,00,56,48. ,18,00107
3002930,2,2011,06,16,15,53,10. ,15,00129
3002930,2,2011,06,18,13,39,16. ,20,00137
3002930,1,2011,06,18,18,13,13. ,09,00035
3002930,3,2011,06,18,20,31,31. ,25,00303
3002930,1,2011,06,19,04,10,52. ,13,00072
3002930,1,2011,06,20,03,13,27. ,11,00058
3002930,1,2011,06,20,03,59,01. ,13,00057
3002930,1,2011,06,21,17,50,25. ,09,00033
3002930,1,2011,06,22,06,16,49. ,07,00026
3002930,1,2011,06,22,06,56,20. ,14,00076
3002930,2,2011,06,23,03,19,20. ,15,00108
3002930,1,2011,06,23,06,52,38. ,12,00035
3002930,2,2011,06,23,17,23,13. ,15,00071
3002930,1,2011,06,23,19,35,59. ,14,00066
3002930,1,2011,06,24,10,00,35. ,05,00030
3002930,1,2011,06,24,15,55,06. ,07,00028
3002930,2,2011,06,24,23,47,16. ,15,00077
3002930,1,2011,06,25,00,23,18. ,07,00032
3002930,1,2011,06,25,02,25,36. ,11,00056
3002930,2,2011,06,25,16,06,10. ,19,00119
3002930,1,2011,06,26,06,38,40. ,08,00036
3002930,1,2011,06,26,12,00,36. ,10,00047
3002930,1,2011,06,28,00,05,21. ,10,00039
3002930,2,2011,06,28,03,23,11. ,18,00118
3002930,1,2011,06,29,23,19,55. ,10,00046
3002930,1,2011,06,30,07,04,59. ,05,00034
3002930,1,2011,06,30,19,23,18. ,14,00067
3002930,1,2011,07,01,20,04,25. ,10,00040
3002930,2,2011,07,04,02,29,49. ,16,00095
3002930,2,2011,07,04,20,00,06. ,15,00094
3002930,2,2011,07,07,00,15,23. ,17,00092
3002930,1,2011,07,07,14,10,52. ,11,00042
3002930,1,2011,07,07,15,48,16. ,09,00039
3002930,3,2011,07,08,03,35,57. ,32,00642
3002930,3,2011,07,10,09,57,53. ,30,00371
3002930,1,2011,07,10,13,18,42. ,07,00026
3002930,1,2011,07,13,02,55,20. ,08,00032
3002930,1,2011,07,13,05,47,39. ,07,00033
3002930,1,2011,07,14,00,45,05. ,13,00060
3002930,1,2011,07,14,10,35,53. ,13,00050
3002930,1,2011,07,14,13,11,22. ,12,00052
3002930,1,2011,07,14,14,17,56. ,10,00039
3002930,1,2011,07,15,17,53,57. ,07,00029
3002930,3,2011,07,15,21,01,26. ,26,00240
3002930,1,2011,07,16,14,18,05. ,13,00053
3002930,1,2011,07,16,16,05,16. ,09,00044
3002930,2,2011,07,16,17,56,56. ,20,00150
3002930,2,2011,07,16,17,58,15. ,19,00115
3002930,1,2011,07,17,01,27,39. ,06,00044
3002930,3,2011,07,17,09,55,52. ,33,00619
3002930,1,2011,07,18,19,01,59. ,10,00039
3002930,2,2011,07,19,10,39,27. ,15,00071
3002930,1,2011,07,20,11,00,23. ,08,00037
3002930,2,2011,07,22,10,36,37. ,15,00080
3002930,2,2011,07,23,13,35,34. ,15,00060
3002930,1,2011,07,23,23,22,49. ,11,00058
3002930,3,2011,07,25,03,51,53. ,33,00505
3002930,1,2011,07,25,18,03,29. ,09,00040
3002930,1,2011,07,25,20,05,50. ,11,00038
3002930,1,2011,07,26,05,35,51. ,09,00035
3002930,2,2011,07,27,04,07,32. ,15,00082
3002930,2,2011,07,29,10,59,31. ,17,00099
3002930,1,2011,07,29,19,59,04. ,14,00063
3002930,1,2011,07,29,23,54,03. ,13,00035
3002930,4,2011,07,31,03,54,06. ,40,01192
3002930,1,2011,08,01,02,32,42. ,08,00034
3002930,1,2011,08,01,13,29,57. ,10,00042
3002930,1,2011,08,02,00,23,42. ,13,00052
3002930,1,2011,08,04,14,09,21. ,06,00029
3002930,1,2011,08,05,17,43,01. ,07,00031
3002930,2,2011,08,05,20,16,20. ,16,00088
3002930,1,2011,08,05,21,28,26. ,08,00032
3002930,1,2011,08,07,08,03,00. ,13,00056
3002930,3,2011,08,07,12,34,14. ,25,00302
3002930,1,2011,08,10,04,36,04. ,11,00062
3002930,1,2011,08,10,15,18,01. ,07,00030
3002930,1,2011,08,11,22,32,25. ,13,00061
3002930,3,2011,08,12,03,22,19. ,34,00559
3002930,1,2011,08,13,23,01,21. ,08,00037
3002930,2,2011,08,14,16,38,35. ,18,00124
3002930,2,2011,08,15,15,27,12. ,16,00072
3002930,1,2011,08,15,22,31,46. ,08,00048
3002930,2,2011,08,16,19,16,19. ,20,00094
3002930,1,2011,08,17,09,23,47. ,12,00051
3002930,1,2011,08,17,12,06,06. ,11,00046
3002930,1,2011,08,17,12,15,30. ,09,00035
3002930,1,2011,08,17,20,45,26. ,12,00059
3002930,1,2011,08,18,01,33,08. ,09,00043
3002930,1,2011,08,18,15,19,47. ,08,00037
3002930,1,2011,08,18,18,38,44. ,08,00041
3002930,1,2011,08,19,00,40,11. ,12,00058
3002930,3,2011,08,19,14,36,58. ,34,00611
3002930,1,2011,08,19,21,11,22. ,09,00041
3002930,1,2011,08,20,15,52,58. ,07,00026
3002930,1,2011,08,22,00,37,42. ,08,00036
3002930,2,2011,08,22,06,39,58. ,19,00115
3002930,2,2011,08,22,07,06,08. ,17,00100
3002930,1,2011,08,22,11,21,34. ,13,00061
3002930,1,2011,08,22,17,36,47. ,10,00036
3002930,1,2011,08,22,20,24,22. ,12,00042
3002930,1,2011,08,22,21,21,48. ,14,00072
3002930,2,2011,08,23,00,26,42. ,17,00075
3002930,2,2011,08,23,07,05,14. ,18,00127
3002930,1,2011,08,23,17,27,40. ,12,00052
3002930,1,2011,08,26,08,09,25. ,11,00047
3002930,2,2011,08,27,11,35,28. ,15,00063
3002930,1,2011,08,27,14,05,43. ,14,00118
3002930,1,2011,08,27,23,29,51. ,12,00046
3002930,1,2011,08,29,09,55,00. ,09,00038
3002930,2,2011,08,30,03,22,15. ,18,00090
3002930,1,2011,09,01,11,51,04. ,08,00044
3002930,2,2011,09,04,05,53,25. ,16,00098
3002930,1,2011,09,04,23,05,23. ,09,00055
3002930,1,2011,09,05,17,04,47. ,12,00063
3002930,1,2011,09,07,02,55,24. ,13,00059
3002930,1,2011,09,08,05,48,39. ,10,00051
3002930,1,2011,09,08,22,38,51. ,14,00054
3002930,3,2011,09,10,15,00,43. ,28,00359
3002930,2,2011,09,13,02,42,59. ,22,00180
3002930,1,2011,09,14,03,07,47. ,10,00055
3002930,1,2011,09,14,04,21,27. ,10,00052
3002930,1,2011,09,14,23,57,23. ,07,00027
3002930,3,2011,09,15,17,00,31. ,26,00242
3002930,1,2011,09,16,05,26,55. ,08,00034
3002930,1,2011,09,16,11,03,30. ,07,00029
3002930,2,2011,09,19,03,33,07. ,15,00064
3002930,3,2011,09,21,22,31,01. ,34,00725
3002930,1,2011,09,22,14,46,53. ,08,00037
3002930,2,2011,09,23,04,59,51. ,18,00100
3002930,2,2011,09,23,17,16,04. ,18,00097
3002930,1,2011,09,26,07,30,59. ,09,00041
3002930,1,2011,09,26,14,40,08. ,09,00037
3002930,1,2011,09,26,17,20,45. ,09,00036
3002930,2,2011,09,26,22,46,13. ,18,00099
3002930,1,2011,09,27,12,57,04. ,10,00053
3002930,1,2011,09,28,00,20,00. ,07,00064
3002930,1,2011,09,29,04,18,43. ,09,00037
3002930,2,2011,09,29,19,05,23. ,22,00190
3002930,1,2011,09,30,03,30,22. ,07,00032
3002930,1,2011,09,30,15,35,08. ,10,00049
3002930,1,2011,10,04,22,00,36. ,08,00039
3002930,1,2011,10,08,01,23,52. ,13,00071
3002930,1,2011,10,08,07,50,34. ,08,00042
3002930,3,2011,10,10,11,46,21. ,29,00321
3002930,1,2011,10,14,19,59,57. ,07,00028
3002930,1,2011,10,15,11,55,21. ,12,00072
3002930,2,2011,10,19,16,05,14. ,23,00205
3002930,2,2011,10,19,22,46,42. ,17,00091
3002930,2,2011,10,20,06,14,05. ,15,00088
3002930,2,2011,10,20,06,21,50. ,17,00083
3002930,1,2011,10,23,06,35,36. ,06,00048
3002930,1,2011,10,25,12,54,36. ,13,00075
3002930,2,2011,10,26,02,09,12. ,19,00119
3002930,2,2011,10,26,13,19,12. ,19,00153
3002930,1,2011,11,03,02,52,57. ,07,00029
3002930,2,2011,11,03,19,34,57. ,16,00080
3002930,2,2011,11,05,00,45,14. ,17,00113
3002930,1,2011,11,08,03,30,49. ,07,00040
3002930,1,2011,11,15,04,02,30. ,10,00049
3002930,1,2011,11,19,19,07,06. ,11,00053
3002930,1,2011,11,19,22,39,02. ,11,00094
3002930,1,2011,11,20,09,28,57. ,06,00028
3002930,3,2011,11,20,10,23,45. ,34,00690
3002930,3,2011,11,20,10,26,05. ,29,00533
3002930,3,2011,11,24,04,24,52. ,26,00262
3002930,1,2011,11,26,20,09,51. ,10,00037
3002930,3,2011,11,28,23,33,25. ,26,00241
3002930,1,2011,12,02,09,51,21. ,11,00045
3002930,1,2011,12,03,15,42,59. ,08,00030
3002930,2,2011,12,04,04,11,42. ,17,00093
3002930,1,2011,12,05,10,01,59. ,08,00034
3002930,1,2011,12,05,12,55,23. ,07,00032
3002930,1,2011,12,08,07,12,06. ,11,00048
3002930,1,2011,12,10,00,23,29. ,11,00058
3002930,1,2011,12,10,15,09,17. ,11,00042
3002930,2,2011,12,11,20,16,30. ,16,00127
3002930,1,2011,12,12,04,51,34. ,11,00050
3002930,1,2011,12,12,14,13,49. ,14,00073
3002930,2,2011,12,16,15,12,25. ,18,00121
3002930,1,2011,12,19,02,20,31. ,09,00036
3002930,1,2011,12,20,02,23,35. ,07,00031
3002930,1,2011,12,20,02,24,52. ,13,00057
3002930,1,2011,12,20,02,38,27. ,08,00041
3002930,2,2011,12,22,05,10,51. ,23,00258
3002930,2,2011,12,23,01,13,42. ,18,00111
3002930,1,2011,12,23,23,44,32. ,11,00057
3002930,1,2011,12,24,15,14,50. ,05,00030
3002930,1,2011,12,24,18,24,13. ,07,00045
3002930,1,2011,12,25,12,37,10. ,12,00063
3002930,1,2011,12,26,16,17,04. ,11,00053
3002930,2,2011,12,31,08,11,11. ,20,00194
3002930,3,2012,01,01,14,30,19. ,29,00326
3002930,1,2012,01,03,03,29,05. ,12,00047
3002930,1,2012,01,05,21,37,42. ,14,00070
3002930,1,2012,01,05,22,14,04. ,09,00048
3002930,1,2012,01,06,05,56,19. ,10,00040
3002930,1,2012,01,07,10,13,15. ,08,00039
3002930,2,2012,01,07,19,43,38. ,23,00155
3002930,1,2012,01,09,01,23,56. ,12,00045
3002930,1,2012,01,09,17,50,45. ,08,00030
3002930,1,2012,01,10,22,15,57. ,10,00047
3002930,2,2012,01,12,10,40,20. ,19,00120
3002930,3,2012,01,12,12,21,08. ,26,00338
3002930,1,2012,01,12,14,38,36. ,11,00041
3002930,1,2012,01,12,18,38,03. ,09,00037
3002930,1,2012,01,13,21,50,16. ,10,00059
3002930,1,2012,01,15,00,45,57. ,12,00048
3002930,1,2012,01,17,03,25,19. ,09,00042
3002930,2,2012,01,17,12,30,41. ,18,00137
3002930,1,2012,01,18,22,29,43. ,08,00039
3002930,1,2012,01,22,10,20,48. ,14,00054
3002930,3,2012,01,23,20,45,56. ,29,00418
3002930,1,2012,01,24,17,08,08. ,12,00054
3002930,1,2012,01,26,05,43,45. ,12,00049
3002930,2,2012,01,27,13,20,01. ,15,00061
3002930,1,2012,01,27,19,50,45. ,09,00042
3002930,1,2012,01,28,07,44,11. ,06,00026
3002930,2,2012,01,28,14,21,18. ,20,00135
3002930,2,2012,02,02,02,01,57. ,19,00109
3002930,1,2012,02,04,19,22,04. ,12,00068
3002930,2,2012,02,05,08,59,31. ,17,00098
3002930,1,2012,02,06,07,06,05. ,14,00050
3002930,1,2012,02,08,20,36,59. ,12,00053
3002930,1,2012,02,11,10,27,23. ,13,00059
3002930,2,2012,02,14,12,28,25. ,15,00064
3002930,1,2012,02,14,12,30,33. ,08,00029
3002930,2,2012,02,14,15,22,27. ,20,00118
3002930,1,2012,02,14,21,41,50. ,07,00033
3002930,1,2012,02,15,07,35,22. ,07,00031
3002930,1,2012,02,15,15,29,18. ,13,00052
3002930,1,2012,02,16,02,32,44. ,14,00066
3002930,2,2012,02,18,23,20,47. ,17,00095
3002930,1,2012,02,19,06,44,54. ,07,00028
3002930,3,2012,02,19,14,54,54. ,29,00352
3002930,1,2012,02,19,22,12,34. ,09,00050
3002930,1,2012,02,19,22,29,06. ,07,00039
3002930,1,2012,02,20,21,40,17. ,07,00029
3002930,1,2012,02,21,07,37,15. ,11,00056
3002930,1,2012,02,25,23,27,16. ,08,00043
3002930,3,2012,02,28,14,21,00. ,26,00237
3002930,2,2012,02,29,18,00,26. ,24,00187
3002930,3,2012,03,01,07,32,44. ,32,00468
3002930,1,2012,03,04,02,48,43. ,09,00036
3002930,1,2012,03,07,10,13,00. ,07,00036
3002930,2,2012,03,08,03,51,24. ,16,00105
3002930,3,2012,03,10,02,25,35. ,34,00626
3002930,1,2012,03,12,22,38,56. ,10,00051
3002930,2,2012,03,14,18,10,58. ,17,00081
3002930,3,2012,03,14,21,05,28. ,25,00186
3002930,1,2012,03,14,22,30,26. ,07,00029
3002930,2,2012,03,16,04,20,53. ,19,00117
3002930,1,2012,03,17,20,24,46. ,13,00063
3002930,1,2012,03,17,22,48,26. ,11,00042
3002930,2,2012,03,25,22,23,21. ,21,00134
3002930,1,2012,03,27,20,02,19. ,13,00038
3002930,2,2012,03,30,13,39,06. ,15,00086
3002930,1,2012,04,01,02,13,13. ,09,00047
3002930,3,2012,04,01,23,04,40. ,31,00587
3002930,1,2012,04,03,09,57,07. ,11,00055
3002930,2,2012,04,12,20,20,16. ,22,00177
3002930,2,2012,04,12,23,51,23. ,21,00130
3002930,2,2012,04,13,19,10,22. ,24,00170
3002930,1,2012,04,13,21,12,29. ,13,00054
3002930,2,2012,04,14,04,00,39. ,16,00131
3002930,1,2012,04,14,17,46,39. ,14,00059
3002930,1,2012,04,14,18,25,36. ,12,00042
3002930,1,2012,04,17,21,29,31. ,07,00031
3002930,1,2012,04,18,02,20,46. ,07,00031
3002930,2,2012,04,19,12,33,50. ,16,00072
3002930,2,2012,04,25,05,22,46. ,16,00061
3002930,1,2012,04,26,05,45,59. ,14,00079
3002930,1,2012,04,27,21,06,47. ,07,00029
3002930,2,2012,04,29,19,29,29. ,15,00056
3002930,2,2012,04,29,21,17,15. ,16,00078
3002930,1,2012,04,30,09,21,01. ,09,00043
3002930,1,2012,04,30,11,33,17. ,07,00038
3002930,1,2012,04,30,11,40,58. ,14,00120
3002930,1,2012,05,05,03,04,53. ,09,00051
3002930,1,2012,05,06,05,13,25. ,13,00053
3002930,2,2012,05,08,04,00,11. ,23,00270
3002930,1,2012,05,10,07,02,50. ,13,00065
3002930,1,2012,05,13,12,06,16. ,11,00055
3002930,1,2012,05,15,04,19,50. ,09,00036
3002930,1,2012,05,16,01,01,40. ,09,00033
3002930,2,2012,05,18,17,19,15. ,23,00194
3002930,1,2012,05,26,21,36,02. ,06,00031
3002930,2,2012,05,29,01,37,20. ,18,00098
3002930,2,2012,05,31,14,50,05. ,22,00171
3002930,2,2012,06,01,17,48,33. ,22,00140
3002930,1,2012,06,07,11,21,31. ,13,00051
3002930,2,2012,06,08,14,23,22. ,15,00066
3002930,1,2012,06,09,19,20,36. ,06,00032
3002930,1,2012,06,12,16,40,19. ,07,00051
3002930,1,2012,06,15,14,10,13. ,11,00046
3002930,2,2012,06,17,16,13,38. ,18,00116
3002930,2,2012,06,18,05,33,32. ,16,00072
3002930,1,2012,06,18,15,09,31. ,11,00052
3002930,1,2012,06,18,16,48,02. ,09,00043
3002930,1,2012,06,20,07,29,28. ,11,00045
3002930,2,2012,06,21,08,56,55. ,16,00093
3002930,1,2012,06,25,10,38,49. ,10,00051
3002930,1,2012,06,28,10,54,30. ,12,00058
3002930,1,2012,06,28,13,55,25. ,11,00049
3002930,3,2012,06,28,14,52,08. ,27,00329
3002930,1,2012,06,28,15,17,48. ,07,00033
3002930,1,2012,06,29,07,01,33. ,09,00038
3002930,1,2012,06,30,15,34,29. ,13,00075
3002930,2,2012,07,01,13,10,01. ,15,00079
3002930,1,2012,07,03,11,33,02. ,10,00051
3002930,1,2012,07,04,15,03,44. ,11,00051
3002930,2,2012,07,06,02,04,40. ,16,00099
3002930,1,2012,07,06,02,53,32. ,08,00032
3002930,1,2012,07,06,08,24,32. ,08,00037
3002930,2,2012,07,12,13,55,12. ,16,00090
3002930,1,2012,07,14,11,06,46. ,09,00049
3002930,2,2012,07,16,04,31,56. ,21,00167
3002930,1,2012,07,21,12,02,06. ,14,00066
3002930,1,2012,07,22,11,08,59. ,12,00049
3002930,1,2012,07,25,10,32,07. ,08,00044
3002930,1,2012,07,26,15,01,03. ,10,00041
3002930,1,2012,07,26,19,30,27. ,08,00040
3002930,1,2012,08,01,13,04,16. ,08,00030
3002930,2,2012,08,03,22,20,03. ,18,00146
3002930,1,2012,08,04,09,21,34. ,07,00034
3002930,1,2012,08,04,22,08,19. ,13,00087
3002930,1,2012,08,07,13,19,14. ,09,00044
3002930,1,2012,08,10,05,38,48. ,10,00047
3002930,2,2012,08,11,19,30,33. ,18,00102
3002930,1,2012,08,14,07,55,06. ,07,00028
3002930,1,2012,08,17,01,53,36. ,10,00047
3002930,1,2012,08,17,15,15,54. ,10,00034
3002930,2,2012,08,17,20,37,58. ,20,00128
3002930,1,2012,08,20,08,27,02. ,07,00033
3002930,1,2012,08,20,20,43,16. ,13,00066
3002930,2,2012,08,21,01,43,19. ,16,00083
3002930,3,2012,08,26,03,37,17. ,29,00404
3002930,1,2012,08,28,22,55,28. ,10,00039
3002930,1,2012,08,29,19,19,59. ,11,00065
3002930,2,2012,08,30,04,06,09. ,19,00118
3002930,1,2012,08,30,04,18,05. ,12,00055
3002930,2,2012,08,31,23,26,41. ,17,00103
3002930,1,2012,09,02,13,34,04. ,07,00041
3002930,1,2012,09,03,18,30,54. ,07,00032
3002930,1,2012,09,04,12,41,57. ,10,00045
3002930,1,2012,09,06,03,20,05. ,11,00061
3002930,1,2012,09,07,15,17,52. ,09,00035
3002930,1,2012,09,11,20,12,54. ,11,00048
3002930,1,2012,09,13,00,38,44. ,08,00031
3002930,2,2012,09,14,02,22,35. ,15,00068
3002930,1,2012,09,22,15,22,28. ,11,00066
3002930,2,2012,09,25,11,56,10. ,16,00093
3002930,2,2012,09,28,14,46,59. ,18,00098
3002930,1,2012,09,30,22,39,11. ,14,00065
3002930,1,2012,09,30,22,40,10. ,14,00085
3002930,1,2012,10,01,14,18,34. ,07,00028
3002930,2,2012,10,02,03,41,18. ,19,00142
3002930,1,2012,10,02,05,51,14. ,10,00053
3002930,3,2012,10,02,06,27,49. ,31,00423
3002930,1,2012,10,02,10,11,13. ,09,00040
3002930,1,2012,10,03,18,40,52. ,09,00047
3002930,1,2012,10,07,08,43,15. ,11,00073
3002930,1,2012,10,07,20,01,02. ,08,00049
3002930,1,2012,10,07,21,22,31. ,08,00032
3002930,1,2012,10,08,01,51,28. ,08,00037
3002930,1,2012,10,09,19,17,48. ,07,00038
3002930,1,2012,10,12,13,57,49. ,13,00060
3002930,1,2012,10,14,13,37,24. ,12,00050
3002930,2,2012,10,17,09,44,05. ,21,00171
3002930,2,2012,10,19,13,11,06. ,16,00121
3002930,2,2012,10,24,16,05,52. ,23,00299
3002930,2,2012,10,24,16,56,48. ,15,00082
3002930,2,2012,10,25,19,33,20. ,20,00107
3002930,2,2012,10,28,18,44,25. ,15,00073
3002930,2,2012,10,31,15,50,27. ,15,00085
3002930,2,2012,11,03,07,34,58. ,22,00150
3002930,1,2012,11,05,05,50,17. ,07,00033
3002930,1,2012,11,05,13,31,46. ,07,00027
3002930,2,2012,11,06,06,59,25. ,18,00102
3002930,2,2012,11,08,08,54,42. ,16,00100
3002930,2,2012,11,09,12,52,20. ,22,00207
3002930,1,2012,11,09,13,50,08. ,13,00048
3002930,1,2012,11,09,22,22,56. ,13,00071
3002930,1,2012,11,10,21,36,14. ,09,00046
3002930,1,2012,11,11,14,16,34. ,11,00051
3002930,1,2012,11,15,02,19,47. ,10,00038
3002930,1,2012,11,17,14,41,12. ,09,00040
3002930,2,2012,11,24,00,52,13. ,17,00123
3002930,1,2012,11,24,05,22,23. ,11,00042
3002930,1,2012,11,24,18,00,23. ,12,00070
3002930,1,2012,11,28,00,11,29. ,10,00062
3002930,1,2012,11,28,05,18,08. ,10,00040
3002930,2,2012,12,03,13,57,31. ,21,00146
3002930,1,2012,12,03,14,17,37. ,09,00046
3002930,2,2012,12,06,19,17,52. ,20,00141
3002930,4,2012,12,07,17,19,14. ,36,00649
3002930,2,2012,12,07,17,32,32. ,15,00067
3002930,2,2012,12,12,09,20,04. ,15,00067
3002930,2,2012,12,13,01,03,15. ,16,00095
3002930,3,2012,12,15,13,27,20. ,25,00189
3002930,2,2012,12,15,14,46,26. ,20,00122
3002930,1,2012,12,18,03,46,35. ,12,00046
3002930,1,2012,12,20,05,16,55. ,07,00034
3002930,1,2012,12,21,00,31,39. ,14,00077
3002930,1,2012,12,21,17,08,20. ,09,00034
3002930,2,2012,12,28,16,30,18. ,19,00155
3002930,2,2012,12,29,16,19,51. ,24,00208
3002930,1,2012,12,30,08,05,47. ,11,00044
3002930,2,2013,01,04,22,53,27. ,18,00094
3002930,1,2013,01,06,17,12,11. ,10,00041
3002930,2,2013,01,10,21,48,54. ,16,00082
3002930,2,2013,01,14,15,54,20. ,17,00111
3002930,1,2013,01,17,18,38,01. ,10,00052
3002930,1,2013,01,19,22,20,20. ,13,00066
3002930,1,2013,01,21,11,29,56. ,08,00048
3002930,1,2013,01,22,04,47,29. ,13,00053
3002930,1,2013,01,24,06,31,51. ,11,00041
3002930,1,2013,01,26,09,15,12. ,10,00037
3002930,3,2013,01,28,03,42,01. ,30,00594
3002930,1,2013,01,31,19,57,53. ,09,00040
3002930,3,2013,01,31,23,53,47. ,25,00299
3002930,2,2013,02,01,01,05,13. ,19,00121
3002930,2,2013,02,02,23,20,15. ,17,00079
3002930,1,2013,02,09,04,51,25. ,10,00044
3002930,2,2013,02,09,13,43,28. ,22,00175
3002930,1,2013,02,13,10,33,45. ,08,00033
3002930,1,2013,02,15,01,44,06. ,10,00047
3002930,1,2013,02,16,10,33,23. ,13,00050
3002930,1,2013,02,16,13,52,16. ,08,00040
3002930,2,2013,02,24,13,55,28. ,19,00163
3002930,2,2013,02,25,16,24,10. ,22,00152
3002930,1,2013,03,01,14,20,21. ,07,00032
3002930,1,2013,03,07,07,04,45. ,13,00064
3002930,3,2013,03,18,06,53,50. ,32,00556
3002930,2,2013,03,21,14,34,45. ,23,00234
3002930,1,2013,03,21,17,19,21. ,07,00034
3002930,1,2013,03,21,23,34,57. ,09,00048
3002930,1,2013,03,26,20,55,48. ,10,00040
3002930,1,2013,04,04,13,43,11. ,14,00055
3002930,2,2013,04,06,05,01,17. ,18,00094
3002930,1,2013,04,10,13,39,35. ,07,00034
3002930,2,2013,04,14,10,22,42. ,16,00083
3002930,3,2013,04,14,22,25,31. ,25,00219
3002930,2,2013,04,17,21,04,27. ,19,00095
3002930,1,2013,04,19,12,10,58. ,09,00032
3002930,1,2013,04,21,10,28,37. ,10,00040
3002930,1,2013,04,25,16,16,30. ,13,00092
3002930,2,2013,04,29,22,02,21. ,18,00084
3002930,2,2013,05,02,05,43,57. ,15,00089
3002930,1,2013,05,02,09,55,47. ,09,00039
3002930,1,2013,05,05,07,17,34. ,12,00057
3002930,1,2013,05,07,10,04,59. ,09,00035
3002930,2,2013,05,13,22,59,33. ,17,00112
3002930,1,2013,05,15,11,44,41. ,11,00057
3002930,1,2013,05,15,18,22,23. ,07,00039
3002930,2,2013,05,15,18,35,11. ,21,00137
3002930,1,2013,05,16,16,12,50. ,11,00049
3002930,3,2013,05,18,14,48,32. ,27,00238
3002930,1,2013,05,24,09,14,40. ,08,00043
3002930,1,2013,05,24,17,33,57. ,14,00055
3002930,2,2013,05,25,11,12,17. ,16,00096
3002930,1,2013,05,25,15,58,45. ,09,00043
3002930,1,2013,05,25,22,42,36. ,11,00043
3002930,1,2013,05,30,01,07,55. ,06,00033
3002930,1,2013,05,31,14,53,30. ,09,00036
3002930,1,2013,06,01,04,54,24. ,06,00032
3002930,1,2013,06,03,14,56,39. ,08,00035
3002930,2,2013,06,04,13,09,47. ,23,00207
3002930,2,2013,06,04,17,33,50. ,17,00095
3002930,1,2013,06,06,12,29,40. ,07,00028
3002930,1,2013,06,11,07,06,42. ,11,00045
3002930,1,2013,06,20,22,19,30. ,07,00036
3002930,1,2013,07,04,00,06,46. ,08,00027
3002930,1,2013,07,05,23,29,04. ,09,00035
3002930,1,2013,07,06,07,01,20. ,07,00026
3002930,1,2013,07,12,03,18,38. ,14,00072
3002930,2,2013,07,16,10,44,19. ,15,00097
3002930,2,2013,07,20,01,39,54. ,21,00132
3002930,1,2013,07,20,15,06,58. ,12,00046
3002930,1,2013,07,21,16,39,00. ,10,00044
3002930,1,2013,07,21,18,53,41. ,11,00040
3002930,2,2013,07,23,12,02,26. ,17,00109
3002930,1,2013,07,26,01,55,55. ,11,00046
3002930,2,2013,07,30,01,06,07. ,21,00150
3002930,1,2013,07,31,06,21,13. ,06,00034
3002930,1,2013,07,31,09,15,11. ,09,00035
3002930,3,2013,08,04,12,29,24. ,25,00228
3002930,2,2013,08,04,14,51,30. ,22,00179
3002930,3,2013,08,10,07,56,15. ,27,00315
3002930,2,2013,08,12,21,59,55. ,15,00070
3002930,1,2013,08,13,02,19,10. ,07,00033
3002930,1,2013,08,14,09,45,39. ,08,00055
3002930,1,2013,08,14,14,31,35. ,09,00046
3002930,1,2013,08,15,07,54,16. ,14,00075
3002930,1,2013,08,17,19,21,29. ,09,00037
3002930,2,2013,08,22,01,14,38. ,19,00157
3002930,1,2013,08,22,02,20,28. ,11,00055
3002930,2,2013,08,28,06,41,14. ,18,00101
3002930,2,2013,08,28,17,56,15. ,15,00091
3002930,1,2013,08,31,18,00,06. ,14,00060
3002930,2,2013,09,04,09,21,27. ,22,00116
3002930,2,2013,09,09,09,04,26. ,20,00151
3002930,1,2013,09,10,12,15,54. ,08,00034
3002930,2,2013,09,13,04,49,45. ,22,00170
3002930,1,2013,09,15,08,20,12. ,05,00032
3002930,2,2013,09,19,07,45,03. ,19,00122
3002930,1,2013,09,19,10,22,00. ,09,00043
3002930,1,2013,09,19,18,27,53. ,09,00049
3002930,4,2013,09,20,02,25,16. ,35,00711
3002930,1,2013,09,21,23,38,19. ,09,00057
3002930,1,2013,09,26,02,47,02. ,10,00042
3002930,1,2013,09,27,05,07,48. ,07,00028
3002930,2,2013,09,27,07,37,56. ,15,00075
3002930,2,2013,09,30,22,37,50. ,20,00134
3002930,2,2013,10,02,01,08,25. ,17,00100
3002930,1,2013,10,05,04,34,43. ,08,00037
3002930,2,2013,10,11,17,22,25. ,15,00075
3002930,3,2013,10,12,02,43,23. ,33,00616
3002930,1,2013,10,17,13,32,23. ,07,00030
3002930,1,2013,10,20,00,15,16. ,10,00033
3002930,3,2013,10,20,10,07,41. ,30,00491
3002930,1,2013,10,22,10,19,30. ,13,00071
3002930,3,2013,10,26,02,11,16. ,26,00278
3002930,1,2013,10,26,06,29,10. ,09,00036
3002930,1,2013,10,26,23,37,05. ,08,00030
3002930,1,2013,10,28,03,14,38. ,08,00032
3002930,1,2013,10,30,12,22,27. ,14,00063
3002930,1,2013,11,02,04,56,34. ,12,00071
3002930,2,2013,11,03,14,25,42. ,21,00145
3002930,2,2013,11,10,07,38,12. ,23,00188
3002930,1,2013,11,16,17,15,38. ,10,00041
3002930,1,2013,11,16,20,45,19. ,13,00054
3002930,1,2013,11,19,04,12,38. ,12,00053
3002930,2,2013,11,19,14,10,40. ,23,00216
3002930,1,2013,11,21,12,38,38. ,12,00057
3002930,1,2013,11,22,04,58,26. ,14,00066
3002930,1,2013,11,29,01,15,41. ,09,00036
3002930,1,2013,12,01,22,35,26. ,08,00040
3002930,1,2013,12,03,06,27,02. ,12,00057
3002930,2,2013,12,03,18,17,15. ,15,00064
3002930,1,2013,12,05,03,43,56. ,14,00084
3002930,1,2013,12,14,13,06,53. ,14,00053
3002930,2,2013,12,16,04,34,13. ,15,00086
3002930,2,2013,12,21,01,11,15. ,22,00131
3002930,1,2013,12,21,10,34,55. ,09,00028
3002930,1,2013,12,25,07,42,22. ,09,00036
3002930,3,2013,12,31,10,03,05. ,30,00348
3002930,1,2013,12,31,10,08,50. ,07,00038
3002930,1,2013,12,31,10,09,59. ,06,00030
3002930,1,2013,12,31,10,11,47. ,11,00050
3002930,2,2014,01,01,23,39,37. ,16,00086
3002930,2,2014,01,06,02,21,34. ,17,00101
3002930,2,2014,01,09,03,57,37. ,23,00218
3002930,1,2014,01,17,18,37,58. ,10,00048
3002930,2,2014,01,24,01,11,11. ,20,00140
3002930,1,2014,01,28,05,25,54. ,07,00033
3002930,1,2014,01,28,05,27,13. ,07,00027
3002930,1,2014,02,04,09,36,17. ,08,00027
3002930,1,2014,02,08,02,19,07. ,14,00072
3002930,1,2014,02,08,11,34,47. ,13,00052
3002930,1,2014,02,10,09,53,02. ,06,00028
3002930,1,2014,02,14,19,04,37. ,07,00041
3002930,1,2014,02,25,19,55,09. ,08,00041
3002930,1,2014,03,06,14,53,32. ,10,00058
3002930,1,2014,03,17,18,03,18. ,11,00050
3002930,1,2014,03,26,04,54,30. ,11,00041
3002930,1,2014,03,27,14,20,49. ,09,00043
3002930,1,2014,03,29,10,54,22. ,11,00040
3002930,1,2014,03,30,04,28,46. ,14,00063
3002930,1,2014,03,30,20,12,50. ,07,00025
3002930,1,2014,04,01,01,15,20. ,08,00040
3002930,1,2014,04,01,06,38,02. ,06,00034
3002930,1,2014,04,01,08,02,28. ,12,00051
3002930,1,2014,04,01,13,09,37. ,07,00031
3002930,1,2014,04,03,08,24,04. ,10,00036
3002930,3,2014,04,13,18,16,20. ,28,00408
3002930,1,2014,04,16,03,36,36. ,09,00037
3002930,2,2014,04,17,03,18,06. ,22,00143
3002930,2,2014,04,18,07,53,27. ,15,00083
3002930,2,2014,04,25,08,43,41. ,15,00080
3002930,2,2014,05,05,05,02,41. ,17,00096
3002930,2,2014,05,05,05,19,02. ,21,00143
3002930,1,2014,05,13,08,35,43. ,08,00029
3002930,1,2014,05,13,10,34,10. ,12,00053
3002930,1,2014,05,23,01,32,02. ,07,00032
3002930,1,2014,05,29,11,19,48. ,06,00029
3002930,3,2014,06,04,02,22,39. ,28,00349
3002930,1,2014,06,07,08,59,21. ,14,00074
3002930,1,2014,06,09,06,11,24. ,10,00039
3002930,1,2014,06,15,02,33,04. ,09,00031
3002930,2,2014,06,16,03,19,43. ,19,00118
3002930,3,2014,06,16,05,15,06. ,30,00415
3002930,1,2014,06,17,02,43,42. ,08,00033
3002930,1,2014,06,20,04,21,21. ,09,00039
3002930,2,2014,06,21,00,09,10. ,15,00092
3002930,1,2014,06,22,18,10,06. ,07,00030
3002930,1,2014,06,27,06,56,19. ,07,00035
3002930,1,2014,06,28,14,51,52. ,10,00035
3002930,1,2014,06,28,16,12,22. ,12,00047
3002930,1,2014,07,03,07,58,14. ,08,00034
3002930,1,2014,07,09,11,30,38. ,08,00031
3002930,2,2014,07,10,17,58,59. ,20,00110
3002930,2,2014,07,12,04,22,38. ,22,00114
3002930,1,2014,07,13,04,00,08. ,10,00059
3002930,1,2014,07,16,17,25,04. ,11,00043
3002930,1,2014,07,19,10,43,22. ,08,00034
3002930,3,2014,07,20,10,25,46. ,34,00588
3002930,2,2014,07,20,19,47,32. ,18,00198
3002930,1,2014,07,30,23,57,32. ,08,00032
3002930,1,2014,08,14,14,36,14. ,07,00041
3002930,1,2014,08,17,10,22,18. ,05,00039
3002930,1,2014,08,21,04,40,21. ,07,00027
3002930,1,2014,08,24,03,33,36. ,09,00038
3002930,1,2014,08,24,17,27,23. ,09,00031
3002930,2,2014,08,26,11,23,21. ,19,00129
3002930,1,2014,08,27,15,44,37. ,14,00073
3002930,1,2014,08,28,01,45,34. ,11,00048
3002930,2,2014,08,29,13,05,45. ,18,00136
3002930,2,2014,08,29,16,35,31. ,22,00161
3002930,2,2014,08,29,18,19,47. ,15,00095
3002930,1,2014,08,31,05,44,53. ,14,00077
3002930,1,2014,09,02,16,33,04. ,08,00033
3002930,1,2014,09,03,16,24,41. ,14,00077
3002930,1,2014,09,10,01,54,17. ,07,00038
3002930,1,2014,09,10,04,33,16. ,08,00036
3002930,3,2014,09,16,12,28,46. ,28,00329
3002930,2,2014,09,24,21,46,20. ,23,00189
3002930,2,2014,09,24,22,31,30. ,24,00190
3002930,1,2014,09,28,15,09,55. ,12,00048
3002930,1,2014,09,30,19,24,17. ,11,00051
3002930,1,2014,10,14,00,41,44. ,10,00037
3002930,1,2014,10,17,12,34,37. ,09,00046
3002930,1,2014,10,24,04,31,03. ,09,00045
3002930,1,2014,10,27,15,36,53. ,10,00038
3002930,1,2014,11,02,14,02,33. ,11,00044
3002930,1,2014,11,08,05,54,05. ,08,00032
3002930,1,2014,11,08,08,55,17. ,07,00035
3002930,2,2014,11,12,09,53,54. ,19,00111
3002930,1,2014,11,14,00,56,45. ,06,00029
3002930,1,2014,11,17,08,59,47. ,10,00048
3002930,1,2014,11,19,06,16,06. ,09,00055
3002930,1,2014,11,19,11,32,28. ,07,00031
3002930,3,2014,11,20,10,52,12. ,27,00253
3002930,1,2014,11,20,19,06,36. ,10,00048
3002930,1,2014,11,23,01,46,29. ,08,00037
3002930,1,2014,12,02,20,53,09. ,10,00051
3002930,1,2014,12,03,01,00,53. ,07,00029
3002930,1,2014,12,09,20,11,56. ,08,00032
3002930,3,2014,12,20,18,30,31. ,25,00213
3002930,1,2014,12,25,08,06,42. ,12,00055
3002930,1,2014,12,25,20,32,25. ,08,00032
3002930,1,2015,01,01,15,57,26. ,13,00076
3002930,2,2015,01,03,04,55,41. ,20,00143
3002930,1,2015,01,18,03,18,18. ,12,00064
3002930,1,2015,01,22,08,05,51. ,13,00068
3002930,2,2015,01,23,18,11,45. ,18,00128
3002930,1,2015,01,26,07,20,30. ,12,00047
3002930,1,2015,01,30,20,32,12. ,09,00041
3002930,1,2015,02,15,09,14,50. ,09,00033
3002930,1,2015,02,25,17,58,15. ,12,00056
3002930,1,2015,03,07,23,31,59. ,08,00041
3002930,2,2015,03,12,20,03,13. ,15,00076
3002930,1,2015,03,14,00,24,13. ,07,00036
3002930,1,2015,03,16,02,32,55. ,14,00095
3002930,1,2015,03,18,11,29,22. ,08,00036
3002930,2,2015,03,24,13,53,48. ,15,00073
3002930,1,2015,03,25,16,26,40. ,07,00044
3002930,1,2015,03,31,13,00,16. ,12,00059
3002930,1,2015,04,12,14,25,38. ,10,00043
3002930,1,2015,04,16,16,39,08. ,12,00062
3002930,1,2015,04,23,02,24,12. ,13,00105
3002930,2,2015,05,03,13,03,27. ,22,00222
3002930,1,2015,05,03,15,54,25. ,12,00055
3002930,2,2015,05,13,06,14,01. ,21,00119
3002930,2,2015,05,13,22,45,25. ,23,00199
3002930,2,2015,05,15,12,30,59. ,19,00102
3002930,1,2015,05,19,06,05,16. ,08,00053
3002930,3,2015,05,25,14,28,29. ,26,00213
3002930,1,2015,05,27,10,58,16. ,11,00091
3002930,3,2015,05,30,01,07,04. ,26,00337
3002930,2,2015,05,30,20,27,06. ,21,00078
3002930,2,2015,06,09,05,44,29. ,15,00077
3002930,1,2015,06,19,09,35,49. ,09,00035
3002930,1,2015,06,20,18,18,38. ,09,00044
3002930,1,2015,06,22,05,30,58. ,13,00062
3002930,1,2015,06,27,16,57,34. ,14,00075
3002930,2,2015,06,29,19,07,49. ,15,00086
3002930,2,2015,07,06,18,30,50. ,17,00088
3002930,2,2015,07,10,01,15,39. ,22,00198
3002930,1,2015,07,14,22,17,11. ,13,00061
3002930,2,2015,07,21,18,17,33. ,18,00121
3002930,1,2015,07,29,13,54,14. ,07,00028
3002930,1,2015,07,29,21,35,19. ,12,00067
3002930,1,2015,08,03,14,30,53. ,14,00063
3002930,2,2015,08,05,20,56,44. ,17,00098
3002930,4,2015,08,06,18,22,40. ,37,00815
3002930,1,2015,08,10,18,45,00. ,08,00038
3002930,1,2015,08,13,04,29,24. ,09,00042
3002930,2,2015,08,14,05,13,54. ,22,00157
3002930,1,2015,08,16,08,44,55. ,10,00040
3002930,3,2015,08,28,23,46,32. ,25,00257
3002930,1,2015,09,04,01,52,59. ,08,00033
3002930,1,2015,09,06,08,53,18. ,07,00036
3002930,1,2015,09,07,01,45,31. ,11,00041
3002930,2,2015,09,12,05,49,44. ,19,00114
3002930,2,2015,09,12,11,45,16. ,18,00135
3002930,1,2015,09,16,05,53,49. ,10,00037
3002930,1,2015,09,23,23,44,55. ,08,00037
3002930,2,2015,10,01,20,10,38. ,18,00118
3002930,3,2015,10,21,15,05,08. ,30,00505
3002930,2,2015,11,07,22,45,19. ,20,00121
3002930,1,2015,11,19,12,39,48. ,10,00043
3002930,2,2015,11,19,18,33,35. ,22,00175
3002930,3,2015,11,20,08,15,59. ,25,00247
3002930,3,2015,11,22,08,20,38. ,25,00213
3002930,1,2015,12,08,01,23,00. ,14,00066
3002930,1,2015,12,14,10,26,30. ,06,00043
3002930,1,2016,01,24,06,34,06. ,08,00036
3002930,1,2016,01,26,20,38,38. ,09,00036
3002930,2,2016,01,30,12,34,44. ,18,00117
3002930,1,2016,02,03,15,59,16. ,07,00029
3002930,2,2016,02,04,03,00,05. ,15,00082
3002930,3,2016,02,07,10,09,53. ,27,00350
3002930,1,2016,02,07,10,11,07. ,06,00032
3002930,1,2016,02,07,19,27,23. ,12,00046
3002930,1,2016,02,08,01,03,51. ,08,00039
3002930,1,2016,02,14,15,29,46. ,10,00058
3002930,1,2016,02,19,22,14,40. ,12,00056
3002930,1,2016,02,28,02,42,20. ,08,00048
3002930,2,2016,03,22,14,34,26. ,23,00259
3002930,1,2016,03,31,11,48,50. ,09,00043
3002930,1,2016,04,15,00,27,16. ,10,00042
3002930,1,2016,04,18,08,24,44. ,06,00031
3002930,1,2016,04,18,12,46,16. ,11,00050
3002930,2,2016,04,20,05,53,27. ,20,00128
3002930,2,2016,04,20,21,20,27. ,18,00107
3002930,1,2016,04,27,00,02,16. ,11,00051
3002930,1,2016,04,28,22,57,57. ,13,00081
3002930,1,2016,05,16,12,12,02. ,14,00078
3002930,3,2016,05,16,21,23,24. ,26,00289
3002930,1,2016,05,17,06,55,31. ,11,00054
3002930,2,2016,05,17,06,58,00. ,15,00090
3002930,1,2016,05,23,23,17,40. ,12,00055
3002930,2,2016,05,28,18,10,46. ,16,00122
3002930,2,2016,06,10,13,16,57. ,15,00081
3002930,2,2016,06,12,07,54,50. ,17,00077
3002930,1,2016,06,21,09,54,46. ,09,00048
3002930,1,2016,06,25,11,36,20. ,10,00056
3002930,1,2016,06,27,07,57,56. ,14,00059
3002930,2,2016,06,29,11,35,47. ,20,00138
3002930,2,2016,07,04,22,49,13. ,15,00074
3002930,1,2016,07,09,09,55,05. ,13,00074
3002930,2,2016,07,17,13,24,28. ,16,00080
3002930,1,2016,07,19,16,28,15. ,12,00058
3002930,2,2016,07,20,07,25,58. ,23,00171
3002930,4,2016,07,27,23,47,28. ,38,01160
3002930,1,2016,08,10,14,51,14. ,08,00043
3002930,1,2016,08,13,12,57,19. ,12,00065
3002930,1,2016,08,15,03,49,51. ,09,00033
3002930,3,2016,08,15,16,05,03. ,26,00244
3002930,1,2016,08,17,04,13,59. ,11,00048
3002930,1,2016,08,17,05,01,18. ,10,00040
3002930,3,2016,08,19,21,07,56. ,26,00265
3002930,1,2016,08,22,15,12,15. ,07,00024
3002930,1,2016,08,27,22,46,53. ,13,00065
3002930,1,2016,08,31,05,05,27. ,12,00046
3002930,2,2016,09,07,13,29,11. ,21,00150
3002930,3,2016,09,09,20,53,30. ,26,00287
3002930,3,2016,09,09,23,18,28. ,25,00231
3002930,1,2016,09,11,12,22,44. ,12,00051
3002930,2,2016,09,13,19,12,59. ,19,00107
3002930,1,2016,10,09,16,13,57. ,10,00054
3002930,1,2016,10,10,07,15,54. ,11,00051
3002930,2,2016,10,16,16,37,57. ,15,00074
3002930,1,2016,10,19,23,41,01. ,09,00039
3002930,1,2016,10,20,11,50,22. ,12,00043
3002930,2,2016,11,12,06,43,56. ,20,00123
3002930,3,2016,11,22,06,00,12. ,34,00622
3002930,1,2016,11,22,06,03,25. ,09,00038
3002930,1,2016,11,22,06,08,42. ,06,00030
3002930,2,2016,11,22,06,10,54. ,15,00078
3002930,1,2016,11,22,06,28,57. ,13,00056
3002930,1,2016,11,22,06,40,12. ,13,00062
3002930,1,2016,11,22,06,43,39. ,07,00029
3002930,1,2016,11,22,06,51,30. ,11,00044
3002930,1,2016,11,22,08,40,26. ,09,00036
3002930,1,2016,11,22,10,38,33. ,11,00056
3002930,2,2016,11,22,23,04,28. ,21,00128
3002930,3,2016,11,24,06,24,00. ,25,00213
3002930,1,2016,11,24,13,48,39. ,07,00025
3002930,1,2016,11,27,21,50,53. ,07,00032
3002930,1,2016,11,28,07,17,25. ,07,00031
3002930,1,2016,11,28,17,46,41. ,12,00051
3002930,1,2016,12,04,20,42,57. ,13,00065
3002930,1,2016,12,08,17,16,25. ,10,00042
3002930,1,2016,12,19,16,21,54. ,08,00037
3002930,1,2016,12,20,01,41,49. ,10,00050
3002930,1,2016,12,24,02,25,40. ,12,00046
3002930,4,2016,12,28,21,38,53. ,39,01295
3002930,1,2016,12,28,21,40,59. ,08,00038
3002930,1,2016,12,28,21,46,28. ,08,00041
3002930,2,2016,12,28,21,53,30. ,17,00110
3002930,2,2016,12,29,13,41,16. ,20,00142
3002930,1,2016,12,30,20,55,03. ,12,00076
3002930,2,2016,12,31,05,09,00. ,17,00091
3002930,2,2016,12,31,15,48,37. ,18,00137
3002930,1,2017,01,01,07,07,56. ,08,00033
3002930,3,2017,01,05,00,44,11. ,32,00551
3002930,2,2017,01,05,02,53,46. ,22,00158
3002930,1,2017,01,08,13,16,02. ,11,00048
3002930,1,2017,01,11,09,06,38. ,10,00045
3002930,2,2017,01,18,17,19,36. ,24,00250
3002930,1,2017,02,03,20,58,57. ,10,00048
3002930,1,2017,02,07,20,04,05. ,11,00049
3002930,1,2017,02,09,14,07,38. ,13,00068
3002930,1,2017,02,10,00,00,41. ,08,00034
3002930,2,2017,02,11,06,06,01. ,20,00106
3002930,1,2017,02,19,07,21,36. ,11,00056
3002930,2,2017,02,19,18,20,07. ,15,00073
3002930,1,2017,02,22,18,53,43. ,09,00053
3002930,1,2017,02,26,05,12,10. ,07,00028
3002930,1,2017,02,26,23,55,13. ,11,00049
3002930,2,2017,02,27,00,03,52. ,24,00255
3002930,3,2017,02,28,16,49,24. ,32,00376
3002930,2,2017,03,01,15,43,38. ,16,00078
3002930,1,2017,03,05,19,05,13. ,11,00048
3002930,2,2017,03,12,04,58,22. ,17,00086
3002930,1,2017,03,27,14,31,56. ,09,00047
3002930,1,2017,03,27,20,22,29. ,08,00036
3002930,1,2017,04,01,20,28,38. ,09,00040
3002930,1,2017,04,09,07,20,49. ,13,00054
3002930,2,2017,04,12,03,11,04. ,15,00073
3002930,1,2017,04,19,03,21,05. ,07,00045
3002930,2,2017,04,20,02,13,50. ,17,00121
3002930,2,2017,04,20,04,46,12. ,19,00159
3002930,1,2017,05,07,05,00,44. ,09,00038
3002930,2,2017,06,19,01,24,11. ,15,00098
3002930,2,2017,06,19,05,51,41. ,18,00131
3002930,1,2017,06,30,07,41,33. ,09,00042
3002930,2,2017,07,07,21,49,10. ,19,00117
3002930,1,2017,07,08,20,49,28. ,09,00048
3002930,1,2017,07,09,03,36,56. ,10,00046
3002930,1,2017,07,12,02,37,07. ,07,00030
3002930,3,2017,07,20,09,11,47. ,27,00244
3002930,2,2017,07,20,10,15,12. ,16,00090
3002930,1,2017,07,21,16,08,16. ,08,00035
3002930,1,2017,07,30,23,29,12. ,12,00057
3002930,4,2017,08,02,02,02,11. ,40,01448
3002930,2,2017,08,02,07,16,19. ,20,00144
3002930,1,2017,08,02,12,46,35. ,07,00046
3002930,2,2017,08,03,13,45,30. ,16,00086
3002930,2,2017,08,05,07,55,36. ,24,00224
3002930,1,2017,08,10,09,37,03. ,14,00059
3002930,1,2017,08,14,18,12,13. ,10,00041
3002930,1,2017,08,16,00,04,58. ,11,00053
3002930,1,2017,08,19,07,41,12. ,08,00054
3002930,1,2017,08,22,15,12,27. ,09,00041
3002930,2,2017,08,26,04,20,40. ,18,00144
3002930,3,2017,08,27,11,26,09. ,29,00490
3002930,1,2017,09,06,20,38,23. ,13,00073
3002930,1,2017,09,11,18,41,19. ,08,00034
3002930,1,2017,09,17,18,25,29. ,10,00045
3002930,1,2017,09,19,21,05,41. ,06,00033
3002930,2,2017,09,20,05,18,41. ,16,00105
3002930,1,2017,09,21,01,38,51. ,14,00061
3002930,2,2017,09,28,16,12,01. ,17,00115
3002930,2,2017,10,01,10,25,13. ,22,00158
3002930,2,2017,10,03,04,01,16. ,20,00147
3002930,2,2017,10,06,17,00,53. ,16,00088
3002930,4,2017,10,06,23,56,56. ,35,00807
3002930,1,2017,10,07,00,01,07. ,10,00044
3002930,1,2017,10,11,17,35,35. ,13,00088
3002930,1,2017,10,12,15,13,23. ,09,00037
3002930,2,2017,10,15,19,43,26. ,20,00123
3002930,1,2017,10,19,00,08,54. ,10,00047
3002930,2,2017,10,19,21,50,52. ,17,00106
3002930,2,2017,11,02,22,31,27. ,23,00202
3002930,3,2017,11,03,21,38,10. ,27,00383
3002930,1,2017,11,05,16,30,33. ,14,00057
3002930,1,2017,11,10,00,38,22. ,08,00036
3002930,2,2017,11,17,10,03,16. ,15,00075
3002930,1,2017,11,21,09,25,31. ,09,00049
3002930,2,2017,11,26,07,54,04. ,15,00086
3002930,1,2017,11,26,15,55,39. ,14,00055
3002930,2,2017,12,02,00,12,55. ,21,00158
3002930,2,2017,12,06,00,22,15. ,16,00115
3002930,1,2017,12,23,21,54,24. ,08,00033
3002930,1,2018,01,04,04,29,52. ,09,00042
3002930,1,2018,01,05,11,02,59. ,10,00042
3002930,1,2018,01,06,00,54,49. ,12,00063
3002930,1,2018,01,07,18,20,22. ,13,00064
3002930,2,2018,01,13,14,37,28. ,15,00120
3002930,1,2018,01,24,02,32,26. ,12,00071
3002930,1,2018,01,24,22,56,09. ,07,00031
3002930,1,2018,01,25,18,26,19. ,10,00037
3002930,1,2018,01,26,12,07,44. ,14,00063
3002930,1,2018,01,31,10,15,46. ,14,00079
3002930,2,2018,02,06,22,57,26. ,15,00075
3002930,2,2018,02,18,19,02,08. ,15,00085
3002930,1,2018,02,19,04,03,24. ,10,00066
3002930,3,2018,02,26,01,29,14. ,28,00442
3002930,2,2018,02,27,08,08,23. ,21,00137
3002930,1,2018,02,28,07,58,10. ,10,00041
3002930,1,2018,03,26,18,45,01. ,10,00044
3002930,4,2018,03,30,08,17,44. ,38,01310
3002930,2,2018,03,31,17,05,47. ,15,00085
3002930,1,2018,04,03,21,06,37. ,08,00037
3002930,1,2018,04,04,16,37,38. ,11,00048
3002930,1,2018,04,28,20,27,21. ,14,00081
3002930,1,2018,05,05,15,43,57. ,09,00045
3002930,1,2018,05,17,12,13,10. ,10,00033
3002930,1,2018,05,26,23,02,18. ,08,00037
3002930,1,2018,05,29,21,01,53. ,07,00031
3002930,1,2018,06,06,16,23,05. ,07,00031
3002930,1,2018,06,17,15,27,55. ,10,00033
3002930,1,2018,06,22,06,20,43. ,09,00054
3002930,1,2018,07,03,22,34,21. ,06,00030
3002930,1,2018,07,07,20,24,45. ,10,00035
3002930,1,2018,07,10,14,24,20. ,09,00034
3002930,1,2018,07,12,17,40,21. ,09,00034
3002930,2,2018,07,17,04,34,23. ,23,00210
3002930,2,2018,07,17,04,43,10. ,17,00095
3002930,1,2018,07,19,20,52,29. ,11,00050
3002930,1,2018,07,23,17,39,14. ,10,00038
3002930,1,2018,07,29,15,34,09. ,14,00101
3002930,2,2018,07,31,17,42,46. ,21,00155
3002930,1,2018,08,01,13,02,18. ,12,00062
3002930,1,2018,08,08,00,14,21. ,09,00037
3002930,1,2018,08,08,18,07,46. ,12,00053
3002930,2,2018,08,11,06,11,41. ,20,00125
3002930,1,2018,08,25,02,17,54. ,10,00059
3002930,2,2018,08,29,07,36,17. ,17,00102
3002930,1,2018,08,29,14,30,47. ,08,00037
3002930,3,2018,09,05,05,11,37. ,29,00476
3002930,2,2018,09,14,10,54,31. ,18,00100
3002930,2,2018,09,14,14,35,29. ,24,00200
3002930,1,2018,09,14,14,45,50. ,12,00053
3002930,2,2018,09,14,17,26,57. ,22,00179
3002930,1,2018,09,15,18,43,59. ,13,00082
3002930,1,2018,09,18,17,11,41. ,12,00057
3002930,2,2018,09,19,09,01,55. ,15,00073
3002930,3,2018,09,24,00,05,51. ,25,00292
3002930,1,2018,09,28,04,32,50. ,07,00030
3002930,2,2018,10,02,12,28,05. ,19,00127
3002930,1,2018,10,02,12,29,32. ,09,00044
3002930,1,2018,10,04,02,13,18. ,06,00025
3002930,2,2018,10,09,17,16,24. ,17,00125
3002930,1,2018,10,12,13,16,25. ,11,00042
3002930,2,2018,10,22,19,47,52. ,17,00093
3002930,2,2018,10,26,03,37,04. ,17,00093
3002930,1,2018,10,27,09,08,29. ,12,00044
3002930,1,2018,10,28,23,47,00. ,13,00055
3002930,2,2018,10,29,21,25,35. ,19,00136
3002930,1,2018,10,30,11,30,31. ,11,00058
3002930,2,2018,11,23,23,30,33. ,24,00250
3002930,2,2018,11,27,08,34,16. ,24,00229
3002930,2,2018,11,28,20,15,16. ,16,00093
3002930,2,2018,12,08,10,54,27. ,21,00140
3002930,1,2018,12,11,10,17,46. ,10,00065
3002930,3,2018,12,12,17,50,10. ,28,00355
3002930,1,2018,12,21,13,13,55. ,13,00063
3002930,1,2018,12,24,09,47,32. ,11,00048
3002930,1,2018,12,31,23,10,57. ,11,00049
3002930,1,2019,01,02,18,44,48. ,10,00053
3002930,1,2019,01,06,17,35,11. ,08,00032
3002930,3,2019,01,14,13,23,58. ,31,00442
3002930,1,2019,01,15,16,39,02. ,07,00036
3002930,2,2019,01,18,21,46,52. ,15,00071
3002930,2,2019,01,19,14,22,19. ,19,00120
3002930,1,2019,01,26,09,32,01. ,09,00035
3002930,1,2019,02,03,10,01,38. ,09,00036
3002930,1,2019,02,10,21,03,50. ,06,00035
3002930,1,2019,02,16,10,47,06. ,09,00040
3002930,1,2019,02,19,17,06,44. ,11,00074
3002930,1,2019,02,23,15,49,35. ,08,00038
3002930,1,2019,02,24,09,34,01. ,11,00053
3002930,1,2019,02,27,08,18,02. ,06,00033
3002930,2,2019,03,02,06,03,45. ,18,00118
3002930,1,2019,03,10,10,47,10. ,07,00029
3002930,1,2019,03,26,03,30,49. ,08,00038
3002930,1,2019,03,29,17,47,54. ,08,00031
3002930,1,2019,04,16,18,47,59. ,07,00038
3002930,1,2019,04,27,09,57,56. ,08,00038
3002930,1,2019,05,24,12,40,57. ,11,00056
3002930,2,2019,05,27,04,04,24. ,15,00080
3002930,1,2019,06,07,08,44,12. ,08,00046
3002930,1,2019,06,08,12,46,21. ,09,00036
3002930,4,2019,06,17,08,00,22. ,42,01563
3002930,2,2019,06,18,22,23,24. ,15,00059
3002930,1,2019,06,26,22,47,06. ,09,00034
3002930,1,2019,07,17,00,26,13. ,14,00086
3002930,2,2019,07,28,03,33,18. ,20,00125
3002930,3,2019,08,04,19,23,30. ,34,00609
3002930,1,2019,08,06,00,02,03. ,09,00037
3002930,1,2019,08,24,13,53,42. ,08,00028
3002930,1,2019,09,12,01,45,31. ,08,00034
3002930,1,2019,09,19,08,49,47. ,11,00052
3002930,2,2019,09,29,19,30,14. ,18,00119
3002930,3,2019,09,30,01,02,43. ,33,00628
3002930,2,2019,10,16,03,03,00. ,18,00114
3002930,1,2019,10,28,22,29,14. ,07,00031
3002930,1,2019,11,03,14,03,18. ,13,00064
3002930,1,2019,11,03,23,56,12. ,07,00032
3002930,3,2019,11,08,18,18,35. ,29,00336
3002930,1,2019,11,11,18,50,40. ,13,00063
3002930,1,2019,11,12,21,55,59. ,14,00075
3002930,1,2019,11,17,19,20,27. ,10,00043
3002930,2,2019,11,18,08,00,18. ,21,00181
3002930,2,2019,11,22,05,24,15. ,17,00103
3002930,2,2019,12,03,10,18,29. ,22,00189
3002930,3,2019,12,04,10,38,57. ,31,00555
3002930,1,2019,12,04,10,50,36. ,12,00077
3002930,1,2019,12,05,08,38,33. ,10,00050
3002930,2,2019,12,05,15,01,24. ,18,00112
3002930,3,2019,12,05,22,35,20. ,27,00304
3002930,1,2019,12,06,14,39,54. ,09,00052
3002930,2,2019,12,07,12,34,26. ,16,00072
3002930,2,2019,12,11,18,39,51. ,17,00079
3002930,1,2019,12,19,09,24,08. ,12,00053
3002930,2,2020,01,03,03,24,19. ,20,00108
3002930,1,2020,01,06,04,20,34. ,11,00064
3002930,3,2020,01,14,04,54,14. ,25,00251
3002930,2,2020,01,14,13,26,06. ,24,00201
3002930,1,2020,01,15,08,19,15. ,09,00038
3002930,3,2020,01,21,19,18,06. ,27,00375
3002930,1,2020,01,22,19,38,33. ,07,00030
3002930,1,2020,01,25,20,01,55. ,07,00028
3002930,1,2020,01,29,17,45,29. ,06,00035
3002930,3,2020,02,01,02,08,06. ,29,00459
3002930,1,2020,02,06,20,20,29. ,14,00057
3002930,3,2020,02,12,19,37,39. ,30,00404
3002930,1,2020,02,13,19,38,16. ,09,00028
3002930,1,2020,02,17,12,41,16. ,07,00031
3002930,1,2020,02,19,21,53,42. ,10,00060
3002930,3,2020,03,31,20,24,14. ,26,00333
3002930,1,2020,04,09,12,12,55. ,06,00034
3002930,3,2020,04,12,00,45,07. ,27,00295
3002930,2,2020,04,14,06,36,08. ,19,00107
3002930,1,2020,04,16,11,18,27. ,11,00063
3002930,2,2020,04,20,05,40,15. ,15,00061
3002930,1,2020,04,23,12,26,55. ,09,00056
3002930,2,2020,04,26,09,49,35. ,19,00113
3002930,1,2020,05,04,22,08,28. ,10,00035
3002930,2,2020,05,04,22,34,48. ,18,00107
3002930,1,2020,05,06,01,57,45. ,10,00051
3002930,1,2020,05,06,10,16,48. ,10,00041
3002930,3,2020,05,11,08,58,48. ,26,00297
3002930,1,2020,05,16,06,27,35. ,08,00036
3002930,1,2020,05,18,12,01,29. ,14,00051
3002930,2,2020,05,19,12,17,45. ,22,00176
3002930,1,2020,05,25,02,11,42. ,09,00043
3002930,3,2020,06,01,06,02,33. ,30,00395
3002930,3,2020,06,04,05,31,30. ,26,00231
3002930,1,2020,06,16,01,55,47. ,06,00033
3002930,2,2020,06,25,04,48,12. ,18,00093
3002930,2,2020,07,03,14,13,30. ,19,00108
3002930,2,2020,07,09,06,05,55. ,16,00083
3002930,1,2020,07,15,05,48,18. ,06,00101
3002930,1,2020,07,17,01,33,51. ,09,00041
3002930,1,2020,07,17,13,50,14. ,08,00036
3002930,1,2020,07,19,21,01,57. ,06,00029
3002930,1,2020,07,29,05,33,54. ,09,00031
3002930,2,2020,08,06,02,54,39. ,17,00085
3002930,1,2020,08,07,00,36,52. ,11,00043
3002930,1,2020,08,13,07,40,42. ,06,00032
3002930,1,2020,08,27,23,46,09. ,13,00061
3002930,1,2020,08,30,11,44,01. ,06,00029
3002930,2,2020,08,30,14,38,07. ,17,00104
3002930,1,2020,08,30,17,59,57. ,07,00035
3002930,1,2020,09,07,06,34,16. ,14,00063
3002930,1,2020,09,10,12,26,39. ,12,00058
3002930,1,2020,09,12,11,38,17. ,11,00054
3002930,2,2020,09,12,11,45,19. ,18,00103
3002930,1,2020,09,14,18,10,44. ,06,00032
3002930,2,2020,09,17,14,00,51. ,21,00167
3002930,1,2020,09,19,19,54,49. ,12,00060
3002930,3,2020,09,20,09,04,53. ,25,00320
3002930,2,2020,10,05,11,32,41. ,20,00194
3002930,1,2020,10,10,07,39,47. ,08,00044
3002930,1,2020,10,14,19,43,12. ,11,00050
3002930,2,2020,10,16,17,34,56. ,15,00102
3002930,4,2020,11,22,19,06,07. ,35,00748
3002930,1,2020,11,25,11,20,46. ,09,00046
3002930,1,2020,12,06,02,22,47. ,08,00049
3002930,1,2020,12,07,22,42,45. ,10,00040
3002930,1,2020,12,17,16,43,10. ,14,00085
3002930,2,2020,12,18,08,03,39. ,17,00099
3002930,1,2020,12,29,01,15,47. ,08,00042
3002930,3,2020,12,30,09,35,39. ,32,00525
