station,intensity,year,month,day,hour,minute,intensity_equip,acceleration_max_comb
3210621,1,2012,08,20,20,43,08,00020
3210621,1,2012,08,26,03,37,09,00026
3210621,1,2012,08,30,04,18,06,00028
3210621,1,2012,09,14,02,22,12,00032
3210621,1,2012,10,25,19,34,05,00012
3210621,1,2012,11,09,12,52,07,00014
3210621,1,2012,11,24,18,00,07,00022
3210621,3,2012,12,07,17,20,30,00211
3210621,1,2012,12,07,17,33,06,00015
3210621,1,2013,01,28,03,42,05,00019
3210621,1,2013,01,31,23,54,06,00017
3210621,1,2013,02,01,01,05,05,00024
3210621,1,2013,02,09,13,44,05,00014
3210621,2,2013,02,25,16,24,21,00107
3210621,1,2013,04,06,05,01,06,00018
3210621,1,2013,04,14,10,22,07,00019
3210621,1,2013,04,30,22,09,07,00029
3210621,1,2013,05,02,22,04,10,00043
3210621,1,2013,05,18,14,49,10,00026
3210621,1,2013,05,21,20,26,08,00028
3210621,1,2013,08,04,12,30,06,00017
3210621,2,2013,09,04,09,21,17,00050
3210621,2,2013,09,20,02,25,15,00056
3210621,1,2013,10,12,02,43,10,00055
3210621,2,2013,10,26,02,12,22,00108
3210621,1,2013,11,03,14,25,07,00030
3210621,1,2013,11,10,07,38,13,00038
3210621,1,2013,11,16,20,45,09,00029
3210621,1,2013,11,29,01,15,05,00016
3210621,1,2013,12,03,18,17,07,00014
3210621,2,2013,12,21,01,11,16,00060
3210621,2,2013,12,31,10,03,16,00059
3210621,1,2014,01,09,03,58,08,00021
3210621,1,2014,04,18,07,53,10,00047
3210621,2,2014,05,05,05,18,19,00068
3210621,1,2014,05,13,08,35,07,00018
3210621,2,2014,07,12,04,23,19,00041
3210621,1,2014,07,20,10,26,06,00026
3210621,1,2014,08,24,17,27,08,00026
3210621,1,2014,08,26,11,23,05,00017
3210621,3,2014,09,16,12,28,32,00366
3210621,1,2014,11,12,09,53,13,00059
3210621,1,2014,11,20,10,52,09,00027
3210621,2,2014,11,22,22,08,18,00062
3210621,1,2014,12,20,18,31,09,00021
3210621,1,2015,01,26,07,20,07,00022
3210621,1,2015,01,30,20,32,05,00023
3210621,1,2015,05,13,06,14,12,00021
3210621,2,2015,05,25,14,28,22,00157
3210621,1,2015,05,30,01,07,14,00084
3210621,2,2015,05,30,20,26,24,00091
3210621,1,2015,08,06,18,22,13,00062
3210621,1,2015,08,14,05,14,06,00019
3210621,1,2015,09,12,05,49,11,00030
3210621,1,2015,10,21,15,05,13,00045
3210621,2,2015,11,07,22,45,15,00066
3210621,1,2015,11,20,08,16,05,00016
3210621,1,2016,05,16,21,23,12,00038
3210621,1,2016,06,27,07,58,09,00015
3210621,1,2016,07,17,13,24,11,00036
3210621,1,2016,07,20,07,25,09,00029
3210621,1,2016,07,27,23,47,14,00037
3210621,1,2016,08,15,16,05,07,00020
3210621,1,2016,08,19,21,08,12,00043
3210621,1,2016,09,07,13,29,06,00016
3210621,1,2016,09,13,19,12,08,00029
3210621,1,2016,10,20,11,50,05,00014
3210621,1,2016,10,20,20,12,12,00098
3210621,3,2016,11,22,06,00,26,00138
3210621,3,2016,12,28,21,39,26,00150
3210621,1,2017,01,05,00,44,11,00031
3210621,1,2017,01,05,02,54,11,00022
3210621,1,2017,02,19,18,20,08,00017
3210621,1,2017,02,28,16,50,10,00028
3210621,1,2017,04,20,02,14,05,00020
3210621,1,2017,07,20,09,12,10,00025
3210621,2,2017,08,02,02,02,21,00115
3210621,1,2017,08,02,07,16,05,00017
3210621,1,2017,08,03,13,45,05,00024
3210621,1,2017,08,10,09,37,09,00025
3210621,1,2017,08,27,11,26,06,00024
3210621,1,2017,09,21,01,39,05,00015
3210621,1,2017,10,06,17,01,08,00020
3210621,1,2017,10,06,23,57,14,00052
3210621,1,2017,11,03,21,38,07,00023
3210621,1,2018,01,06,00,54,06,00020
3210621,1,2018,03,30,08,18,09,00029
3210621,1,2018,05,17,12,13,05,00013
3210621,3,2018,06,17,15,27,33,00687
3210621,1,2018,07,07,20,24,11,00022
3210621,1,2018,09,05,05,11,10,00035
3210621,1,2018,09,14,14,36,13,00041
3210621,1,2018,09,18,17,11,08,00022
3210621,2,2018,11,27,08,34,15,00061
3210621,1,2019,01,14,13,23,12,00067
3210621,1,2019,01,18,21,46,11,00027
3210621,1,2019,06,17,08,00,07,00026
3210621,2,2019,06,18,22,23,24,00131
3210621,1,2019,07,28,03,33,11,00026
3210621,2,2019,08,04,19,24,20,00067
3210621,1,2019,11,22,05,24,05,00022
3210621,2,2019,12,03,10,18,20,00142
3210621,1,2019,12,04,10,39,13,00049
3210621,1,2020,01,14,04,54,11,00046
3210621,1,2020,02,01,02,08,11,00031
3210621,1,2020,02,12,19,38,13,00037
3210621,1,2020,04,12,00,45,12,00044
3210621,1,2020,04,26,09,49,08,00025
3210621,1,2020,05,11,08,59,07,00019
3210621,2,2020,06,01,06,02,19,00077
3210621,1,2020,06,25,04,48,11,00027
3210621,1,2020,07,09,06,05,11,00047
3210621,1,2020,08,30,14,38,06,00024
3210621,1,2020,09,07,06,34,05,00011
3210621,1,2020,09,20,09,05,07,00022
3210621,2,2020,11,22,19,06,15,00057
3210621,1,2020,12,30,09,35,12,00035
