station,intensity,year,month,day,hour,minute,second,intensity_equip,acceleration_max_comb
3000001,3,2010,03,31,06,18,43. ,29,01019
3000001,1,2010,04,10,15,21,15. ,07,00052
3000001,1,2010,04,16,21,32,20. ,10,00073
3000001,1,2010,04,26,06,23,38. ,10,00073
3000001,2,2010,04,29,07,21,58. ,23,00336
3000001,1,2010,04,29,17,01,16. ,05,00034
3000001,1,2010,04,30,19,33,57. ,11,00070
3000001,1,2010,05,01,18,21,20. ,07,00016
3000001,1,2010,05,02,08,59,29. ,09,00047
3000001,2,2010,05,07,04,38,33. ,19,00209
3000001,3,2010,06,13,12,33,22. ,28,00316
3000001,2,2010,06,16,19,44,19. ,20,00309
3000001,1,2010,07,04,15,03,19. ,12,00067
3000001,1,2010,07,05,06,57,31. ,11,00026
3000001,1,2010,07,10,20,33,12. ,08,00054
3000001,1,2010,07,11,11,00,15. ,10,00051
3000001,2,2010,07,23,06,06,42. ,19,00145
3000001,2,2010,08,03,07,31,01. ,21,00206
3000001,1,2010,08,04,23,11,42. ,12,00066
3000001,1,2010,08,16,00,04,40. ,13,00092
3000001,2,2010,09,21,12,42,49. ,16,00164
3000001,1,2010,09,22,05,32,05. ,09,00052
3000001,1,2010,09,27,02,55,18. ,06,00027
3000001,1,2010,09,29,12,02,21. ,12,00054
3000001,2,2010,09,29,17,00,15. ,23,00143
3000001,1,2010,09,30,01,24,04. ,08,00035
3000001,2,2010,09,30,21,47,26. ,15,00139
3000001,2,2010,10,04,20,32,32. ,15,00138
3000001,1,2010,10,09,15,12,34. ,09,00045
3000001,1,2010,10,10,10,00,15. ,06,00039
3000001,1,2010,10,14,14,30,04. ,06,00044
3000001,1,2010,10,16,21,38,48. ,09,00070
3000001,2,2010,10,17,17,19,55. ,15,00155
3000001,1,2010,10,19,22,24,13. ,06,00066
3000001,2,2010,10,24,13,50,55. ,22,00291
3000001,1,2010,10,26,21,06,28. ,11,00090
3000001,2,2010,11,05,07,31,06. ,18,00113
3000001,2,2010,11,05,19,14,15. ,18,00131
3000001,1,2010,11,14,19,08,19. ,14,00113
3000001,3,2010,11,24,20,09,21. ,29,00683
3000001,2,2010,11,30,12,27,40. ,21,00064
3000001,1,2010,12,05,06,59,07. ,13,00129
3000001,1,2010,12,15,08,53,53. ,08,00041
3000001,1,2010,12,22,02,23,51. ,09,00023
3000001,2,2011,01,01,08,01,14. ,17,00146
3000001,1,2011,01,03,04,10,41. ,09,00037
3000001,1,2011,01,12,01,01,44. ,07,00044
3000001,2,2011,01,17,16,14,03. ,18,00151
3000001,1,2011,01,20,22,20,37. ,08,00053
3000001,1,2011,01,22,10,02,57. ,05,00030
3000001,1,2011,01,28,16,41,55. ,09,00082
3000001,1,2011,02,10,12,11,20. ,07,00047
3000001,1,2011,02,10,13,20,34. ,09,00045
3000001,2,2011,02,10,22,03,23. ,18,00131
3000001,1,2011,02,13,12,15,04. ,14,00122
3000001,1,2011,02,18,08,26,46. ,09,00043
3000001,1,2011,02,27,00,39,21. ,10,00032
3000001,2,2011,03,07,05,11,08. ,21,00286
3000001,2,2011,03,09,11,47,00. ,23,00092
3000001,2,2011,03,10,03,17,25. ,16,00035
3000001,2,2011,03,10,06,25,30. ,17,00040
3000001,C,2011,03,11,14,48,00. ,58,08257
3000001,3,2011,03,11,14,52,00. ,33,00327
3000001,3,2011,03,11,14,55,00. ,33,00510
3000001,3,2011,03,11,14,56,00. ,29,00237
3000001,2,2011,03,11,14,59,00. ,22,00143
3000001,2,2011,03,11,15,01,00. ,18,00140
3000001,2,2011,03,11,15,04,00. ,22,00120
3000001,2,2011,03,11,15,06,00. ,24,00216
3000001,3,2011,03,11,15,08,00. ,29,00306
3000001,3,2011,03,11,15,09,00. ,29,00227
3000001,3,2011,03,11,15,11,00. ,31,00367
3000001,3,2011,03,11,15,13,00. ,30,00527
3000001,2,2011,03,11,15,14,00. ,24,00178
3000001,B,2011,03,11,15,16,00. ,51,03852
3000001,3,2011,03,11,15,19,00. ,28,00483
3000001,3,2011,03,11,15,20,00. ,25,00159
3000001,2,2011,03,11,15,21,00. ,21,00136
3000001,2,2011,03,11,15,22,00. ,17,00107
3000001,2,2011,03,11,15,23,00. ,15,00073
3000001,2,2011,03,11,15,24,00. ,17,00065
3000001,3,2011,03,11,15,27,00. ,30,00439
3000001,2,2011,03,11,15,26,00. ,20,00253
3000001,2,2011,03,11,15,29,00. ,20,00118
3000001,2,2011,03,11,15,31,00. ,20,00272
3000001,2,2011,03,11,15,32,00. ,20,00230
3000001,2,2011,03,11,15,33,00. ,22,00141
3000001,2,2011,03,11,15,36,00. ,21,00149
3000001,3,2011,03,11,15,35,00. ,26,00279
3000001,1,2011,03,11,15,37,00. ,14,00073
3000001,2,2011,03,11,15,38,00. ,18,00100
3000001,1,2011,03,11,15,42,00. ,09,00043
3000001,1,2011,03,11,15,43,00. ,10,00064
3000001,3,2011,03,11,15,45,00. ,30,00645
3000001,1,2011,03,11,15,47,00. ,12,00080
3000001,1,2011,03,11,15,48,00. ,10,00073
3000001,1,2011,03,11,15,50,00. ,14,00110
3000001,1,2011,03,11,15,51,00. ,09,00034
3000001,1,2011,03,11,15,54,00. ,11,00092
3000001,2,2011,03,11,15,55,00. ,21,00259
3000001,2,2011,03,11,15,56,00. ,17,00068
3000001,3,2011,03,11,15,57,13. ,28,00239
3000001,2,2011,03,11,16,00,10. ,15,00081
3000001,1,2011,03,11,16,01,10. ,10,00055
3000001,2,2011,03,11,16,03,20. ,17,00097
3000001,1,2011,03,11,16,04,20. ,12,00047
3000001,1,2011,03,11,16,05,20. ,12,00037
3000001,1,2011,03,11,16,06,20. ,09,00030
3000001,1,2011,03,11,16,08,33. ,13,00081
3000001,1,2011,03,11,16,09,30. ,13,00046
3000001,1,2011,03,11,16,10,30. ,08,00021
3000001,1,2011,03,11,16,12,30. ,10,00079
3000001,1,2011,03,11,16,13,30. ,13,00116
3000001,2,2011,03,11,16,14,30. ,21,00075
3000001,3,2011,03,11,16,15,30. ,30,00306
3000001,1,2011,03,11,16,17,30. ,13,00106
3000001,3,2011,03,11,16,18,30. ,28,00349
3000001,2,2011,03,11,16,22,30. ,15,00202
3000001,1,2011,03,11,16,24,30. ,13,00095
3000001,2,2011,03,11,16,26,30. ,19,00134
3000001,3,2011,03,11,16,30,30. ,27,00313
3000001,2,2011,03,11,16,31,30. ,23,00123
3000001,1,2011,03,11,16,33,30. ,11,00048
3000001,1,2011,03,11,16,34,30. ,08,00042
3000001,1,2011,03,11,16,36,30. ,09,00019
3000001,1,2011,03,11,16,39,50. ,05,00028
3000001,1,2011,03,11,16,41,50. ,07,00036
3000001,2,2011,03,11,16,42,50. ,24,00197
3000001,1,2011,03,11,16,43,50. ,14,00055
3000001,2,2011,03,11,16,44,50. ,19,00090
3000001,2,2011,03,11,16,45,50. ,24,00281
3000001,1,2011,03,11,16,47,50. ,06,00026
3000001,2,2011,03,11,16,50,50. ,18,00080
3000001,1,2011,03,11,16,51,50. ,08,00035
3000001,1,2011,03,11,16,55,50. ,10,00035
3000001,1,2011,03,11,16,54,50. ,09,00038
3000001,1,2011,03,11,16,56,50. ,14,00051
3000001,1,2011,03,11,17,00,12. ,06,00026
3000001,1,2011,03,11,17,02,10. ,12,00048
3000001,1,2011,03,11,17,03,10. ,14,00063
3000001,1,2011,03,11,17,05,10. ,12,00066
3000001,2,2011,03,11,17,11,10. ,17,00103
3000001,3,2011,03,11,17,12,10. ,29,00324
3000001,1,2011,03,11,17,17,10. ,10,00042
3000001,2,2011,03,11,17,16,10. ,16,00118
3000001,3,2011,03,11,17,20,10. ,34,00420
3000001,1,2011,03,11,17,28,00. ,12,00085
3000001,2,2011,03,11,17,29,00. ,17,00123
3000001,3,2011,03,11,17,31,00. ,31,00506
3000001,2,2011,03,11,17,34,00. ,16,00118
3000001,3,2011,03,11,17,35,00. ,28,00332
3000001,1,2011,03,11,17,38,50. ,07,00028
3000001,3,2011,03,11,17,40,50. ,33,00511
3000001,1,2011,03,11,17,44,00. ,13,00039
3000001,1,2011,03,11,17,47,00. ,09,00114
3000001,1,2011,03,11,17,49,00. ,07,00033
3000001,1,2011,03,11,17,50,00. ,07,00043
3000001,1,2011,03,11,17,52,49. ,06,00023
3000001,1,2011,03,11,17,54,40. ,06,00031
3000001,2,2011,03,11,17,56,40. ,16,00111
3000001,1,2011,03,11,17,58,40. ,14,00090
3000001,2,2011,03,11,18,04,40. ,21,00200
3000001,1,2011,03,11,18,06,40. ,09,00041
3000001,1,2011,03,11,18,08,49. ,06,00038
3000001,1,2011,03,11,18,15,40. ,13,00115
3000001,1,2011,03,11,18,16,40. ,08,00039
3000001,2,2011,03,11,18,19,40. ,23,00183
3000001,1,2011,03,11,18,26,12. ,05,00029
3000001,1,2011,03,11,18,34,37. ,10,00059
3000001,2,2011,03,11,18,37,12. ,19,00126
3000001,1,2011,03,11,18,38,10. ,10,00052
3000001,1,2011,03,11,18,49,00. ,14,00168
3000001,1,2011,03,11,18,48,04. ,07,00085
3000001,1,2011,03,11,18,50,00. ,10,00069
3000001,1,2011,03,11,18,53,00. ,08,00035
3000001,3,2011,03,11,18,55,16. ,26,00355
3000001,2,2011,03,11,18,57,10. ,19,00238
3000001,1,2011,03,11,18,59,10. ,05,00027
3000001,1,2011,03,11,19,04,43. ,05,00084
3000001,1,2011,03,11,19,05,40. ,05,00021
3000001,1,2011,03,11,19,12,10. ,06,00027
3000001,1,2011,03,11,19,13,10. ,08,00043
3000001,2,2011,03,11,19,16,10. ,21,00256
3000001,1,2011,03,11,19,18,10. ,12,00138
3000001,1,2011,03,11,19,20,22. ,05,00026
3000001,2,2011,03,11,19,21,20. ,19,00097
3000001,1,2011,03,11,19,27,11. ,06,00034
3000001,1,2011,03,11,19,28,10. ,10,00074
3000001,2,2011,03,11,19,35,54. ,19,00152
3000001,1,2011,03,11,19,36,50. ,06,00030
3000001,1,2011,03,11,19,43,39. ,13,00103
3000001,1,2011,03,11,19,45,30. ,12,00047
3000001,2,2011,03,11,19,46,30. ,15,00116
3000001,1,2011,03,11,19,53,29. ,05,00028
3000001,2,2011,03,11,20,01,12. ,16,00100
3000001,1,2011,03,11,20,02,10. ,11,00056
3000001,2,2011,03,11,20,07,39. ,16,00141
3000001,1,2011,03,11,20,11,30. ,08,00013
3000001,2,2011,03,11,20,13,30. ,18,00096
3000001,2,2011,03,11,20,17,30. ,18,00094
3000001,2,2011,03,11,20,21,17. ,20,00104
3000001,1,2011,03,11,20,26,10. ,12,00062
3000001,1,2011,03,11,20,32,10. ,08,00022
3000001,1,2011,03,11,20,35,10. ,11,00058
3000001,2,2011,03,11,20,38,10. ,17,00058
3000001,1,2011,03,11,20,40,10. ,12,00077
3000001,1,2011,03,11,20,41,10. ,08,00028
3000001,1,2011,03,11,20,45,10. ,13,00035
3000001,3,2011,03,11,20,47,10. ,25,00306
3000001,1,2011,03,11,20,51,25. ,07,00037
3000001,1,2011,03,11,20,53,51. ,08,00049
3000001,2,2011,03,11,20,56,50. ,16,00064
3000001,1,2011,03,11,20,59,50. ,07,00012
3000001,1,2011,03,11,21,00,50. ,05,00038
3000001,1,2011,03,11,21,06,50. ,07,00066
3000001,2,2011,03,11,21,13,24. ,20,00078
3000001,1,2011,03,11,21,17,20. ,07,00025
3000001,1,2011,03,11,21,21,50. ,12,00074
3000001,1,2011,03,11,21,24,55. ,12,00049
3000001,1,2011,03,11,21,29,03. ,11,00044
3000001,1,2011,03,11,21,36,00. ,06,00038
3000001,1,2011,03,11,21,37,00. ,12,00075
3000001,1,2011,03,11,21,49,20. ,13,00052
3000001,1,2011,03,11,21,51,20. ,11,00080
3000001,1,2011,03,11,21,52,20. ,12,00094
3000001,2,2011,03,11,21,54,20. ,17,00171
3000001,1,2011,03,11,21,56,20. ,11,00039
3000001,2,2011,03,11,21,59,31. ,16,00060
3000001,1,2011,03,11,22,03,30. ,09,00022
3000001,1,2011,03,11,22,08,51. ,06,00060
3000001,1,2011,03,11,22,09,50. ,11,00092
3000001,1,2011,03,11,22,16,17. ,08,00039
3000001,3,2011,03,11,22,17,10. ,26,00192
3000001,1,2011,03,11,22,22,20. ,05,00037
3000001,1,2011,03,11,22,24,20. ,05,00029
3000001,1,2011,03,11,22,29,39. ,05,00029
3000001,1,2011,03,11,22,34,10. ,10,00066
3000001,1,2011,03,11,22,35,10. ,14,00044
3000001,1,2011,03,11,22,36,10. ,05,00030
3000001,1,2011,03,11,22,37,10. ,12,00110
3000001,1,2011,03,11,22,39,19. ,07,00074
3000001,2,2011,03,11,22,47,56. ,20,00177
3000001,1,2011,03,11,22,48,50. ,07,00030
3000001,1,2011,03,11,22,51,50. ,13,00105
3000001,1,2011,03,11,22,52,50. ,09,00029
3000001,1,2011,03,11,22,53,50. ,06,00033
3000001,1,2011,03,11,22,56,33. ,09,00040
3000001,1,2011,03,11,22,59,30. ,12,00048
3000001,4,2011,03,11,23,00,30. ,35,00905
3000001,1,2011,03,11,23,03,30. ,06,00060
3000001,1,2011,03,11,23,11,18. ,07,00025
3000001,1,2011,03,11,23,15,08. ,07,00064
3000001,1,2011,03,11,23,19,31. ,10,00034
3000001,1,2011,03,11,23,26,58. ,14,00080
3000001,1,2011,03,11,23,31,33. ,05,00062
3000001,1,2011,03,11,23,32,30. ,09,00050
3000001,2,2011,03,11,23,44,21. ,21,00166
3000001,1,2011,03,11,23,49,16. ,08,00045
3000001,1,2011,03,11,23,54,26. ,14,00038
3000001,2,2011,03,11,23,56,20. ,23,00195
3000001,1,2011,03,11,23,57,20. ,14,00034
3000001,1,2011,03,11,23,58,20. ,06,00028
3000001,1,2011,03,12,00,05,46. ,05,00039
3000001,2,2011,03,12,00,07,40. ,18,00094
3000001,3,2011,03,12,00,13,40. ,28,00249
3000001,2,2011,03,12,00,15,40. ,18,00104
3000001,2,2011,03,12,00,20,50. ,22,00093
3000001,1,2011,03,12,00,25,09. ,10,00050
3000001,1,2011,03,12,00,26,00. ,08,00064
3000001,1,2011,03,12,00,27,00. ,08,00051
3000001,1,2011,03,12,00,33,05. ,13,00079
3000001,2,2011,03,12,00,42,21. ,22,00129
3000001,1,2011,03,12,00,49,37. ,11,00075
3000001,1,2011,03,12,00,55,47. ,08,00029
3000001,1,2011,03,12,00,57,40. ,05,00032
3000001,1,2011,03,12,00,59,40. ,07,00074
3000001,1,2011,03,12,01,05,46. ,11,00065
3000001,2,2011,03,12,01,06,40. ,20,00272
3000001,1,2011,03,12,01,19,30. ,05,00035
3000001,1,2011,03,12,01,29,53. ,10,00051
3000001,1,2011,03,12,01,49,31. ,12,00073
3000001,1,2011,03,12,01,57,34. ,06,00038
3000001,2,2011,03,12,02,08,13. ,15,00189
3000001,1,2011,03,12,02,18,11. ,12,00022
3000001,1,2011,03,12,02,24,10. ,08,00025
3000001,1,2011,03,12,02,31,09. ,13,00073
3000001,1,2011,03,12,02,48,20. ,11,00091
3000001,1,2011,03,12,02,51,46. ,05,00043
3000001,1,2011,03,12,02,57,15. ,13,00086
3000001,1,2011,03,12,03,02,02. ,05,00036
3000001,2,2011,03,12,03,11,53. ,22,00067
3000001,2,2011,03,12,03,17,50. ,16,00048
3000001,1,2011,03,12,03,40,04. ,09,00039
3000001,2,2011,03,12,03,44,22. ,23,00253
3000001,2,2011,03,12,03,45,20. ,16,00098
3000001,1,2011,03,12,03,48,20. ,10,00079
3000001,1,2011,03,12,03,55,51. ,06,00016
3000001,3,2011,03,12,03,59,40. ,31,00242
3000001,1,2011,03,12,04,04,40. ,12,00031
3000001,4,2011,03,12,04,08,40. ,40,01561
3000001,2,2011,03,12,04,24,44. ,24,00133
3000001,1,2011,03,12,04,32,06. ,14,00048
3000001,2,2011,03,12,04,33,00. ,17,00077
3000001,1,2011,03,12,04,36,01. ,10,00088
3000001,2,2011,03,12,04,45,47. ,23,00263
3000001,1,2011,03,12,04,52,40. ,06,00029
3000001,2,2011,03,12,04,59,00. ,18,00129
3000001,1,2011,03,12,05,12,50. ,06,00015
3000001,1,2011,03,12,05,24,07. ,13,00046
3000001,1,2011,03,12,05,26,00. ,11,00044
3000001,1,2011,03,12,05,27,00. ,06,00032
3000001,1,2011,03,12,05,28,00. ,06,00048
3000001,3,2011,03,12,05,34,57. ,32,00705
3000001,1,2011,03,12,05,52,07. ,05,00021
3000001,1,2011,03,12,05,55,12. ,05,00041
3000001,1,2011,03,12,05,57,45. ,08,00045
3000001,1,2011,03,12,06,09,35. ,08,00038
3000001,1,2011,03,12,06,19,04. ,08,00033
3000001,1,2011,03,12,06,34,43. ,13,00077
3000001,2,2011,03,12,06,48,54. ,15,00092
3000001,1,2011,03,12,06,50,50. ,07,00071
3000001,1,2011,03,12,06,51,50. ,07,00041
3000001,1,2011,03,12,06,54,45. ,14,00084
3000001,1,2011,03,12,07,14,49. ,07,00038
3000001,1,2011,03,12,07,19,03. ,05,00020
3000001,1,2011,03,12,07,36,25. ,14,00104
3000001,1,2011,03,12,07,52,16. ,10,00060
3000001,2,2011,03,12,08,12,17. ,17,00137
3000001,1,2011,03,12,08,16,00. ,10,00060
3000001,1,2011,03,12,08,26,46. ,14,00085
3000001,2,2011,03,12,08,59,37. ,16,00082
3000001,1,2011,03,12,09,00,30. ,08,00030
3000001,1,2011,03,12,09,11,29. ,11,00098
3000001,1,2011,03,12,09,12,20. ,05,00046
3000001,1,2011,03,12,09,21,59. ,08,00029
3000001,1,2011,03,12,09,40,09. ,07,00054
3000001,1,2011,03,12,09,45,30. ,12,00042
3000001,1,2011,03,12,10,00,48. ,07,00042
3000001,1,2011,03,12,10,04,41. ,08,00031
3000001,2,2011,03,12,10,12,23. ,22,00247
3000001,1,2011,03,12,10,14,20. ,12,00092
3000001,2,2011,03,12,10,17,38. ,17,00193
3000001,1,2011,03,12,10,25,18. ,09,00029
3000001,1,2011,03,12,10,37,01. ,08,00021
3000001,1,2011,03,12,10,39,00. ,06,00050
3000001,2,2011,03,12,10,43,38. ,16,00076
3000001,1,2011,03,12,10,46,50. ,08,00032
3000001,2,2011,03,12,10,48,50. ,17,00034
3000001,2,2011,03,12,10,49,50. ,18,00200
3000001,1,2011,03,12,10,59,16. ,06,00043
3000001,1,2011,03,12,11,34,23. ,13,00052
3000001,1,2011,03,12,11,48,19. ,11,00050
3000001,1,2011,03,12,11,51,10. ,07,00039
3000001,1,2011,03,12,11,53,10. ,06,00054
3000001,1,2011,03,12,11,56,48. ,07,00040
3000001,2,2011,03,12,11,59,31. ,21,00294
3000001,2,2011,03,12,12,12,17. ,19,00094
3000001,1,2011,03,12,12,20,45. ,06,00032
3000001,1,2011,03,12,12,49,38. ,06,00033
3000001,1,2011,03,12,12,51,30. ,10,00068
3000001,2,2011,03,12,12,55,04. ,17,00118
3000001,1,2011,03,12,13,21,18. ,08,00053
3000001,2,2011,03,12,13,37,34. ,17,00094
3000001,1,2011,03,12,13,47,37. ,05,00032
3000001,1,2011,03,12,13,58,46. ,05,00043
3000001,1,2011,03,12,14,03,42. ,07,00026
3000001,2,2011,03,12,14,14,56. ,16,00074
3000001,1,2011,03,12,14,26,59. ,07,00047
3000001,1,2011,03,12,14,39,46. ,09,00063
3000001,1,2011,03,12,14,53,45. ,06,00063
3000001,1,2011,03,12,15,00,43. ,14,00048
3000001,1,2011,03,12,15,19,35. ,09,00030
3000001,1,2011,03,12,15,40,10. ,06,00045
3000001,1,2011,03,12,15,41,10. ,11,00087
3000001,2,2011,03,12,15,44,12. ,20,00214
3000001,1,2011,03,12,16,04,32. ,11,00056
3000001,1,2011,03,12,16,10,41. ,05,00046
3000001,1,2011,03,12,16,21,16. ,08,00033
3000001,1,2011,03,12,16,30,38. ,08,00031
3000001,1,2011,03,12,16,37,20. ,09,00056
3000001,2,2011,03,12,16,54,24. ,16,00074
3000001,1,2011,03,12,17,14,09. ,08,00024
3000001,1,2011,03,12,17,22,26. ,09,00043
3000001,2,2011,03,12,17,53,08. ,15,00092
3000001,1,2011,03,12,19,00,57. ,06,00019
3000001,1,2011,03,12,19,39,33. ,08,00041
3000001,1,2011,03,12,19,54,27. ,11,00030
3000001,1,2011,03,12,20,46,26. ,12,00035
3000001,1,2011,03,12,21,01,36. ,10,00036
3000001,1,2011,03,12,21,54,35. ,13,00074
3000001,2,2011,03,12,22,14,43. ,16,00060
3000001,3,2011,03,12,22,15,40. ,26,00310
3000001,1,2011,03,12,22,23,17. ,11,00104
3000001,1,2011,03,12,22,41,14. ,08,00031
3000001,2,2011,03,12,22,57,32. ,15,00084
3000001,1,2011,03,12,22,58,30. ,11,00072
3000001,2,2011,03,12,23,15,06. ,24,00200
3000001,2,2011,03,12,23,17,00. ,22,00239
3000001,1,2011,03,12,23,33,56. ,07,00046
3000001,2,2011,03,12,23,34,50. ,15,00057
3000001,1,2011,03,12,23,44,43. ,06,00014
3000001,1,2011,03,13,00,45,48. ,05,00039
3000001,1,2011,03,13,00,55,36. ,13,00071
3000001,1,2011,03,13,01,51,13. ,08,00066
3000001,1,2011,03,13,03,09,34. ,10,00049
3000001,1,2011,03,13,04,12,30. ,05,00034
3000001,1,2011,03,13,04,38,29. ,06,00021
3000001,1,2011,03,13,05,41,46. ,11,00068
3000001,1,2011,03,13,07,12,10. ,14,00126
3000001,2,2011,03,13,07,13,10. ,19,00100
3000001,1,2011,03,13,07,26,41. ,10,00075
3000001,1,2011,03,13,07,44,42. ,14,00105
3000001,1,2011,03,13,07,50,13. ,11,00066
3000001,2,2011,03,13,08,25,22. ,24,00132
3000001,1,2011,03,13,08,41,08. ,11,00053
3000001,1,2011,03,13,08,44,15. ,07,00052
3000001,2,2011,03,13,09,33,08. ,19,00129
3000001,2,2011,03,13,09,41,23. ,21,00268
3000001,2,2011,03,13,10,26,30. ,23,00139
3000001,2,2011,03,13,11,23,59. ,15,00025
3000001,1,2011,03,13,11,26,00. ,06,00031
3000001,1,2011,03,13,11,33,00. ,13,00047
3000001,1,2011,03,13,11,37,05. ,06,00046
3000001,1,2011,03,13,12,01,32. ,13,00112
3000001,1,2011,03,13,12,22,39. ,13,00109
3000001,1,2011,03,13,14,10,06. ,11,00077
3000001,1,2011,03,13,14,38,10. ,09,00067
3000001,1,2011,03,13,15,00,13. ,12,00065
3000001,1,2011,03,13,15,13,58. ,08,00061
3000001,1,2011,03,13,15,22,49. ,05,00039
3000001,1,2011,03,13,15,47,45. ,11,00060
3000001,1,2011,03,13,16,09,35. ,09,00070
3000001,1,2011,03,13,16,57,40. ,07,00048
3000001,1,2011,03,13,18,05,24. ,07,00072
3000001,1,2011,03,13,20,08,03. ,13,00063
3000001,1,2011,03,13,20,15,27. ,05,00034
3000001,2,2011,03,13,20,38,04. ,15,00057
3000001,1,2011,03,13,20,54,25. ,07,00054
3000001,1,2011,03,13,20,56,42. ,11,00042
3000001,1,2011,03,13,21,44,59. ,12,00077
3000001,2,2011,03,13,23,28,53. ,15,00118
3000001,1,2011,03,14,00,11,12. ,11,00037
3000001,1,2011,03,14,02,29,25. ,06,00018
3000001,1,2011,03,14,02,35,36. ,10,00089
3000001,1,2011,03,14,02,56,00. ,12,00021
3000001,2,2011,03,14,03,03,33. ,16,00117
3000001,1,2011,03,14,03,40,27. ,08,00044
3000001,1,2011,03,14,04,15,59. ,09,00074
3000001,2,2011,03,14,04,16,50. ,17,00087
3000001,1,2011,03,14,04,27,50. ,05,00041
3000001,1,2011,03,14,05,00,15. ,11,00039
3000001,1,2011,03,14,05,14,58. ,05,00053
3000001,1,2011,03,14,05,23,51. ,07,00040
3000001,3,2011,03,14,07,16,41. ,32,00665
3000001,1,2011,03,14,07,20,40. ,07,00019
3000001,1,2011,03,14,07,56,49. ,12,00074
3000001,2,2011,03,14,08,41,40. ,20,00253
3000001,1,2011,03,14,08,42,40. ,13,00085
3000001,1,2011,03,14,08,54,06. ,11,00038
3000001,1,2011,03,14,09,21,01. ,09,00081
3000001,4,2011,03,14,10,02,49. ,42,01717
3000001,1,2011,03,14,10,13,23. ,06,00027
3000001,1,2011,03,14,10,40,40. ,10,00070
3000001,3,2011,03,14,11,11,36. ,25,00208
3000001,1,2011,03,14,12,21,02. ,11,00047
3000001,1,2011,03,14,13,46,15. ,05,00024
3000001,2,2011,03,14,15,13,16. ,15,00048
3000001,2,2011,03,14,15,19,10. ,24,00165
3000001,2,2011,03,14,15,52,38. ,22,00272
3000001,2,2011,03,14,15,56,23. ,21,00268
3000001,2,2011,03,14,16,25,24. ,17,00161
3000001,1,2011,03,14,18,08,03. ,13,00079
3000001,2,2011,03,14,20,06,36. ,19,00144
3000001,1,2011,03,14,20,11,30. ,05,00029
3000001,1,2011,03,14,20,52,51. ,06,00035
3000001,1,2011,03,14,21,04,42. ,08,00036
3000001,1,2011,03,14,21,11,07. ,09,00056
3000001,1,2011,03,15,00,26,44. ,10,00124
3000001,1,2011,03,15,00,43,13. ,06,00052
3000001,2,2011,03,15,01,11,43. ,22,00265
3000001,1,2011,03,15,03,00,28. ,07,00023
3000001,1,2011,03,15,03,36,00. ,11,00086
3000001,2,2011,03,15,03,41,21. ,24,00235
3000001,1,2011,03,15,04,04,25. ,09,00033
3000001,1,2011,03,15,04,30,30. ,05,00022
3000001,1,2011,03,15,04,31,30. ,09,00047
3000001,2,2011,03,15,07,04,26. ,15,00064
3000001,1,2011,03,15,07,29,37. ,07,00055
3000001,1,2011,03,15,08,31,02. ,08,00064
3000001,1,2011,03,15,09,03,06. ,09,00037
3000001,1,2011,03,15,09,18,54. ,07,00038
3000001,1,2011,03,15,12,20,58. ,13,00050
3000001,1,2011,03,15,13,56,18. ,05,00028
3000001,1,2011,03,15,14,01,35. ,07,00069
3000001,1,2011,03,15,14,28,50. ,05,00030
3000001,1,2011,03,15,15,56,36. ,13,00072
3000001,2,2011,03,15,16,03,52. ,19,00165
3000001,1,2011,03,15,17,56,44. ,06,00047
3000001,1,2011,03,15,18,41,17. ,09,00043
3000001,1,2011,03,15,18,50,40. ,12,00019
3000001,1,2011,03,15,19,31,42. ,07,00026
3000001,1,2011,03,15,20,07,07. ,07,00026
3000001,2,2011,03,15,22,10,59. ,16,00133
3000001,2,2011,03,15,22,28,30. ,19,00091
3000001,2,2011,03,15,22,32,30. ,15,00036
3000001,1,2011,03,15,22,38,30. ,08,00035
3000001,1,2011,03,16,00,07,00. ,10,00056
3000001,1,2011,03,16,00,54,07. ,09,00060
3000001,1,2011,03,16,01,23,08. ,07,00048
3000001,1,2011,03,16,01,28,28. ,11,00091
3000001,1,2011,03,16,02,52,08. ,08,00042
3000001,1,2011,03,16,03,19,53. ,11,00093
3000001,1,2011,03,16,04,02,25. ,09,00028
3000001,1,2011,03,16,04,53,54. ,09,00036
3000001,1,2011,03,16,05,30,40. ,08,00016
3000001,1,2011,03,16,05,53,55. ,09,00052
3000001,2,2011,03,16,06,04,56. ,15,00053
3000001,1,2011,03,16,08,21,03. ,09,00087
3000001,1,2011,03,16,08,39,29. ,07,00044
3000001,1,2011,03,16,08,40,20. ,05,00033
3000001,1,2011,03,16,08,58,22. ,10,00044
3000001,2,2011,03,16,09,22,42. ,17,00191
3000001,2,2011,03,16,10,08,18. ,18,00196
3000001,1,2011,03,16,11,06,31. ,09,00089
3000001,4,2011,03,16,12,52,16. ,42,01222
3000001,2,2011,03,16,12,53,10. ,19,00075
3000001,2,2011,03,16,13,14,54. ,22,00197
3000001,1,2011,03,16,13,17,50. ,12,00067
3000001,1,2011,03,16,14,16,16. ,05,00039
3000001,2,2011,03,16,17,49,24. ,23,00340
3000001,1,2011,03,16,18,15,46. ,07,00038
3000001,1,2011,03,16,19,36,15. ,09,00064
3000001,2,2011,03,16,20,20,17. ,18,00101
3000001,1,2011,03,16,20,45,39. ,07,00026
3000001,1,2011,03,16,21,14,24. ,06,00055
3000001,1,2011,03,16,22,34,09. ,05,00045
3000001,3,2011,03,16,22,39,14. ,25,00126
3000001,1,2011,03,16,22,54,30. ,07,00041
3000001,1,2011,03,16,23,14,27. ,13,00101
3000001,1,2011,03,16,23,18,00. ,10,00043
3000001,1,2011,03,16,23,47,07. ,08,00030
3000001,1,2011,03,17,02,19,52. ,05,00017
3000001,1,2011,03,17,03,56,43. ,07,00043
3000001,2,2011,03,17,07,05,12. ,18,00126
3000001,1,2011,03,17,09,46,06. ,13,00086
3000001,1,2011,03,17,15,25,07. ,08,00032
3000001,1,2011,03,17,15,37,04. ,08,00048
3000001,2,2011,03,17,17,25,45. ,15,00060
3000001,1,2011,03,17,21,00,45. ,08,00067
3000001,1,2011,03,17,21,19,21. ,06,00048
3000001,2,2011,03,17,21,32,19. ,18,00082
3000001,1,2011,03,17,21,33,10. ,13,00038
3000001,1,2011,03,17,21,36,10. ,06,00033
3000001,1,2011,03,17,21,37,10. ,06,00035
3000001,3,2011,03,17,21,55,09. ,30,00396
3000001,1,2011,03,17,22,47,21. ,06,00048
3000001,1,2011,03,17,22,59,00. ,06,00032
3000001,1,2011,03,18,00,42,15. ,10,00059
3000001,1,2011,03,18,00,52,04. ,09,00040
3000001,1,2011,03,18,01,01,20. ,05,00018
3000001,1,2011,03,18,01,44,51. ,08,00037
3000001,1,2011,03,18,03,26,33. ,06,00036
3000001,1,2011,03,18,03,38,27. ,10,00061
3000001,1,2011,03,18,03,56,20. ,10,00025
3000001,1,2011,03,18,06,06,48. ,12,00063
3000001,1,2011,03,18,06,18,35. ,13,00078
3000001,1,2011,03,18,08,02,07. ,06,00032
3000001,2,2011,03,18,09,41,42. ,18,00067
3000001,1,2011,03,18,09,52,32. ,07,00028
3000001,1,2011,03,18,10,50,32. ,08,00048
3000001,1,2011,03,18,11,48,12. ,08,00036
3000001,2,2011,03,18,17,01,50. ,19,00075
3000001,1,2011,03,18,17,27,24. ,13,00050
3000001,1,2011,03,18,21,34,06. ,06,00042
3000001,1,2011,03,18,23,10,42. ,08,00034
3000001,1,2011,03,19,01,04,30. ,09,00053
3000001,1,2011,03,19,04,53,37. ,09,00045
3000001,1,2011,03,19,05,33,07. ,09,00046
3000001,1,2011,03,19,06,19,06. ,13,00071
3000001,1,2011,03,19,06,58,10. ,09,00077
3000001,1,2011,03,19,07,11,13. ,08,00065
3000001,1,2011,03,19,08,20,22. ,05,00017
3000001,1,2011,03,19,08,34,26. ,09,00029
3000001,2,2011,03,19,08,49,35. ,20,00198
3000001,1,2011,03,19,08,50,30. ,12,00020
3000001,1,2011,03,19,09,57,26. ,11,00075
3000001,1,2011,03,19,13,22,33. ,08,00053
3000001,1,2011,03,19,15,43,18. ,14,00076
3000001,4,2011,03,19,18,56,30. ,42,01917
3000001,1,2011,03,19,19,26,22. ,06,00056
3000001,1,2011,03,19,22,39,24. ,07,00085
3000001,1,2011,03,20,01,29,42. ,12,00114
3000001,2,2011,03,20,01,38,25. ,16,00077
3000001,1,2011,03,20,05,06,38. ,09,00052
3000001,1,2011,03,20,05,49,05. ,06,00046
3000001,1,2011,03,20,10,25,18. ,05,00024
3000001,2,2011,03,20,10,31,00. ,20,00172
3000001,1,2011,03,20,12,05,04. ,10,00071
3000001,1,2011,03,20,14,20,15. ,07,00043
3000001,1,2011,03,20,14,55,58. ,13,00061
3000001,1,2011,03,20,16,56,58. ,06,00019
3000001,1,2011,03,20,17,02,06. ,08,00098
3000001,1,2011,03,20,19,59,38. ,14,00092
3000001,1,2011,03,20,21,44,04. ,05,00034
3000001,1,2011,03,20,23,49,25. ,07,00016
3000001,1,2011,03,21,01,27,56. ,07,00041
3000001,1,2011,03,21,04,54,38. ,14,00115
3000001,1,2011,03,21,05,05,46. ,14,00098
3000001,1,2011,03,21,05,18,32. ,06,00018
3000001,2,2011,03,21,05,44,40. ,15,00128
3000001,1,2011,03,21,08,43,34. ,05,00033
3000001,2,2011,03,21,14,08,22. ,19,00144
3000001,1,2011,03,21,17,06,39. ,08,00033
3000001,1,2011,03,21,18,21,09. ,08,00049
3000001,1,2011,03,21,19,55,16. ,13,00053
3000001,2,2011,03,21,22,49,33. ,17,00137
3000001,1,2011,03,21,23,53,59. ,12,00065
3000001,1,2011,03,22,03,23,46. ,08,00055
3000001,1,2011,03,22,04,26,56. ,14,00103
3000001,1,2011,03,22,04,32,10. ,06,00030
3000001,1,2011,03,22,05,16,03. ,08,00064
3000001,1,2011,03,22,06,24,13. ,08,00050
3000001,1,2011,03,22,09,33,22. ,11,00082
3000001,1,2011,03,22,10,14,07. ,10,00037
3000001,2,2011,03,22,10,20,01. ,17,00179
3000001,2,2011,03,22,12,39,00. ,16,00033
3000001,1,2011,03,22,13,25,46. ,14,00148
3000001,1,2011,03,22,14,59,58. ,09,00035
3000001,2,2011,03,22,16,19,35. ,19,00099
3000001,2,2011,03,22,17,33,23. ,17,00141
3000001,3,2011,03,22,18,19,31. ,27,00288
3000001,1,2011,03,22,18,46,38. ,06,00035
3000001,1,2011,03,22,19,13,41. ,09,00074
3000001,1,2011,03,22,20,09,28. ,05,00031
3000001,2,2011,03,22,21,04,24. ,22,00107
3000001,1,2011,03,22,21,57,29. ,11,00072
3000001,2,2011,03,22,22,51,13. ,21,00088
3000001,2,2011,03,23,00,03,15. ,16,00191
3000001,2,2011,03,23,00,24,30. ,19,00097
3000001,1,2011,03,23,01,06,17. ,08,00019
3000001,2,2011,03,23,01,12,30. ,15,00056
3000001,1,2011,03,23,04,10,18. ,12,00040
3000001,3,2011,03,23,07,12,44. ,28,00462
3000001,3,2011,03,23,07,35,11. ,30,00421
3000001,3,2011,03,23,07,36,10. ,33,00600
3000001,1,2011,03,23,07,53,43. ,10,00038
3000001,1,2011,03,23,08,04,07. ,11,00057
3000001,2,2011,03,23,13,40,27. ,15,00122
3000001,1,2011,03,23,16,16,44. ,08,00058
3000001,1,2011,03,23,18,09,12. ,05,00030
3000001,1,2011,03,23,18,55,36. ,11,00076
3000001,2,2011,03,23,19,43,52. ,15,00091
3000001,1,2011,03,23,22,19,28. ,09,00064
3000001,1,2011,03,24,01,54,34. ,13,00069
3000001,1,2011,03,24,05,29,01. ,06,00025
3000001,3,2011,03,24,05,33,06. ,29,00671
3000001,2,2011,03,24,05,43,26. ,22,00147
3000001,3,2011,03,24,08,57,00. ,29,00545
3000001,1,2011,03,24,10,35,27. ,07,00062
3000001,1,2011,03,24,14,03,46. ,14,00156
3000001,1,2011,03,24,16,04,13. ,12,00040
3000001,1,2011,03,24,17,16,59. ,08,00066
3000001,2,2011,03,24,17,21,50. ,18,00105
3000001,1,2011,03,24,22,19,51. ,06,00042
3000001,2,2011,03,25,02,08,39. ,17,00130
3000001,1,2011,03,25,03,14,09. ,14,00090
3000001,1,2011,03,25,03,17,01. ,13,00074
3000001,1,2011,03,25,08,12,28. ,07,00041
3000001,2,2011,03,25,20,38,00. ,16,00048
3000001,1,2011,03,26,00,46,17. ,14,00101
3000001,2,2011,03,26,01,10,36. ,17,00171
3000001,1,2011,03,26,05,52,25. ,11,00060
3000001,1,2011,03,26,08,03,43. ,08,00069
3000001,1,2011,03,26,14,02,42. ,09,00070
3000001,2,2011,03,26,16,19,42. ,17,00111
3000001,2,2011,03,26,16,52,43. ,15,00094
3000001,2,2011,03,26,16,56,42. ,16,00110
3000001,1,2011,03,26,19,19,33. ,11,00040
3000001,1,2011,03,26,19,24,22. ,05,00027
3000001,2,2011,03,26,19,30,14. ,19,00155
3000001,1,2011,03,26,19,42,42. ,11,00038
3000001,1,2011,03,26,19,54,42. ,11,00073
3000001,1,2011,03,26,23,04,48. ,06,00048
3000001,2,2011,03,26,23,11,07. ,15,00145
3000001,2,2011,03,26,23,19,15. ,16,00117
3000001,2,2011,03,27,01,07,02. ,18,00112
3000001,1,2011,03,27,02,32,32. ,05,00024
3000001,1,2011,03,27,04,22,38. ,05,00017
3000001,2,2011,03,27,05,30,28. ,15,00163
3000001,1,2011,03,27,12,38,02. ,14,00133
3000001,1,2011,03,27,14,32,46. ,13,00091
3000001,1,2011,03,27,18,49,16. ,09,00048
3000001,1,2011,03,27,20,08,58. ,05,00023
3000001,2,2011,03,28,06,11,58. ,23,00302
3000001,2,2011,03,28,07,24,38. ,22,00135
3000001,1,2011,03,28,07,58,18. ,06,00036
3000001,1,2011,03,28,10,52,19. ,08,00043
3000001,1,2011,03,28,11,41,04. ,09,00060
3000001,1,2011,03,28,11,55,33. ,06,00054
3000001,1,2011,03,28,14,45,17. ,11,00029
3000001,1,2011,03,28,17,11,31. ,05,00051
3000001,1,2011,03,28,17,47,26. ,07,00065
3000001,1,2011,03,28,20,08,20. ,06,00044
3000001,1,2011,03,29,03,22,48. ,06,00047
3000001,1,2011,03,29,05,01,57. ,05,00031
3000001,1,2011,03,29,16,05,30. ,08,00040
3000001,2,2011,03,29,19,55,07. ,20,00084
3000001,1,2011,03,29,20,14,13. ,08,00080
3000001,1,2011,03,29,21,10,45. ,08,00076
3000001,2,2011,03,29,21,25,03. ,15,00117
3000001,1,2011,03,30,02,46,02. ,13,00096
3000001,1,2011,03,30,06,04,25. ,12,00104
3000001,1,2011,03,30,07,23,48. ,06,00028
3000001,1,2011,03,30,13,33,37. ,07,00066
3000001,1,2011,03,30,15,58,10. ,12,00119
3000001,1,2011,03,30,17,52,53. ,14,00088
3000001,1,2011,03,30,21,52,06. ,10,00025
3000001,3,2011,03,30,22,19,16. ,29,00640
3000001,1,2011,03,30,23,45,46. ,09,00038
3000001,1,2011,03,31,05,33,40. ,10,00044
3000001,1,2011,03,31,07,30,24. ,05,00040
3000001,1,2011,03,31,08,40,10. ,08,00060
3000001,1,2011,03,31,13,40,24. ,10,00067
3000001,1,2011,03,31,16,16,38. ,10,00029
3000001,1,2011,04,01,10,01,14. ,05,00048
3000001,1,2011,04,01,13,51,53. ,06,00061
3000001,1,2011,04,01,17,34,52. ,10,00088
3000001,1,2011,04,01,20,59,26. ,06,00017
3000001,1,2011,04,01,21,15,46. ,05,00015
3000001,1,2011,04,01,21,46,49. ,06,00057
3000001,1,2011,04,01,23,44,52. ,13,00053
3000001,1,2011,04,01,23,59,26. ,13,00081
3000001,1,2011,04,02,00,36,35. ,06,00101
3000001,1,2011,04,02,13,09,11. ,09,00033
3000001,2,2011,04,02,14,08,13. ,15,00115
3000001,3,2011,04,02,16,56,05. ,33,00864
3000001,1,2011,04,02,18,05,20. ,13,00101
3000001,1,2011,04,02,19,23,04. ,11,00074
3000001,1,2011,04,02,21,25,40. ,06,00027
3000001,1,2011,04,02,23,38,24. ,13,00076
3000001,2,2011,04,03,11,49,40. ,23,00407
3000001,2,2011,04,03,16,39,11. ,16,00115
3000001,1,2011,04,03,20,57,29. ,07,00055
3000001,1,2011,04,03,21,58,04. ,08,00042
3000001,1,2011,04,04,13,43,58. ,08,00041
3000001,1,2011,04,04,19,34,42. ,08,00065
3000001,2,2011,04,04,20,46,35. ,16,00137
3000001,1,2011,04,05,04,50,10. ,11,00079
3000001,3,2011,04,05,05,44,06. ,25,00388
3000001,1,2011,04,05,06,37,08. ,07,00054
3000001,2,2011,04,05,13,32,40. ,17,00174
3000001,2,2011,04,05,18,08,58. ,20,00225
3000001,1,2011,04,05,23,41,57. ,06,00033
3000001,2,2011,04,06,06,24,10. ,17,00161
3000001,1,2011,04,06,07,02,57. ,05,00028
3000001,1,2011,04,06,13,39,59. ,10,00091
3000001,1,2011,04,06,19,09,36. ,08,00060
3000001,2,2011,04,06,21,56,58. ,21,00346
3000001,2,2011,04,06,22,55,17. ,17,00105
3000001,1,2011,04,07,07,17,01. ,09,00103
3000001,3,2011,04,07,11,40,57. ,29,00628
3000001,1,2011,04,07,22,46,38. ,05,00024
3000001,4,2011,04,07,23,33,19. ,37,00956
3000001,1,2011,04,08,03,52,26. ,05,00021
3000001,1,2011,04,08,04,46,23. ,05,00055
3000001,1,2011,04,08,05,47,29. ,12,00075
3000001,2,2011,04,08,11,57,34. ,16,00095
3000001,1,2011,04,08,12,00,30. ,05,00047
3000001,1,2011,04,08,19,33,36. ,08,00061
3000001,1,2011,04,09,00,39,57. ,13,00087
3000001,1,2011,04,09,03,57,07. ,13,00087
3000001,1,2011,04,09,10,26,08. ,05,00018
3000001,1,2011,04,09,11,38,14. ,06,00043
3000001,2,2011,04,09,12,33,07. ,20,00183
3000001,1,2011,04,09,16,28,50. ,11,00069
3000001,2,2011,04,09,17,02,29. ,23,00416
3000001,1,2011,04,09,17,53,43. ,05,00036
3000001,1,2011,04,09,18,01,56. ,07,00053
3000001,1,2011,04,09,18,42,55. ,12,00057
3000001,1,2011,04,10,06,23,22. ,06,00029
3000001,1,2011,04,10,09,50,56. ,14,00114
3000001,1,2011,04,10,11,01,40. ,11,00089
3000001,1,2011,04,10,13,12,43. ,11,00063
3000001,1,2011,04,10,16,52,25. ,06,00050
3000001,1,2011,04,10,23,55,27. ,05,00025
3000001,1,2011,04,11,01,34,13. ,13,00073
3000001,1,2011,04,11,02,45,16. ,14,00083
3000001,1,2011,04,11,05,20,07. ,14,00107
3000001,3,2011,04,11,06,36,08. ,30,00649
3000001,1,2011,04,11,11,00,43. ,08,00054
3000001,2,2011,04,11,13,52,07. ,16,00123
3000001,4,2011,04,11,17,16,24. ,44,02252
3000001,3,2011,04,11,17,18,20. ,27,00404
3000001,2,2011,04,11,17,19,20. ,19,00120
3000001,1,2011,04,11,17,20,20. ,11,00073
3000001,1,2011,04,11,17,24,20. ,09,00062
3000001,2,2011,04,11,17,26,20. ,22,00197
3000001,1,2011,04,11,17,27,20. ,10,00035
3000001,1,2011,04,11,17,33,20. ,06,00047
3000001,2,2011,04,11,17,34,20. ,16,00085
3000001,1,2011,04,11,17,36,20. ,09,00045
3000001,1,2011,04,11,17,37,20. ,11,00078
3000001,1,2011,04,11,17,39,50. ,05,00028
3000001,1,2011,04,11,17,44,09. ,05,00033
3000001,2,2011,04,11,17,46,00. ,18,00140
3000001,2,2011,04,11,17,51,14. ,15,00123
3000001,1,2011,04,11,17,55,30. ,06,00041
3000001,2,2011,04,11,17,58,30. ,23,00217
3000001,2,2011,04,11,17,59,30. ,17,00094
3000001,1,2011,04,11,18,04,11. ,06,00037
3000001,3,2011,04,11,18,05,10. ,27,00372
3000001,1,2011,04,11,18,12,00. ,06,00050
3000001,2,2011,04,11,18,13,00. ,17,00124
3000001,1,2011,04,11,18,23,37. ,08,00051
3000001,1,2011,04,11,18,30,45. ,14,00081
3000001,1,2011,04,11,18,31,40. ,07,00036
3000001,2,2011,04,11,18,36,40. ,19,00173
3000001,1,2011,04,11,18,47,01. ,08,00058
3000001,1,2011,04,11,18,48,00. ,11,00065
3000001,1,2011,04,11,18,55,16. ,05,00043
3000001,2,2011,04,11,19,00,16. ,17,00118
3000001,2,2011,04,11,19,06,20. ,16,00072
3000001,1,2011,04,11,19,10,24. ,07,00054
3000001,1,2011,04,11,19,19,14. ,05,00030
3000001,1,2011,04,11,19,26,10. ,12,00074
3000001,1,2011,04,11,19,29,01. ,09,00042
3000001,1,2011,04,11,19,31,21. ,13,00087
3000001,1,2011,04,11,19,35,02. ,05,00031
3000001,1,2011,04,11,19,50,39. ,05,00035
3000001,1,2011,04,11,20,00,37. ,14,00095
3000001,1,2011,04,11,20,12,53. ,10,00058
3000001,2,2011,04,11,20,27,44. ,15,00084
3000001,3,2011,04,11,20,42,47. ,33,00846
3000001,1,2011,04,11,21,06,29. ,09,00045
3000001,1,2011,04,11,21,47,35. ,06,00036
3000001,1,2011,04,11,21,59,59. ,06,00037
3000001,2,2011,04,11,22,05,53. ,22,00199
3000001,1,2011,04,11,22,21,24. ,09,00072
3000001,1,2011,04,11,23,00,03. ,05,00032
3000001,1,2011,04,11,23,02,17. ,10,00057
3000001,1,2011,04,11,23,07,19. ,06,00048
3000001,1,2011,04,11,23,09,10. ,10,00055
3000001,1,2011,04,12,00,21,49. ,14,00082
3000001,1,2011,04,12,00,43,26. ,13,00099
3000001,2,2011,04,12,00,58,11. ,17,00095
3000001,1,2011,04,12,01,49,33. ,07,00042
3000001,1,2011,04,12,02,18,18. ,11,00084
3000001,1,2011,04,12,02,21,13. ,10,00063
3000001,1,2011,04,12,03,27,24. ,08,00042
3000001,1,2011,04,12,04,44,08. ,06,00027
3000001,1,2011,04,12,05,03,56. ,12,00061
3000001,1,2011,04,12,05,27,35. ,08,00060
3000001,1,2011,04,12,06,18,37. ,07,00032
3000001,1,2011,04,12,07,03,31. ,11,00064
3000001,1,2011,04,12,07,27,08. ,05,00025
3000001,1,2011,04,12,08,03,27. ,08,00044
3000001,3,2011,04,12,08,08,35. ,30,00380
3000001,2,2011,04,12,08,48,28. ,16,00172
3000001,1,2011,04,12,09,09,43. ,09,00058
3000001,1,2011,04,12,09,47,01. ,06,00039
3000001,1,2011,04,12,13,33,08. ,05,00042
3000001,4,2011,04,12,14,07,56. ,39,01340
3000001,1,2011,04,12,14,10,50. ,07,00040
3000001,1,2011,04,12,14,14,54. ,11,00077
3000001,2,2011,04,12,14,26,47. ,20,00134
3000001,1,2011,04,12,16,47,32. ,09,00051
3000001,2,2011,04,12,17,48,39. ,21,00185
3000001,2,2011,04,12,19,15,51. ,18,00188
3000001,1,2011,04,12,20,47,17. ,06,00050
3000001,1,2011,04,13,03,04,21. ,09,00086
3000001,1,2011,04,13,03,48,08. ,11,00077
3000001,1,2011,04,13,04,02,28. ,10,00062
3000001,1,2011,04,13,06,08,03. ,05,00038
3000001,1,2011,04,13,06,52,29. ,05,00030
3000001,1,2011,04,13,07,36,03. ,12,00084
3000001,1,2011,04,13,08,36,40. ,12,00053
3000001,3,2011,04,13,10,08,10. ,30,00422
3000001,1,2011,04,13,12,17,12. ,10,00069
3000001,1,2011,04,13,14,52,37. ,08,00062
3000001,1,2011,04,14,03,57,18. ,09,00064
3000001,2,2011,04,14,06,43,19. ,15,00125
3000001,3,2011,04,14,07,35,58. ,29,00749
3000001,1,2011,04,14,11,24,22. ,11,00061
3000001,3,2011,04,14,12,09,11. ,28,00296
3000001,1,2011,04,14,17,47,46. ,08,00025
3000001,1,2011,04,14,20,02,38. ,09,00069
3000001,1,2011,04,14,20,24,49. ,09,00045
3000001,1,2011,04,14,20,47,05. ,07,00039
3000001,1,2011,04,15,11,59,07. ,10,00065
3000001,4,2011,04,16,11,19,45. ,35,00699
3000001,1,2011,04,16,18,35,24. ,08,00053
3000001,1,2011,04,16,20,32,54. ,08,00044
3000001,1,2011,04,17,05,19,33. ,13,00055
3000001,2,2011,04,17,05,21,44. ,23,00227
3000001,2,2011,04,17,13,23,31. ,17,00252
3000001,1,2011,04,17,13,39,12. ,07,00048
3000001,1,2011,04,17,14,39,01. ,12,00073
3000001,1,2011,04,17,15,49,34. ,07,00049
3000001,1,2011,04,17,21,51,57. ,14,00093
3000001,1,2011,04,17,23,47,19. ,06,00035
3000001,1,2011,04,18,00,47,47. ,12,00054
3000001,1,2011,04,18,01,56,57. ,10,00058
3000001,1,2011,04,18,03,09,07. ,05,00033
3000001,1,2011,04,18,05,20,49. ,06,00041
3000001,1,2011,04,18,11,08,29. ,08,00046
3000001,1,2011,04,18,14,11,52. ,06,00048
3000001,1,2011,04,18,16,21,21. ,07,00038
3000001,1,2011,04,18,17,02,20. ,06,00039
3000001,1,2011,04,18,17,44,49. ,09,00055
3000001,1,2011,04,19,06,34,08. ,11,00046
3000001,1,2011,04,19,13,00,02. ,06,00038
3000001,1,2011,04,19,15,53,47. ,07,00046
3000001,1,2011,04,19,21,34,42. ,06,00041
3000001,3,2011,04,19,23,10,32. ,33,00879
3000001,1,2011,04,19,23,29,47. ,05,00034
3000001,1,2011,04,19,23,47,21. ,06,00031
3000001,1,2011,04,20,04,29,45. ,06,00037
3000001,2,2011,04,20,06,38,10. ,19,00228
3000001,2,2011,04,20,09,51,03. ,16,00122
3000001,1,2011,04,20,16,52,36. ,06,00023
3000001,2,2011,04,20,17,30,38. ,15,00129
3000001,2,2011,04,21,00,29,56. ,24,00613
3000001,1,2011,04,21,05,32,39. ,08,00078
3000001,1,2011,04,21,05,52,12. ,05,00022
3000001,1,2011,04,21,09,40,24. ,05,00040
3000001,1,2011,04,21,17,19,10. ,06,00028
3000001,3,2011,04,21,22,37,19. ,28,00191
3000001,2,2011,04,22,01,11,41. ,23,00273
3000001,2,2011,04,22,01,15,40. ,16,00126
3000001,1,2011,04,22,05,28,59. ,07,00038
3000001,2,2011,04,22,10,17,40. ,24,00527
3000001,1,2011,04,22,12,18,04. ,07,00041
3000001,2,2011,04,23,00,25,34. ,15,00074
3000001,1,2011,04,23,08,03,09. ,06,00041
3000001,2,2011,04,23,08,15,34. ,16,00077
3000001,1,2011,04,23,19,14,30. ,12,00062
3000001,2,2011,04,23,23,31,38. ,19,00196
3000001,1,2011,04,24,12,25,23. ,12,00091
3000001,1,2011,04,24,19,10,06. ,12,00091
3000001,1,2011,04,24,20,03,51. ,06,00047
3000001,1,2011,04,25,15,41,51. ,05,00018
3000001,3,2011,04,25,18,00,30. ,28,00394
3000001,1,2011,04,25,19,22,49. ,10,00049
3000001,1,2011,04,25,23,51,27. ,08,00047
3000001,1,2011,04,26,00,13,31. ,07,00040
3000001,1,2011,04,26,05,11,46. ,07,00038
3000001,1,2011,04,26,06,14,53. ,06,00016
3000001,1,2011,04,26,08,25,02. ,12,00098
3000001,2,2011,04,26,10,07,57. ,15,00150
3000001,1,2011,04,26,11,26,04. ,07,00048
3000001,1,2011,04,26,11,27,00. ,09,00063
3000001,1,2011,04,26,13,02,14. ,09,00033
3000001,1,2011,04,26,17,25,04. ,07,00056
3000001,3,2011,04,26,21,12,12. ,26,00367
3000001,1,2011,04,26,22,13,19. ,05,00045
3000001,1,2011,04,27,02,17,46. ,09,00076
3000001,1,2011,04,27,03,18,36. ,05,00040
3000001,1,2011,04,27,09,56,06. ,06,00032
3000001,1,2011,04,27,15,15,48. ,06,00038
3000001,1,2011,04,27,21,28,01. ,06,00045
3000001,2,2011,04,28,18,28,12. ,22,00189
3000001,1,2011,04,28,21,39,57. ,07,00049
3000001,1,2011,04,29,17,29,19. ,07,00053
3000001,1,2011,04,29,23,33,42. ,08,00057
3000001,1,2011,04,30,02,04,32. ,10,00046
3000001,1,2011,04,30,05,21,21. ,06,00044
3000001,1,2011,04,30,06,11,48. ,12,00078
3000001,2,2011,04,30,14,06,47. ,20,00154
3000001,1,2011,04,30,14,30,08. ,06,00035
3000001,1,2011,04,30,14,47,19. ,11,00062
3000001,1,2011,04,30,15,04,37. ,14,00055
3000001,1,2011,04,30,17,18,36. ,08,00056
3000001,1,2011,04,30,21,58,06. ,06,00046
3000001,3,2011,05,01,02,12,06. ,25,00294
3000001,2,2011,05,01,08,08,23. ,16,00133
3000001,1,2011,05,01,08,24,32. ,08,00038
3000001,1,2011,05,01,10,27,58. ,07,00030
3000001,1,2011,05,01,10,45,34. ,07,00043
3000001,1,2011,05,01,11,49,06. ,14,00146
3000001,1,2011,05,01,16,04,42. ,07,00040
3000001,2,2011,05,01,18,36,40. ,18,00268
3000001,1,2011,05,01,19,22,55. ,08,00029
3000001,1,2011,05,02,09,38,53. ,05,00040
3000001,1,2011,05,02,09,49,16. ,12,00099
3000001,1,2011,05,02,15,44,30. ,12,00088
3000001,1,2011,05,02,16,55,26. ,11,00084
3000001,1,2011,05,03,05,02,00. ,08,00040
3000001,1,2011,05,03,11,13,39. ,10,00072
3000001,2,2011,05,03,22,57,28. ,15,00107
3000001,1,2011,05,04,03,40,20. ,05,00037
3000001,1,2011,05,04,06,28,16. ,08,00071
3000001,1,2011,05,04,17,47,20. ,14,00138
3000001,1,2011,05,04,20,43,30. ,10,00041
3000001,1,2011,05,05,00,09,14. ,12,00093
3000001,1,2011,05,05,19,20,57. ,14,00094
3000001,1,2011,05,05,23,59,13. ,09,00049
3000001,2,2011,05,06,02,04,43. ,18,00116
3000001,1,2011,05,06,07,37,10. ,09,00053
3000001,1,2011,05,06,07,47,11. ,09,00058
3000001,1,2011,05,07,13,35,39. ,08,00021
3000001,1,2011,05,07,20,25,04. ,11,00058
3000001,1,2011,05,08,02,17,22. ,08,00073
3000001,1,2011,05,08,05,54,35. ,06,00012
3000001,1,2011,05,08,07,11,28. ,06,00034
3000001,1,2011,05,08,09,23,16. ,07,00050
3000001,1,2011,05,08,13,54,00. ,09,00062
3000001,1,2011,05,08,19,43,28. ,11,00064
3000001,1,2011,05,09,00,20,59. ,08,00055
3000001,2,2011,05,09,06,28,41. ,15,00111
3000001,2,2011,05,09,19,53,30. ,15,00120
3000001,2,2011,05,09,21,08,28. ,15,00107
3000001,1,2011,05,10,05,16,40. ,06,00031
3000001,1,2011,05,10,08,38,30. ,13,00095
3000001,1,2011,05,10,08,52,53. ,11,00066
3000001,1,2011,05,10,19,15,00. ,13,00047
3000001,1,2011,05,11,04,22,41. ,08,00045
3000001,2,2011,05,11,05,24,31. ,16,00085
3000001,1,2011,05,12,10,47,37. ,09,00072
3000001,2,2011,05,13,00,26,26. ,18,00179
3000001,1,2011,05,13,07,36,15. ,06,00053
3000001,1,2011,05,13,08,36,05. ,09,00087
3000001,1,2011,05,14,01,28,11. ,09,00057
3000001,2,2011,05,14,06,49,39. ,20,00153
3000001,2,2011,05,14,08,36,15. ,21,00155
3000001,1,2011,05,15,00,02,10. ,08,00041
3000001,1,2011,05,15,08,51,23. ,08,00044
3000001,1,2011,05,15,21,15,07. ,10,00061
3000001,1,2011,05,17,00,53,53. ,11,00059
3000001,2,2011,05,17,22,41,09. ,17,00203
3000001,1,2011,05,18,04,34,42. ,06,00041
3000001,1,2011,05,18,16,24,20. ,06,00037
3000001,2,2011,05,18,20,48,39. ,15,00131
3000001,1,2011,05,18,22,32,55. ,05,00028
3000001,1,2011,05,19,18,58,37. ,10,00125
3000001,1,2011,05,19,21,12,32. ,08,00036
3000001,3,2011,05,20,09,46,32. ,25,00189
3000001,2,2011,05,20,16,29,09. ,18,00166
3000001,2,2011,05,20,17,53,16. ,18,00151
3000001,1,2011,05,20,20,16,15. ,14,00122
3000001,1,2011,05,21,19,25,14. ,05,00034
3000001,1,2011,05,22,00,03,21. ,13,00139
3000001,1,2011,05,22,02,37,16. ,08,00037
3000001,2,2011,05,22,07,06,42. ,22,00111
3000001,1,2011,05,24,05,49,36. ,10,00087
3000001,1,2011,05,24,19,18,30. ,10,00054
3000001,2,2011,05,24,20,49,32. ,24,00349
3000001,1,2011,05,25,05,36,25. ,14,00062
3000001,1,2011,05,25,08,03,19. ,05,00028
3000001,2,2011,05,25,09,19,29. ,15,00111
3000001,2,2011,05,26,19,56,44. ,24,00245
3000001,1,2011,05,26,20,12,58. ,11,00083
3000001,1,2011,05,27,12,34,31. ,14,00070
3000001,2,2011,05,27,17,04,22. ,17,00153
3000001,1,2011,05,27,23,39,40. ,11,00054
3000001,1,2011,05,28,00,03,01. ,05,00023
3000001,1,2011,05,28,10,57,38. ,09,00045
3000001,3,2011,05,28,11,14,09. ,31,00956
3000001,1,2011,05,29,13,23,45. ,09,00068
3000001,1,2011,05,29,18,49,29. ,10,00078
3000001,2,2011,05,31,04,36,45. ,18,00106
3000001,1,2011,05,31,05,39,30. ,08,00072
3000001,2,2011,05,31,16,50,24. ,18,00177
3000001,1,2011,06,01,08,20,08. ,09,00052
3000001,1,2011,06,02,10,28,34. ,08,00059
3000001,1,2011,06,02,14,48,03. ,08,00047
3000001,1,2011,06,03,09,05,48. ,13,00068
3000001,1,2011,06,03,10,33,42. ,09,00040
3000001,3,2011,06,04,01,00,31. ,26,00495
3000001,1,2011,06,04,12,00,26. ,05,00032
3000001,1,2011,06,05,06,14,23. ,10,00051
3000001,1,2011,06,05,20,16,54. ,07,00041
3000001,3,2011,06,09,19,38,42. ,26,00330
3000001,1,2011,06,10,05,51,42. ,08,00023
3000001,1,2011,06,10,17,18,39. ,11,00070
3000001,1,2011,06,11,07,36,48. ,08,00037
3000001,1,2011,06,11,15,19,08. ,14,00082
3000001,1,2011,06,11,15,34,10. ,10,00058
3000001,1,2011,06,12,05,09,23. ,05,00031
3000001,1,2011,06,12,09,38,10. ,09,00048
3000001,2,2011,06,12,17,09,57. ,20,00205
3000001,1,2011,06,12,21,58,14. ,10,00029
3000001,1,2011,06,13,03,31,30. ,08,00039
3000001,1,2011,06,14,22,07,38. ,12,00050
3000001,1,2011,06,16,00,56,53. ,05,00036
3000001,1,2011,06,16,18,43,07. ,08,00094
3000001,1,2011,06,18,04,22,12. ,08,00051
3000001,1,2011,06,18,13,33,30. ,07,00058
3000001,2,2011,06,18,13,39,19. ,15,00090
3000001,1,2011,06,18,18,13,16. ,06,00042
3000001,2,2011,06,18,20,31,33. ,22,00153
3000001,1,2011,06,20,03,13,20. ,08,00025
3000001,1,2011,06,20,03,58,58. ,06,00049
3000001,1,2011,06,20,10,47,02. ,05,00015
3000001,2,2011,06,21,17,50,00. ,17,00081
3000001,1,2011,06,22,06,16,20. ,10,00027
3000001,2,2011,06,23,03,19,07. ,18,00214
3000001,2,2011,06,23,06,52,50. ,15,00032
3000001,1,2011,06,23,08,34,33. ,12,00080
3000001,1,2011,06,23,10,15,50. ,05,00046
3000001,1,2011,06,23,17,23,10. ,06,00037
3000001,1,2011,06,23,19,35,55. ,09,00035
3000001,1,2011,06,24,10,00,24. ,12,00123
3000001,2,2011,06,24,15,54,45. ,15,00101
3000001,1,2011,06,24,23,47,11. ,08,00046
3000001,1,2011,06,25,00,23,14. ,05,00039
3000001,2,2011,06,25,16,06,14. ,17,00116
3000001,1,2011,06,25,17,02,18. ,07,00038
3000001,1,2011,06,26,06,38,37. ,06,00040
3000001,2,2011,06,28,00,05,02. ,17,00092
3000001,1,2011,06,28,03,23,00. ,08,00059
3000001,1,2011,06,28,16,29,14. ,05,00054
3000001,1,2011,06,30,19,23,19. ,08,00030
3000001,2,2011,07,01,20,04,04. ,17,00101
3000001,1,2011,07,03,11,40,13. ,12,00074
3000001,1,2011,07,04,12,24,47. ,08,00037
3000001,1,2011,07,04,20,00,12. ,06,00038
3000001,1,2011,07,05,16,52,09. ,11,00108
3000001,2,2011,07,07,00,15,21. ,19,00084
3000001,3,2011,07,08,03,36,00. ,28,00565
3000001,3,2011,07,10,09,57,54. ,25,00230
3000001,1,2011,07,10,13,18,24. ,11,00070
3000001,1,2011,07,10,18,55,05. ,06,00059
3000001,1,2011,07,11,00,54,34. ,09,00054
3000001,1,2011,07,13,02,55,10. ,08,00050
3000001,1,2011,07,14,00,44,51. ,06,00049
3000001,1,2011,07,14,13,11,18. ,10,00027
3000001,1,2011,07,15,17,53,43. ,10,00072
3000001,3,2011,07,15,21,01,22. ,25,00297
3000001,1,2011,07,16,06,12,00. ,11,00094
3000001,1,2011,07,16,14,17,59. ,09,00054
3000001,1,2011,07,16,16,05,07. ,08,00062
3000001,2,2011,07,16,17,56,48. ,17,00199
3000001,1,2011,07,16,17,57,40. ,10,00104
3000001,1,2011,07,17,01,27,30. ,08,00055
3000001,1,2011,07,17,09,55,57. ,13,00105
3000001,1,2011,07,19,10,39,28. ,05,00026
3000001,1,2011,07,20,11,00,28. ,09,00058
3000001,1,2011,07,21,23,23,24. ,05,00034
3000001,2,2011,07,22,10,36,28. ,23,00331
3000001,1,2011,07,23,13,35,11. ,13,00047
3000001,1,2011,07,23,23,22,38. ,08,00078
3000001,3,2011,07,25,03,51,52. ,26,00276
3000001,1,2011,07,25,04,16,36. ,10,00055
3000001,1,2011,07,25,20,05,49. ,06,00024
3000001,1,2011,07,25,20,55,24. ,10,00019
3000001,2,2011,07,26,05,35,35. ,17,00128
3000001,1,2011,07,26,22,35,41. ,09,00052
3000001,2,2011,07,27,04,07,23. ,16,00147
3000001,1,2011,07,28,04,28,55. ,10,00044
3000001,1,2011,07,28,05,23,16. ,07,00033
3000001,2,2011,07,29,10,59,23. ,16,00107
3000001,1,2011,07,29,19,59,07. ,12,00097
3000001,2,2011,07,29,23,53,43. ,17,00058
3000001,1,2011,07,30,15,07,16. ,05,00047
3000001,4,2011,07,31,03,54,07. ,39,01379
3000001,1,2011,07,31,04,06,02. ,06,00059
3000001,1,2011,08,01,02,32,33. ,10,00049
3000001,1,2011,08,01,13,29,44. ,11,00039
3000001,1,2011,08,01,23,59,17. ,11,00015
3000001,1,2011,08,02,00,23,35. ,07,00027
3000001,1,2011,08,05,02,45,44. ,08,00030
3000001,1,2011,08,05,20,16,19. ,12,00069
3000001,1,2011,08,06,16,15,25. ,07,00019
3000001,1,2011,08,06,21,38,02. ,06,00036
3000001,1,2011,08,07,08,02,53. ,07,00043
3000001,2,2011,08,07,12,35,10. ,24,00242
3000001,2,2011,08,10,04,35,47. ,17,00089
3000001,2,2011,08,11,10,26,31. ,16,00094
3000001,1,2011,08,11,22,32,21. ,10,00038
3000001,3,2011,08,12,03,22,20. ,32,00545
3000001,1,2011,08,13,23,01,17. ,05,00020
3000001,1,2011,08,14,16,38,39. ,11,00065
3000001,1,2011,08,15,15,27,00. ,14,00098
3000001,1,2011,08,15,16,18,43. ,05,00027
3000001,1,2011,08,16,14,48,22. ,12,00087
3000001,2,2011,08,16,19,16,23. ,16,00102
3000001,2,2011,08,17,09,23,32. ,15,00110
3000001,1,2011,08,17,12,06,02. ,06,00029
3000001,1,2011,08,17,20,44,54. ,11,00059
3000001,1,2011,08,18,01,32,56. ,05,00034
3000001,1,2011,08,18,10,11,37. ,06,00029
3000001,1,2011,08,19,00,39,59. ,14,00138
3000001,1,2011,08,19,04,54,48. ,10,00056
3000001,3,2011,08,19,14,37,01. ,27,00335
3000001,1,2011,08,19,21,11,04. ,10,00070
3000001,1,2011,08,20,14,15,52. ,08,00057
3000001,1,2011,08,20,23,12,33. ,06,00018
3000001,1,2011,08,22,00,37,34. ,10,00047
3000001,1,2011,08,22,06,40,03. ,08,00052
3000001,1,2011,08,22,07,06,05. ,08,00049
3000001,1,2011,08,22,11,21,21. ,13,00101
3000001,1,2011,08,22,17,36,33. ,14,00058
3000001,2,2011,08,22,20,23,53. ,19,00054
3000001,1,2011,08,23,00,26,37. ,06,00039
3000001,1,2011,08,23,03,14,25. ,07,00064
3000001,1,2011,08,23,07,05,08. ,12,00091
3000001,1,2011,08,23,17,27,33. ,09,00075
3000001,1,2011,08,23,20,56,32. ,06,00048
3000001,1,2011,08,25,10,28,26. ,05,00038
3000001,1,2011,08,25,20,20,47. ,13,00123
3000001,1,2011,08,26,21,26,18. ,11,00121
3000001,1,2011,08,27,11,35,33. ,12,00064
3000001,2,2011,08,27,14,05,40. ,17,00133
3000001,1,2011,08,27,23,29,47. ,06,00020
3000001,1,2011,08,28,09,54,24. ,06,00050
3000001,1,2011,08,29,09,54,48. ,05,00033
3000001,1,2011,08,30,03,22,05. ,13,00075
3000001,1,2011,08,31,18,33,14. ,05,00023
3000001,1,2011,09,01,11,50,52. ,11,00076
3000001,1,2011,09,03,12,46,30. ,07,00071
3000001,1,2011,09,03,21,41,18. ,07,00045
3000001,1,2011,09,04,05,53,07. ,11,00069
3000001,1,2011,09,04,23,05,19. ,09,00058
3000001,2,2011,09,05,17,04,33. ,21,00249
3000001,1,2011,09,07,02,55,11. ,11,00047
3000001,1,2011,09,07,03,04,07. ,06,00039
3000001,1,2011,09,07,07,44,14. ,05,00020
3000001,1,2011,09,08,05,48,40. ,07,00047
3000001,1,2011,09,08,17,22,49. ,06,00046
3000001,1,2011,09,08,22,38,40. ,11,00050
3000001,4,2011,09,10,15,00,40. ,36,01142
3000001,2,2011,09,13,02,42,52. ,23,00359
3000001,1,2011,09,13,10,23,02. ,08,00061
3000001,1,2011,09,14,04,21,25. ,10,00061
3000001,3,2011,09,15,17,00,25. ,28,00287
3000001,1,2011,09,16,05,26,38. ,07,00029
3000001,1,2011,09,16,05,36,19. ,08,00024
3000001,1,2011,09,16,11,03,32. ,08,00041
3000001,1,2011,09,17,18,04,58. ,11,00090
3000001,1,2011,09,19,03,32,53. ,10,00061
3000001,1,2011,09,19,18,36,45. ,07,00040
3000001,3,2011,09,21,22,31,05. ,28,00429
3000001,1,2011,09,22,14,46,45. ,05,00027
3000001,1,2011,09,22,19,43,32. ,08,00040
3000001,2,2011,09,23,04,59,41. ,15,00127
3000001,3,2011,09,23,17,16,03. ,25,00350
3000001,1,2011,09,26,07,30,58. ,05,00036
3000001,1,2011,09,26,07,31,50. ,05,00050
3000001,1,2011,09,26,07,43,34. ,07,00052
3000001,1,2011,09,26,22,46,11. ,11,00048
3000001,1,2011,09,27,12,57,06. ,10,00080
3000001,1,2011,09,29,04,18,37. ,09,00043
3000001,2,2011,09,29,19,05,22. ,23,00174
3000001,1,2011,09,30,20,45,49. ,07,00040
3000001,1,2011,10,01,02,20,26. ,06,00021
3000001,1,2011,10,04,20,58,59. ,05,00023
3000001,1,2011,10,04,22,00,34. ,05,00030
3000001,1,2011,10,06,17,39,57. ,05,00033
3000001,1,2011,10,08,01,23,46. ,07,00051
3000001,1,2011,10,09,01,09,01. ,08,00052
3000001,2,2011,10,10,11,46,21. ,23,00233
3000001,1,2011,10,15,11,55,21. ,10,00042
3000001,1,2011,10,19,01,23,16. ,07,00067
3000001,1,2011,10,19,16,05,15. ,12,00068
3000001,1,2011,10,19,22,46,44. ,05,00027
3000001,1,2011,10,20,06,14,07. ,06,00049
3000001,1,2011,10,20,06,21,53. ,14,00078
3000001,2,2011,10,26,02,09,08. ,15,00092
3000001,1,2011,11,02,01,21,56. ,05,00016
3000001,1,2011,11,02,07,55,56. ,08,00061
3000001,2,2011,11,03,19,34,42. ,20,00107
3000001,2,2011,11,04,11,59,31. ,15,00054
3000001,1,2011,11,05,00,45,19. ,07,00065
3000001,1,2011,11,05,18,57,03. ,11,00083
3000001,1,2011,11,09,04,21,15. ,11,00082
3000001,2,2011,11,09,14,24,45. ,21,00195
3000001,1,2011,11,12,00,24,03. ,05,00039
3000001,1,2011,11,14,14,25,18. ,05,00054
3000001,1,2011,11,19,19,07,09. ,06,00040
3000001,1,2011,11,20,04,28,06. ,05,00015
3000001,3,2011,11,20,10,23,48. ,28,00405
3000001,1,2011,11,20,10,25,40. ,14,00095
3000001,1,2011,11,23,03,40,59. ,06,00057
3000001,1,2011,11,23,14,33,48. ,09,00035
3000001,2,2011,11,24,04,24,54. ,21,00191
3000001,1,2011,11,27,13,06,16. ,12,00105
3000001,3,2011,11,28,23,33,17. ,26,00532
3000001,1,2011,12,02,09,51,18. ,06,00031
3000001,1,2011,12,02,17,16,39. ,07,00029
3000001,1,2011,12,03,05,55,53. ,13,00038
3000001,1,2011,12,05,10,01,35. ,12,00041
3000001,2,2011,12,05,12,55,12. ,19,00194
3000001,2,2011,12,08,07,11,52. ,16,00130
3000001,1,2011,12,10,00,23,22. ,13,00093
3000001,2,2011,12,11,20,16,22. ,21,00182
3000001,2,2011,12,12,04,51,20. ,21,00161
3000001,3,2011,12,12,14,13,30. ,26,00280
3000001,1,2011,12,15,07,45,57. ,12,00098
3000001,1,2011,12,16,15,12,14. ,11,00071
3000001,1,2011,12,16,22,05,25. ,06,00062
3000001,1,2011,12,18,18,02,29. ,05,00015
3000001,1,2011,12,19,23,40,13. ,05,00025
3000001,1,2011,12,20,02,23,31. ,10,00056
3000001,2,2011,12,20,02,24,30. ,21,00259
3000001,2,2011,12,22,05,10,46. ,19,00172
3000001,1,2011,12,22,18,40,29. ,06,00050
3000001,2,2011,12,23,23,44,19. ,18,00192
3000001,1,2011,12,24,15,14,51. ,05,00040
3000001,2,2011,12,25,12,37,03. ,17,00206
3000001,1,2011,12,25,22,25,43. ,07,00065
3000001,1,2011,12,26,02,41,51. ,05,00030
3000001,1,2011,12,26,16,16,55. ,06,00043
3000001,1,2011,12,28,21,30,04. ,09,00058
3000001,2,2011,12,31,08,11,15. ,15,00132
3000001,3,2012,01,01,14,30,20. ,30,00259
3000001,1,2012,01,03,03,28,46. ,12,00047
3000001,1,2012,01,05,17,49,05. ,05,00030
3000001,1,2012,01,06,05,55,59. ,08,00033
3000001,1,2012,01,06,19,44,32. ,10,00046
3000001,1,2012,01,07,10,13,06. ,08,00075
3000001,1,2012,01,07,19,43,28. ,10,00054
3000001,1,2012,01,08,23,14,25. ,08,00085
3000001,1,2012,01,09,01,23,48. ,13,00105
3000001,1,2012,01,09,17,50,30. ,10,00042
3000001,1,2012,01,11,21,47,18. ,12,00108
3000001,1,2012,01,12,00,47,39. ,07,00041
3000001,1,2012,01,12,06,41,03. ,05,00053
3000001,2,2012,01,12,10,40,17. ,19,00154
3000001,2,2012,01,12,12,21,06. ,22,00179
3000001,1,2012,01,12,14,38,39. ,06,00018
3000001,1,2012,01,12,18,37,51. ,12,00080
3000001,1,2012,01,13,21,50,13. ,05,00033
3000001,1,2012,01,14,06,06,31. ,08,00056
3000001,2,2012,01,15,00,45,48. ,21,00295
3000001,1,2012,01,17,03,25,17. ,05,00033
3000001,2,2012,01,17,12,30,27. ,21,00365
3000001,1,2012,01,18,03,08,16. ,07,00052
3000001,1,2012,01,19,20,50,44. ,12,00062
3000001,1,2012,01,19,22,10,03. ,08,00031
3000001,2,2012,01,22,10,20,38. ,19,00169
3000001,2,2012,01,23,20,45,58. ,21,00176
3000001,1,2012,01,26,05,21,42. ,06,00030
3000001,1,2012,01,26,05,43,43. ,08,00039
3000001,3,2012,01,27,13,19,42. ,25,00188
3000001,1,2012,01,27,14,27,50. ,08,00053
3000001,1,2012,01,28,07,43,42. ,09,00040
3000001,2,2012,01,28,14,21,10. ,17,00086
3000001,2,2012,02,02,02,01,49. ,21,00290
3000001,1,2012,02,04,19,21,53. ,13,00117
3000001,3,2012,02,05,08,59,17. ,30,00463
3000001,1,2012,02,06,07,05,55. ,13,00045
3000001,1,2012,02,06,14,31,40. ,09,00057
3000001,2,2012,02,08,06,41,34. ,21,00274
3000001,1,2012,02,08,20,36,51. ,08,00062
3000001,1,2012,02,10,13,35,21. ,05,00045
3000001,1,2012,02,11,07,07,45. ,11,00110
3000001,2,2012,02,11,10,27,10. ,16,00150
3000001,1,2012,02,12,17,26,14. ,10,00071
3000001,2,2012,02,14,12,28,07. ,19,00091
3000001,1,2012,02,14,12,30,00. ,09,00051
3000001,2,2012,02,14,15,22,18. ,23,00133
3000001,1,2012,02,14,21,41,41. ,11,00090
3000001,1,2012,02,15,07,34,59. ,08,00036
3000001,1,2012,02,15,15,29,14. ,07,00037
3000001,2,2012,02,16,02,32,29. ,18,00134
3000001,1,2012,02,18,16,22,31. ,07,00058
3000001,2,2012,02,18,23,20,36. ,17,00087
3000001,3,2012,02,19,14,54,58. ,34,00696
3000001,1,2012,02,19,22,12,35. ,08,00052
3000001,1,2012,02,21,07,37,18. ,05,00054
3000001,1,2012,02,24,13,10,47. ,06,00038
3000001,1,2012,02,25,07,33,33. ,07,00067
3000001,1,2012,02,25,23,27,07. ,11,00084
3000001,1,2012,02,27,07,57,51. ,08,00069
3000001,3,2012,02,28,14,20,58. ,33,00507
3000001,2,2012,02,29,18,00,27. ,20,00141
3000001,2,2012,02,29,23,33,11. ,15,00046
3000001,4,2012,03,01,07,32,42. ,43,02258
3000001,1,2012,03,01,12,25,36. ,05,00041
3000001,1,2012,03,04,02,48,30. ,08,00058
3000001,1,2012,03,06,16,05,29. ,05,00054
3000001,1,2012,03,07,10,13,01. ,05,00043
3000001,3,2012,03,08,03,51,10. ,26,00492
3000001,3,2012,03,10,02,25,38. ,30,00557
3000001,1,2012,03,10,03,15,53. ,08,00052
3000001,1,2012,03,10,16,46,32. ,05,00030
3000001,2,2012,03,14,18,11,00. ,15,00080
3000001,4,2012,03,14,21,05,20. ,37,00806
3000001,1,2012,03,14,22,30,07. ,11,00046
3000001,1,2012,03,15,01,57,27. ,08,00067
3000001,1,2012,03,15,06,39,24. ,11,00025
3000001,2,2012,03,16,04,20,36. ,19,00164
3000001,1,2012,03,17,08,18,35. ,10,00048
3000001,2,2012,03,17,20,24,50. ,16,00182
3000001,1,2012,03,18,08,50,41. ,05,00049
3000001,1,2012,03,18,22,16,54. ,10,00039
3000001,1,2012,03,22,00,12,13. ,07,00069
3000001,1,2012,03,25,22,23,08. ,13,00077
3000001,1,2012,03,27,19,22,17. ,11,00054
3000001,2,2012,03,27,20,02,40. ,16,00036
3000001,1,2012,03,30,13,39,00. ,14,00080
3000001,1,2012,04,01,02,13,12. ,10,00077
3000001,1,2012,04,01,13,48,08. ,07,00052
3000001,3,2012,04,01,23,04,42. ,29,00350
3000001,1,2012,04,03,09,57,10. ,06,00044
3000001,1,2012,04,07,17,31,22. ,06,00035
3000001,1,2012,04,08,07,15,46. ,12,00073
3000001,3,2012,04,12,20,20,13. ,27,00335
3000001,2,2012,04,12,23,51,16. ,18,00080
3000001,3,2012,04,13,19,10,19. ,25,00197
3000001,1,2012,04,13,21,12,26. ,11,00053
3000001,1,2012,04,13,21,30,22. ,09,00060
3000001,2,2012,04,14,04,00,31. ,16,00160
3000001,1,2012,04,14,17,46,28. ,11,00063
3000001,1,2012,04,14,18,25,30. ,08,00031
3000001,1,2012,04,14,18,26,30. ,06,00018
3000001,1,2012,04,14,19,51,56. ,05,00014
3000001,1,2012,04,17,01,21,50. ,06,00037
3000001,2,2012,04,19,12,33,44. ,17,00070
3000001,1,2012,04,25,00,52,21. ,06,00035
3000001,2,2012,04,25,05,22,24. ,20,00089
3000001,1,2012,04,26,05,45,48. ,08,00045
3000001,1,2012,04,27,21,06,37. ,14,00147
3000001,2,2012,04,29,19,29,07. ,20,00104
3000001,1,2012,04,29,21,17,07. ,13,00080
3000001,2,2012,05,01,07,16,40. ,16,00220
3000001,1,2012,05,04,08,59,05. ,10,00065
3000001,1,2012,05,05,03,04,56. ,09,00071
3000001,1,2012,05,06,05,13,21. ,10,00039
3000001,1,2012,05,08,04,00,06. ,11,00043
3000001,1,2012,05,10,07,02,56. ,07,00055
3000001,1,2012,05,10,17,35,18. ,05,00022
3000001,1,2012,05,10,18,44,03. ,11,00042
3000001,1,2012,05,13,12,06,17. ,06,00036
3000001,1,2012,05,16,01,01,37. ,05,00026
3000001,3,2012,05,18,17,19,11. ,31,00704
3000001,1,2012,05,18,20,21,51. ,05,00021
3000001,1,2012,05,21,12,21,20. ,05,00049
3000001,1,2012,05,24,00,04,58. ,08,00014
3000001,1,2012,05,26,21,35,51. ,07,00054
3000001,2,2012,05,29,01,37,02. ,19,00108
3000001,2,2012,05,31,14,50,00. ,15,00089
3000001,2,2012,06,01,17,48,21. ,24,00308
3000001,1,2012,06,02,03,09,05. ,09,00079
3000001,1,2012,06,06,04,32,04. ,13,00028
3000001,1,2012,06,07,10,00,00. ,14,00096
3000001,1,2012,06,08,14,23,23. ,07,00029
3000001,2,2012,06,09,19,20,25. ,18,00181
3000001,1,2012,06,10,13,22,02. ,12,00081
3000001,1,2012,06,12,16,40,11. ,08,00080
3000001,1,2012,06,15,14,10,09. ,10,00059
3000001,2,2012,06,17,16,13,27. ,24,00353
3000001,1,2012,06,18,05,34,00. ,14,00046
3000001,2,2012,06,19,05,29,46. ,18,00229
3000001,1,2012,06,20,07,29,24. ,07,00038
3000001,1,2012,06,25,10,38,46. ,05,00041
3000001,1,2012,06,28,13,55,21. ,13,00073
3000001,2,2012,06,28,14,52,09. ,21,00199
3000001,1,2012,06,28,15,17,33. ,10,00132
3000001,1,2012,06,29,07,01,20. ,14,00101
3000001,1,2012,06,29,16,02,33. ,12,00067
3000001,1,2012,06,30,06,05,47. ,07,00038
3000001,2,2012,06,30,15,34,16. ,16,00089
3000001,1,2012,07,03,11,31,41. ,08,00023
3000001,1,2012,07,03,11,32,40. ,08,00042
3000001,1,2012,07,04,15,03,36. ,10,00067
3000001,1,2012,07,06,02,04,47. ,12,00079
3000001,1,2012,07,06,08,24,44. ,05,00027
3000001,1,2012,07,11,19,54,48. ,13,00079
3000001,2,2012,07,12,13,54,59. ,16,00231
3000001,2,2012,07,16,04,31,44. ,21,00295
3000001,1,2012,07,16,20,14,15. ,05,00047
3000001,1,2012,07,20,05,08,28. ,09,00064
3000001,1,2012,07,21,12,02,02. ,07,00024
3000001,1,2012,07,22,19,13,04. ,06,00110
3000001,1,2012,07,22,20,49,31. ,05,00042
3000001,1,2012,07,25,10,31,48. ,10,00116
3000001,1,2012,07,26,01,34,35. ,05,00039
3000001,1,2012,07,26,19,30,14. ,10,00075
3000001,1,2012,08,01,13,04,07. ,14,00115
3000001,1,2012,08,02,10,35,00. ,08,00075
3000001,2,2012,08,03,22,19,49. ,21,00267
3000001,1,2012,08,05,06,45,21. ,06,00041
3000001,1,2012,08,11,19,30,25. ,07,00045
3000001,1,2012,08,14,12,02,40. ,08,00016
3000001,2,2012,08,17,20,37,47. ,15,00099
3000001,2,2012,08,20,20,42,58. ,20,00078
3000001,1,2012,08,21,01,43,11. ,14,00067
3000001,1,2012,08,23,12,20,01. ,05,00045
3000001,1,2012,08,24,10,22,56. ,08,00084
3000001,1,2012,08,25,07,43,37. ,09,00078
3000001,3,2012,08,26,03,37,17. ,27,00382
3000001,1,2012,08,28,22,55,25. ,12,00034
3000001,2,2012,08,30,04,05,49. ,15,00071
3000001,2,2012,08,30,04,17,52. ,17,00221
3000001,1,2012,08,31,23,26,42. ,11,00073
3000001,2,2012,09,02,13,33,55. ,18,00212
3000001,1,2012,09,03,07,17,45. ,05,00044
3000001,1,2012,09,07,15,17,41. ,06,00026
3000001,1,2012,09,13,00,38,27. ,14,00074
3000001,2,2012,09,14,02,22,18. ,19,00170
3000001,1,2012,09,14,16,18,16. ,09,00055
3000001,1,2012,09,22,15,22,27. ,06,00034
3000001,1,2012,09,25,01,13,00. ,06,00055
3000001,1,2012,09,25,11,56,01. ,13,00080
3000001,1,2012,09,26,09,08,30. ,08,00055
3000001,1,2012,09,28,14,47,00. ,09,00055
3000001,1,2012,09,30,22,39,14. ,07,00051
3000001,1,2012,09,30,22,40,10. ,08,00061
3000001,1,2012,10,01,14,18,13. ,08,00033
3000001,2,2012,10,02,03,41,09. ,17,00065
3000001,2,2012,10,02,06,27,46. ,23,00250
3000001,2,2012,10,02,10,10,56. ,18,00157
3000001,1,2012,10,07,08,43,17. ,12,00117
3000001,1,2012,10,08,01,51,13. ,08,00035
3000001,1,2012,10,08,20,04,12. ,08,00051
3000001,2,2012,10,12,13,57,31. ,17,00120
3000001,1,2012,10,12,22,30,26. ,08,00063
3000001,1,2012,10,14,13,37,22. ,10,00074
3000001,1,2012,10,16,06,48,15. ,06,00025
3000001,1,2012,10,17,09,44,06. ,13,00086
3000001,1,2012,10,17,09,52,49. ,05,00036
3000001,2,2012,10,19,13,10,57. ,17,00158
3000001,1,2012,10,20,17,58,17. ,11,00074
3000001,2,2012,10,24,16,05,50. ,22,00292
3000001,1,2012,10,24,16,56,39. ,11,00077
3000001,2,2012,10,25,19,33,02. ,17,00082
3000001,2,2012,10,28,18,44,16. ,15,00131
3000001,1,2012,10,30,19,10,58. ,05,00028
3000001,1,2012,10,30,19,13,52. ,10,00056
3000001,2,2012,10,31,15,50,13. ,15,00138
3000001,1,2012,11,03,07,34,44. ,14,00097
3000001,2,2012,11,05,05,50,01. ,21,00284
3000001,1,2012,11,05,13,31,12. ,06,00034
3000001,1,2012,11,06,06,59,15. ,14,00113
3000001,1,2012,11,07,00,02,00. ,06,00046
3000001,1,2012,11,08,08,54,41. ,13,00082
3000001,3,2012,11,09,12,52,11. ,25,00145
3000001,1,2012,11,10,21,36,10. ,07,00030
3000001,1,2012,11,15,02,19,35. ,09,00046
3000001,1,2012,11,16,17,26,17. ,10,00031
3000001,2,2012,11,17,14,41,03. ,19,00186
3000001,2,2012,11,24,00,52,00. ,15,00149
3000001,1,2012,11,24,05,22,17. ,08,00031
3000001,2,2012,11,24,18,00,04. ,15,00082
3000001,1,2012,11,27,06,12,14. ,08,00039
3000001,2,2012,12,03,13,57,29. ,18,00176
3000001,3,2012,12,06,19,17,44. ,29,00649
3000001,1,2012,12,07,05,32,22. ,06,00023
3000001,4,2012,12,07,17,19,30. ,38,01029
3000001,1,2012,12,12,09,19,56. ,09,00064
3000001,1,2012,12,13,01,03,07. ,07,00070
3000001,2,2012,12,15,13,27,22. ,16,00112
3000001,2,2012,12,15,14,46,25. ,19,00123
3000001,1,2012,12,18,03,46,32. ,06,00020
3000001,1,2012,12,19,03,36,55. ,08,00021
3000001,1,2012,12,20,05,16,40. ,14,00073
3000001,1,2012,12,21,00,31,34. ,06,00043
3000001,1,2012,12,21,17,08,16. ,06,00030
3000001,2,2012,12,28,16,30,10. ,18,00214
3000001,2,2012,12,29,16,19,49. ,16,00104
3000001,1,2012,12,30,00,00,50. ,06,00016
3000001,1,2012,12,30,08,05,38. ,12,00044
3000001,1,2013,01,04,13,43,08. ,06,00021
3000001,1,2013,01,04,22,53,16. ,13,00078
3000001,1,2013,01,08,13,47,37. ,08,00045
3000001,1,2013,01,10,21,48,45. ,11,00060
3000001,1,2013,01,14,15,54,09. ,13,00088
3000001,1,2013,01,21,23,19,33. ,07,00036
3000001,2,2013,01,22,04,47,10. ,21,00204
3000001,1,2013,01,24,06,31,47. ,06,00033
3000001,1,2013,01,26,09,15,02. ,06,00037
3000001,1,2013,01,26,17,47,35. ,07,00090
3000001,4,2013,01,28,03,42,01. ,36,01209
3000001,2,2013,01,31,19,57,42. ,16,00110
3000001,2,2013,01,31,23,53,49. ,22,00195
3000001,2,2013,02,01,01,05,00. ,17,00138
3000001,1,2013,02,01,23,07,08. ,05,00021
3000001,1,2013,02,02,05,52,56. ,11,00085
3000001,2,2013,02,02,23,20,10. ,18,00073
3000001,1,2013,02,06,14,04,29. ,06,00039
3000001,2,2013,02,09,13,43,20. ,22,00146
3000001,1,2013,02,11,14,00,39. ,05,00033
3000001,1,2013,02,12,22,29,42. ,10,00081
3000001,2,2013,02,13,10,33,33. ,18,00249
3000001,1,2013,02,13,21,41,41. ,08,00047
3000001,1,2013,02,15,01,43,58. ,10,00068
3000001,1,2013,02,16,10,33,23. ,06,00029
3000001,1,2013,02,19,21,28,00. ,12,00023
3000001,2,2013,02,24,13,55,29. ,15,00089
3000001,2,2013,02,25,16,24,13. ,22,00252
3000001,1,2013,03,06,06,41,12. ,13,00134
3000001,1,2013,03,06,07,15,26. ,06,00042
3000001,1,2013,03,07,07,04,39. ,12,00059
3000001,1,2013,03,11,17,10,17. ,08,00051
3000001,1,2013,03,17,02,25,15. ,06,00027
3000001,3,2013,03,18,06,53,48. ,27,00817
3000001,3,2013,03,21,14,34,46. ,25,00317
3000001,2,2013,03,26,20,48,35. ,20,00161
3000001,3,2013,03,26,20,55,28. ,25,00234
3000001,1,2013,03,31,03,57,52. ,06,00048
3000001,2,2013,04,04,13,42,51. ,24,00224
3000001,2,2013,04,06,05,01,07. ,19,00110
3000001,1,2013,04,12,08,45,59. ,08,00031
3000001,2,2013,04,14,10,22,25. ,17,00119
3000001,2,2013,04,14,22,25,25. ,20,00169
3000001,2,2013,04,17,21,04,12. ,16,00077
3000001,1,2013,04,19,05,00,12. ,05,00049
3000001,1,2013,04,19,10,24,42. ,06,00077
3000001,1,2013,04,19,12,10,55. ,10,00031
3000001,1,2013,04,19,23,11,24. ,13,00069
3000001,1,2013,04,21,10,28,28. ,05,00057
3000001,1,2013,04,21,12,25,14. ,10,00018
3000001,1,2013,04,21,21,57,11. ,08,00054
3000001,1,2013,04,22,10,24,04. ,07,00033
3000001,1,2013,04,25,16,16,33. ,07,00038
3000001,1,2013,04,29,01,47,07. ,10,00079
3000001,2,2013,04,29,22,02,00. ,22,00107
3000001,1,2013,04,30,22,09,38. ,12,00100
3000001,1,2013,05,02,05,43,48. ,14,00192
3000001,1,2013,05,02,09,55,52. ,07,00030
3000001,1,2013,05,02,22,04,54. ,08,00060
3000001,1,2013,05,05,20,22,47. ,05,00041
3000001,1,2013,05,06,02,39,51. ,08,00063
3000001,1,2013,05,12,14,55,05. ,10,00115
3000001,1,2013,05,13,22,59,36. ,09,00071
3000001,1,2013,05,15,06,21,15. ,05,00063
3000001,1,2013,05,15,18,35,15. ,10,00064
3000001,1,2013,05,16,16,12,47. ,07,00061
3000001,2,2013,05,18,14,48,27. ,21,00162
3000001,1,2013,05,21,20,26,14. ,09,00062
3000001,1,2013,05,24,09,14,28. ,06,00045
3000001,1,2013,05,24,17,33,51. ,08,00034
3000001,1,2013,05,25,11,12,15. ,09,00052
3000001,2,2013,05,25,15,58,33. ,15,00110
3000001,1,2013,05,25,22,42,27. ,06,00045
3000001,1,2013,05,29,21,54,56. ,06,00062
3000001,1,2013,05,30,01,07,46. ,11,00071
3000001,1,2013,05,30,06,48,15. ,08,00071
3000001,1,2013,06,01,04,54,17. ,08,00054
3000001,1,2013,06,03,14,56,25. ,09,00068
3000001,1,2013,06,04,09,14,06. ,07,00060
3000001,1,2013,06,04,17,33,45. ,11,00054
3000001,1,2013,06,06,12,29,14. ,08,00026
3000001,1,2013,06,08,07,29,58. ,07,00056
3000001,1,2013,06,29,17,41,10. ,07,00047
3000001,1,2013,07,05,23,28,54. ,08,00050
3000001,1,2013,07,06,07,01,00. ,13,00054
3000001,1,2013,07,12,00,12,32. ,06,00055
3000001,1,2013,07,12,03,18,43. ,05,00047
3000001,1,2013,07,16,10,44,15. ,07,00047
3000001,2,2013,07,20,01,39,45. ,15,00084
3000001,2,2013,07,20,15,06,43. ,18,00072
3000001,1,2013,07,21,18,53,25. ,12,00046
3000001,2,2013,07,23,12,02,27. ,16,00097
3000001,2,2013,07,30,01,06,00. ,21,00397
3000001,2,2013,08,04,12,29,25. ,20,00138
3000001,1,2013,08,04,14,51,21. ,14,00139
3000001,1,2013,08,05,17,30,08. ,05,00037
3000001,2,2013,08,10,07,56,16. ,15,00123
3000001,1,2013,08,12,21,59,48. ,11,00046
3000001,1,2013,08,13,02,19,20. ,05,00038
3000001,1,2013,08,14,14,31,33. ,09,00063
3000001,1,2013,08,15,07,54,07. ,09,00050
3000001,1,2013,08,16,04,03,19. ,11,00073
3000001,1,2013,08,17,19,21,19. ,07,00024
3000001,1,2013,08,19,11,22,47. ,08,00068
3000001,2,2013,08,22,01,14,29. ,17,00213
3000001,1,2013,08,28,06,41,05. ,10,00083
3000001,1,2013,08,28,17,56,15. ,09,00065
3000001,1,2013,08,31,17,59,56. ,10,00079
3000001,3,2013,09,04,09,21,10. ,27,00151
3000001,1,2013,09,07,23,38,15. ,12,00080
3000001,2,2013,09,09,09,04,29. ,15,00121
3000001,2,2013,09,13,04,49,44. ,15,00134
3000001,1,2013,09,15,08,20,03. ,14,00157
3000001,1,2013,09,17,05,42,39. ,07,00055
3000001,1,2013,09,19,07,45,06. ,09,00050
3000001,2,2013,09,19,10,21,51. ,16,00160
3000001,1,2013,09,19,18,27,41. ,07,00036
3000001,4,2013,09,20,02,25,22. ,35,00821
3000001,1,2013,09,24,07,47,37. ,10,00077
3000001,1,2013,09,26,02,47,03. ,05,00029
3000001,1,2013,09,27,07,37,57. ,09,00057
3000001,2,2013,09,30,22,37,50. ,19,00197
3000001,1,2013,10,02,01,08,20. ,08,00043
3000001,1,2013,10,05,03,23,24. ,07,00052
3000001,1,2013,10,05,04,34,30. ,08,00068
3000001,1,2013,10,05,07,09,00. ,05,00049
3000001,1,2013,10,11,17,22,28. ,05,00033
3000001,3,2013,10,12,02,43,21. ,33,01011
3000001,1,2013,10,20,00,15,12. ,07,00028
3000001,3,2013,10,20,10,07,39. ,34,01322
3000001,1,2013,10,22,10,19,14. ,11,00052
3000001,3,2013,10,26,02,11,11. ,27,00302
3000001,1,2013,10,26,06,29,20. ,05,00031
3000001,1,2013,10,28,03,13,59. ,09,00037
3000001,1,2013,10,30,12,22,20. ,10,00057
3000001,1,2013,10,31,07,00,54. ,13,00115
3000001,1,2013,11,02,04,56,26. ,07,00076
3000001,2,2013,11,03,14,25,27. ,18,00117
3000001,1,2013,11,04,22,47,33. ,08,00030
3000001,1,2013,11,04,23,31,13. ,09,00064
3000001,3,2013,11,10,07,38,04. ,28,00408
3000001,1,2013,11,16,17,15,37. ,05,00025
3000001,2,2013,11,16,20,44,59. ,17,00096
3000001,1,2013,11,19,04,12,40. ,08,00034
3000001,1,2013,11,19,14,10,32. ,09,00084
3000001,1,2013,11,21,12,38,32. ,08,00030
3000001,1,2013,11,21,16,23,05. ,07,00084
3000001,1,2013,11,22,04,58,23. ,06,00036
3000001,1,2013,11,29,01,15,21. ,10,00044
3000001,2,2013,12,03,06,26,49. ,18,00134
3000001,1,2013,12,03,15,58,29. ,09,00035
3000001,2,2013,12,03,18,17,03. ,20,00099
3000001,1,2013,12,05,03,43,49. ,07,00046
3000001,1,2013,12,08,11,12,31. ,06,00041
3000001,1,2013,12,10,05,37,11. ,06,00021
3000001,2,2013,12,14,13,06,32. ,18,00069
3000001,2,2013,12,16,04,34,12. ,16,00168
3000001,2,2013,12,21,01,10,59. ,23,00172
3000001,1,2013,12,21,10,34,32. ,14,00045
3000001,1,2013,12,25,07,42,23. ,05,00026
3000001,1,2013,12,27,10,32,52. ,06,00052
3000001,3,2013,12,31,10,03,07. ,31,00556
3000001,1,2013,12,31,17,18,25. ,06,00065
3000001,2,2014,01,01,23,39,36. ,17,00141
3000001,1,2014,01,06,02,21,28. ,05,00045
3000001,2,2014,01,09,03,57,42. ,19,00164
3000001,1,2014,01,17,18,37,49. ,08,00047
3000001,1,2014,01,18,14,32,11. ,10,00058
3000001,2,2014,01,24,01,11,02. ,17,00248
3000001,1,2014,01,28,05,25,40. ,10,00078
3000001,1,2014,01,28,05,26,40. ,07,00042
3000001,1,2014,02,08,02,18,59. ,10,00045
3000001,1,2014,02,08,11,34,42. ,07,00038
3000001,1,2014,02,11,04,15,36. ,05,00022
3000001,2,2014,02,14,19,04,28. ,16,00179
3000001,1,2014,02,21,15,33,52. ,07,00051
3000001,1,2014,02,22,07,31,23. ,08,00031
3000001,1,2014,02,25,19,54,58. ,07,00045
3000001,1,2014,03,01,05,22,11. ,06,00059
3000001,1,2014,03,03,16,12,30. ,06,00071
3000001,1,2014,03,06,14,53,21. ,12,00100
3000001,1,2014,03,09,06,07,44. ,12,00129
3000001,1,2014,03,12,05,04,48. ,08,00034
3000001,1,2014,03,14,11,11,20. ,06,00063
3000001,1,2014,03,17,18,03,14. ,10,00026
3000001,1,2014,03,20,06,05,42. ,14,00221
3000001,1,2014,03,22,03,34,02. ,12,00079
3000001,1,2014,03,26,02,21,40. ,08,00073
3000001,1,2014,03,26,04,54,31. ,05,00035
3000001,1,2014,03,29,10,54,18. ,12,00042
3000001,1,2014,03,30,04,28,39. ,14,00165
3000001,1,2014,03,30,20,12,31. ,06,00022
3000001,1,2014,04,03,08,24,02. ,07,00034
3000001,1,2014,04,09,00,02,34. ,06,00022
3000001,2,2014,04,13,18,16,22. ,17,00093
3000001,1,2014,04,16,03,36,20. ,14,00088
3000001,1,2014,04,17,03,17,59. ,13,00045
3000001,1,2014,04,17,14,33,33. ,05,00036
3000001,2,2014,04,18,07,53,15. ,24,00421
3000001,1,2014,04,22,06,23,18. ,07,00023
3000001,2,2014,04,25,08,43,32. ,23,00394
3000001,1,2014,05,05,05,02,29. ,13,00107
3000001,2,2014,05,05,05,18,57. ,22,00194
3000001,1,2014,05,13,08,35,22. ,13,00044
3000001,1,2014,05,13,10,33,56. ,11,00095
3000001,1,2014,05,13,11,49,28. ,07,00043
3000001,1,2014,05,29,01,09,05. ,06,00060
3000001,3,2014,06,04,02,22,32. ,27,00785
3000001,1,2014,06,07,08,59,25. ,05,00038
3000001,1,2014,06,09,06,11,21. ,08,00050
3000001,1,2014,06,15,02,33,01. ,06,00035
3000001,2,2014,06,16,03,19,34. ,19,00099
3000001,2,2014,06,16,05,15,07. ,23,00180
3000001,1,2014,06,17,02,43,21. ,07,00036
3000001,1,2014,06,20,04,21,10. ,06,00032
3000001,1,2014,06,21,00,09,04. ,13,00121
3000001,1,2014,06,28,14,51,33. ,05,00031
3000001,1,2014,06,28,16,12,03. ,08,00031
3000001,2,2014,07,03,07,58,12. ,20,00203
3000001,1,2014,07,08,07,58,00. ,06,00036
3000001,1,2014,07,09,11,30,44. ,06,00032
3000001,2,2014,07,10,17,59,03. ,16,00178
3000001,3,2014,07,12,04,22,31. ,27,00129
3000001,1,2014,07,13,04,00,00. ,09,00097
3000001,2,2014,07,16,17,25,05. ,15,00084
3000001,1,2014,07,19,10,43,07. ,07,00047
3000001,1,2014,07,20,10,01,40. ,12,00107
3000001,2,2014,07,20,10,25,44. ,22,00224
3000001,1,2014,07,20,19,47,24. ,09,00072
3000001,1,2014,08,02,14,14,22. ,08,00065
3000001,1,2014,08,17,10,22,05. ,06,00103
3000001,1,2014,08,21,04,40,09. ,07,00029
3000001,1,2014,08,24,17,27,08. ,10,00084
3000001,2,2014,08,26,11,23,09. ,20,00277
3000001,1,2014,08,27,15,44,35. ,09,00048
3000001,1,2014,08,28,01,45,30. ,09,00102
3000001,2,2014,08,29,13,05,37. ,19,00220
3000001,1,2014,08,29,16,35,30. ,12,00040
3000001,1,2014,08,29,18,19,47. ,14,00080
3000001,1,2014,08,31,05,44,51. ,05,00052
3000001,1,2014,09,02,16,32,52. ,14,00161
3000001,2,2014,09,03,16,24,36. ,15,00109
3000001,1,2014,09,04,05,34,54. ,06,00033
3000001,1,2014,09,10,04,33,05. ,05,00046
3000001,3,2014,09,16,12,28,43. ,33,00765
3000001,2,2014,09,24,21,46,11. ,16,00118
3000001,2,2014,09,24,22,31,20. ,17,00105
3000001,1,2014,09,28,15,09,43. ,14,00122
3000001,2,2014,09,30,19,24,08. ,15,00194
3000001,1,2014,10,14,00,41,29. ,14,00120
3000001,2,2014,10,17,12,34,28. ,18,00223
3000001,1,2014,10,17,18,58,42. ,06,00031
3000001,1,2014,10,24,04,30,52. ,08,00057
3000001,1,2014,10,27,15,36,38. ,12,00050
3000001,1,2014,10,29,02,37,40. ,06,00047
3000001,1,2014,11,02,14,02,21. ,05,00037
3000001,1,2014,11,05,09,22,01. ,06,00043
3000001,1,2014,11,08,08,54,58. ,05,00028
3000001,2,2014,11,12,09,53,41. ,17,00153
3000001,1,2014,11,14,20,58,01. ,05,00071
3000001,1,2014,11,17,08,59,51. ,10,00070
3000001,1,2014,11,19,06,15,59. ,10,00081
3000001,2,2014,11,20,10,52,06. ,21,00221
3000001,1,2014,11,22,22,08,50. ,14,00032
3000001,2,2014,11,27,06,18,46. ,15,00133
3000001,2,2014,12,02,20,53,01. ,19,00262
3000001,1,2014,12,03,01,00,53. ,07,00039
3000001,1,2014,12,04,12,35,47. ,05,00030
3000001,1,2014,12,09,20,11,39. ,13,00108
3000001,1,2014,12,14,04,47,16. ,05,00021
3000001,1,2014,12,18,10,42,05. ,10,00060
3000001,2,2014,12,20,18,30,22. ,20,00105
3000001,1,2014,12,25,08,06,36. ,09,00030
3000001,1,2014,12,25,20,32,12. ,12,00137
3000001,1,2014,12,31,23,23,36. ,11,00069
3000001,1,2015,01,01,15,57,14. ,10,00090
3000001,2,2015,01,03,04,55,34. ,22,00451
3000001,1,2015,01,08,07,58,10. ,07,00029
3000001,1,2015,01,12,07,28,36. ,07,00069
3000001,1,2015,01,17,11,17,26. ,05,00084
3000001,1,2015,01,18,10,54,16. ,06,00033
3000001,1,2015,01,22,08,05,51. ,05,00044
3000001,1,2015,01,23,18,11,39. ,14,00140
3000001,2,2015,01,26,07,20,12. ,21,00182
3000001,1,2015,01,26,07,21,10. ,06,00043
3000001,2,2015,01,30,20,31,57. ,15,00116
3000001,1,2015,02,07,21,55,51. ,07,00080
3000001,1,2015,02,15,09,14,40. ,09,00029
3000001,1,2015,02,17,08,08,30. ,12,00021
3000001,1,2015,02,17,16,20,37. ,10,00093
3000001,1,2015,02,25,17,58,13. ,10,00064
3000001,1,2015,02,26,04,39,43. ,10,00074
3000001,1,2015,03,12,20,03,13. ,08,00040
3000001,1,2015,03,14,00,24,05. ,06,00060
3000001,1,2015,03,14,08,13,02. ,07,00093
3000001,1,2015,03,16,02,33,01. ,09,00064
3000001,1,2015,03,18,11,29,08. ,07,00067
3000001,1,2015,03,19,00,48,37. ,05,00048
3000001,1,2015,03,24,13,53,37. ,14,00081
3000001,1,2015,03,25,16,26,27. ,09,00081
3000001,1,2015,03,27,04,14,18. ,05,00057
3000001,1,2015,03,27,12,05,02. ,05,00023
3000001,2,2015,03,31,13,00,07. ,17,00116
3000001,1,2015,04,12,14,25,31. ,08,00068
3000001,1,2015,04,16,16,39,02. ,12,00092
3000001,1,2015,04,23,02,24,04. ,11,00106
3000001,1,2015,05,03,13,03,21. ,14,00065
3000001,1,2015,05,03,15,54,12. ,11,00098
3000001,2,2015,05,13,06,14,40. ,20,00085
3000001,3,2015,05,13,22,45,20. ,28,00825
3000001,1,2015,05,15,04,11,19. ,07,00047
3000001,1,2015,05,15,12,30,54. ,10,00067
3000001,4,2015,05,25,14,28,25. ,37,01110
3000001,1,2015,05,27,10,58,08. ,06,00064
3000001,3,2015,05,30,01,07,01. ,26,00571
3000001,3,2015,05,30,20,27,10. ,28,00130
3000001,2,2015,06,09,05,44,18. ,23,00366
3000001,1,2015,06,20,18,18,26. ,08,00073
3000001,1,2015,06,22,05,30,46. ,10,00059
3000001,1,2015,06,26,14,50,08. ,05,00035
3000001,1,2015,06,29,19,07,50. ,07,00033
3000001,1,2015,07,06,18,30,37. ,10,00087
3000001,2,2015,07,10,01,15,26. ,23,00344
3000001,1,2015,07,10,03,34,35. ,05,00019
3000001,1,2015,07,21,18,17,24. ,12,00063
3000001,1,2015,07,23,03,49,46. ,07,00040
3000001,1,2015,07,29,21,35,06. ,08,00057
3000001,1,2015,08,03,14,30,48. ,07,00035
3000001,1,2015,08,05,20,56,34. ,12,00073
3000001,4,2015,08,06,18,22,38. ,40,01645
3000001,1,2015,08,10,18,44,47. ,09,00128
3000001,1,2015,08,13,04,29,15. ,14,00165
3000001,2,2015,08,14,05,13,53. ,17,00112
3000001,1,2015,08,23,19,11,34. ,06,00036
3000001,3,2015,08,28,23,46,20. ,25,00305
3000001,1,2015,09,02,16,17,04. ,14,00163
3000001,1,2015,09,06,03,27,04. ,06,00054
3000001,1,2015,09,07,01,45,32. ,06,00047
3000001,2,2015,09,12,05,49,25. ,20,00118
3000001,2,2015,09,12,11,45,08. ,16,00098
3000001,1,2015,09,16,05,53,34. ,11,00086
3000001,1,2015,09,19,05,05,26. ,05,00037
3000001,1,2015,09,22,16,00,09. ,08,00043
3000001,1,2015,09,22,17,56,58. ,06,00029
3000001,1,2015,09,26,20,22,29. ,06,00057
3000001,1,2015,09,28,12,04,56. ,05,00041
3000001,2,2015,10,01,20,10,36. ,16,00155
3000001,3,2015,10,21,15,05,08. ,30,00634
3000001,1,2015,10,31,23,20,20. ,06,00020
3000001,1,2015,11,04,08,56,38. ,11,00096
3000001,2,2015,11,07,22,45,04. ,16,00127
3000001,2,2015,11,19,18,33,26. ,16,00113
3000001,1,2015,11,20,08,16,00. ,11,00070
3000001,1,2015,11,20,15,44,57. ,06,00072
3000001,3,2015,11,22,08,20,36. ,34,00775
3000001,1,2015,11,28,15,48,01. ,09,00082
3000001,1,2015,12,02,01,07,26. ,08,00081
3000001,2,2015,12,08,01,22,46. ,17,00142
3000001,1,2015,12,17,10,44,10. ,11,00105
3000001,1,2015,12,22,07,18,42. ,06,00045
3000001,1,2015,12,22,21,19,05. ,05,00074
3000001,1,2015,12,23,09,34,06. ,08,00067
3000001,1,2016,01,14,12,28,04. ,08,00021
3000001,3,2016,01,15,04,29,03. ,26,00669
3000001,3,2016,01,24,06,33,46. ,29,00293
3000001,2,2016,01,30,12,34,36. ,16,00210
3000001,1,2016,02,04,03,00,01. ,09,00041
3000001,1,2016,02,07,10,09,57. ,10,00070
3000001,2,2016,02,07,19,27,09. ,23,00370
3000001,1,2016,02,08,01,03,53. ,05,00033
3000001,1,2016,02,14,23,28,10. ,14,00236
3000001,1,2016,02,19,22,14,22. ,08,00026
3000001,1,2016,02,21,14,22,48. ,11,00084
3000001,1,2016,02,24,04,02,29. ,09,00033
3000001,1,2016,02,24,12,15,51. ,07,00037
3000001,2,2016,03,22,14,34,30. ,21,00245
3000001,1,2016,03,31,11,48,37. ,14,00148
3000001,1,2016,04,08,22,24,47. ,09,00070
3000001,1,2016,04,10,23,33,03. ,05,00052
3000001,1,2016,04,15,00,27,06. ,05,00028
3000001,2,2016,04,20,21,20,13. ,15,00063
3000001,1,2016,04,28,22,57,51. ,13,00163
3000001,1,2016,05,16,12,11,53. ,09,00086
3000001,4,2016,05,16,21,23,14. ,35,01139
3000001,1,2016,05,17,06,55,17. ,10,00084
3000001,2,2016,05,17,06,57,46. ,15,00198
3000001,3,2016,05,23,23,17,28. ,25,00216
3000001,1,2016,05,25,20,47,14. ,06,00072
3000001,1,2016,05,28,18,10,42. ,13,00109
3000001,1,2016,06,10,13,16,57. ,07,00047
3000001,3,2016,06,12,07,54,35. ,26,00263
3000001,3,2016,06,18,08,50,21. ,26,00278
3000001,1,2016,06,24,17,13,38. ,06,00052
3000001,1,2016,06,27,07,57,44. ,14,00037
3000001,2,2016,06,29,11,35,40. ,21,00392
3000001,1,2016,07,01,06,26,41. ,05,00046
3000001,1,2016,07,02,08,49,47. ,12,00079
3000001,2,2016,07,04,22,49,01. ,15,00121
3000001,1,2016,07,05,12,46,30. ,05,00017
3000001,1,2016,07,06,08,47,53. ,08,00031
3000001,1,2016,07,09,06,29,12. ,07,00046
3000001,1,2016,07,09,09,55,03. ,07,00043
3000001,1,2016,07,16,17,40,03. ,08,00084
3000001,2,2016,07,17,13,24,15. ,19,00180
3000001,1,2016,07,19,12,58,12. ,07,00029
3000001,1,2016,07,19,16,28,09. ,11,00070
3000001,3,2016,07,20,07,25,45. ,25,00276
3000001,1,2016,07,20,11,38,56. ,07,00045
3000001,1,2016,07,21,22,51,42. ,06,00049
3000001,4,2016,07,27,23,47,26. ,38,01457
3000001,1,2016,07,28,05,19,39. ,06,00033
3000001,1,2016,07,30,16,40,57. ,06,00032
3000001,2,2016,08,10,14,51,05. ,16,00184
3000001,2,2016,08,15,16,05,05. ,18,00155
3000001,1,2016,08,17,04,13,50. ,11,00138
3000001,3,2016,08,19,21,07,54. ,31,00740
3000001,1,2016,08,27,22,46,40. ,09,00097
3000001,1,2016,08,31,05,05,09. ,12,00039
3000001,3,2016,09,07,13,29,00. ,29,00535
3000001,1,2016,09,08,15,08,52. ,06,00038
3000001,3,2016,09,09,20,53,27. ,25,00282
3000001,2,2016,09,09,23,18,19. ,20,00203
3000001,1,2016,09,11,12,22,41. ,05,00030
3000001,1,2016,09,12,20,49,52. ,10,00072
3000001,2,2016,09,13,19,12,44. ,19,00124
3000001,1,2016,09,17,16,36,15. ,05,00022
3000001,1,2016,10,09,16,13,49. ,10,00120
3000001,1,2016,10,10,07,15,42. ,12,00100
3000001,1,2016,10,16,16,38,03. ,10,00034
3000001,1,2016,10,19,23,40,49. ,10,00086
3000001,2,2016,10,20,11,50,05. ,20,00141
3000001,1,2016,11,08,21,43,30. ,09,00069
3000001,2,2016,11,12,06,43,41. ,16,00072
3000001,1,2016,11,15,01,15,59. ,11,00040
3000001,3,2016,11,21,06,59,39. ,29,00353
3000001,4,2016,11,22,06,00,12. ,38,00644
3000001,1,2016,11,22,06,03,10. ,11,00021
3000001,1,2016,11,22,06,10,49. ,06,00025
3000001,1,2016,11,22,06,28,50. ,08,00028
3000001,1,2016,11,22,06,40,11. ,11,00034
3000001,1,2016,11,22,06,43,10. ,08,00023
3000001,1,2016,11,22,06,51,29. ,08,00032
3000001,1,2016,11,22,08,40,23. ,07,00031
3000001,1,2016,11,22,10,38,31. ,08,00037
3000001,2,2016,11,22,23,04,19. ,18,00068
3000001,3,2016,11,24,06,23,57. ,27,00168
3000001,1,2016,11,28,07,17,23. ,06,00048
3000001,1,2016,11,28,17,46,43. ,05,00034
3000001,1,2016,12,08,17,16,22. ,07,00038
3000001,1,2016,12,15,14,27,57. ,06,00035
3000001,2,2016,12,19,16,21,44. ,19,00253
3000001,1,2016,12,20,01,41,42. ,07,00033
3000001,1,2016,12,24,02,25,24. ,14,00043
3000001,1,2016,12,26,04,52,54. ,10,00055
3000001,1,2016,12,27,20,48,47. ,11,00078
3000001,4,2016,12,28,21,38,57. ,37,01176
3000001,2,2016,12,28,21,53,30. ,17,00109
3000001,1,2016,12,29,13,41,19. ,10,00079
3000001,1,2016,12,30,20,55,05. ,05,00041
3000001,1,2016,12,31,05,08,51. ,09,00049
3000001,1,2016,12,31,15,48,42. ,06,00046
3000001,1,2017,01,03,03,37,26. ,06,00031
3000001,3,2017,01,05,00,44,13. ,28,00478
3000001,2,2017,01,05,02,53,39. ,24,00118
3000001,1,2017,01,08,13,15,56. ,06,00043
3000001,1,2017,01,11,09,06,44. ,07,00050
3000001,3,2017,01,18,17,19,34. ,33,01215
3000001,2,2017,02,03,20,58,43. ,16,00138
3000001,1,2017,02,03,21,14,18. ,07,00071
3000001,2,2017,02,07,20,04,04. ,16,00125
3000001,1,2017,02,08,04,45,04. ,12,00140
3000001,2,2017,02,09,14,07,26. ,15,00115
3000001,1,2017,02,11,06,05,54. ,11,00086
3000001,2,2017,02,19,18,19,45. ,18,00069
3000001,1,2017,02,26,02,20,21. ,08,00051
3000001,2,2017,02,26,05,11,58. ,15,00193
3000001,1,2017,02,26,23,55,07. ,07,00054
3000001,2,2017,02,27,00,03,50. ,19,00227
3000001,2,2017,02,28,16,49,25. ,24,00250
3000001,1,2017,03,01,09,44,22. ,06,00037
3000001,1,2017,03,01,15,43,31. ,10,00056
3000001,1,2017,03,05,10,19,14. ,10,00029
3000001,2,2017,03,12,04,58,12. ,17,00070
3000001,1,2017,03,22,23,47,36. ,07,00051
3000001,1,2017,03,24,01,30,06. ,08,00038
3000001,1,2017,04,01,20,28,37. ,10,00099
3000001,1,2017,04,09,07,20,49. ,12,00049
3000001,2,2017,04,12,03,10,59. ,17,00157
3000001,2,2017,04,20,02,13,49. ,16,00101
3000001,1,2017,04,20,04,46,15. ,08,00060
3000001,1,2017,05,07,05,00,33. ,07,00054
3000001,1,2017,05,07,17,02,31. ,05,00047
3000001,1,2017,06,19,01,24,01. ,12,00101
3000001,2,2017,06,19,05,51,43. ,16,00106
3000001,1,2017,06,23,03,47,03. ,10,00092
3000001,2,2017,06,30,07,41,24. ,15,00205
3000001,2,2017,07,07,21,49,01. ,15,00102
3000001,1,2017,07,08,20,49,32. ,05,00022
3000001,2,2017,07,20,09,11,48. ,21,00150
3000001,1,2017,07,20,10,15,11. ,05,00025
3000001,1,2017,07,21,16,07,58. ,10,00046
3000001,1,2017,07,25,09,52,12. ,11,00061
3000001,1,2017,07,30,21,46,09. ,05,00019
3000001,1,2017,07,30,23,28,59. ,07,00044
3000001,4,2017,08,02,02,02,16. ,35,00796
3000001,3,2017,08,02,07,16,07. ,25,00325
3000001,2,2017,08,03,13,45,17. ,18,00240
3000001,2,2017,08,05,07,55,27. ,22,00348
3000001,2,2017,08,10,09,36,46. ,16,00068
3000001,1,2017,08,14,18,11,54. ,07,00038
3000001,1,2017,08,16,00,04,48. ,10,00100
3000001,1,2017,08,18,20,38,41. ,09,00063
3000001,1,2017,08,19,07,41,03. ,07,00091
3000001,1,2017,08,22,15,12,31. ,08,00038
3000001,2,2017,08,25,01,28,34. ,16,00243
3000001,1,2017,08,26,04,20,43. ,13,00096
3000001,2,2017,08,27,11,26,12. ,23,00177
3000001,1,2017,09,06,20,38,27. ,08,00053
3000001,1,2017,09,11,18,41,08. ,06,00043
3000001,1,2017,09,14,11,15,42. ,12,00108
3000001,1,2017,09,20,05,18,31. ,13,00065
3000001,1,2017,09,21,01,39,10. ,11,00067
3000001,1,2017,09,27,05,24,05. ,09,00016
3000001,1,2017,09,28,16,11,59. ,08,00045
3000001,1,2017,10,01,10,25,17. ,13,00088
3000001,1,2017,10,03,04,01,20. ,13,00097
3000001,1,2017,10,06,17,00,22. ,14,00065
3000001,3,2017,10,06,23,56,57. ,27,00325
3000001,1,2017,10,07,16,21,03. ,06,00075
3000001,1,2017,10,12,15,13,10. ,11,00026
3000001,2,2017,10,15,19,43,18. ,20,00378
3000001,1,2017,10,16,20,47,15. ,06,00055
3000001,1,2017,10,18,07,40,56. ,10,00120
3000001,1,2017,10,19,00,08,45. ,11,00147
3000001,1,2017,10,19,21,50,50. ,10,00073
3000001,2,2017,11,02,22,31,20. ,17,00119
3000001,2,2017,11,03,21,38,15. ,23,00266
3000001,2,2017,11,05,16,30,21. ,17,00236
3000001,1,2017,11,10,00,38,10. ,05,00043
3000001,1,2017,11,13,07,25,41. ,05,00032
3000001,1,2017,11,17,04,55,22. ,09,00080
3000001,1,2017,11,17,10,03,13. ,08,00042
3000001,2,2017,11,21,09,25,23. ,17,00302
3000001,1,2017,11,26,07,54,08. ,10,00077
3000001,1,2017,11,26,15,55,42. ,09,00073
3000001,1,2017,11,30,22,02,19. ,06,00056
3000001,2,2017,12,02,00,12,42. ,19,00178
3000001,1,2017,12,02,08,17,22. ,06,00069
3000001,1,2017,12,03,01,17,50. ,05,00029
3000001,1,2017,12,06,00,22,19. ,12,00090
3000001,1,2017,12,16,03,00,18. ,06,00016
3000001,1,2017,12,18,14,09,36. ,09,00083
3000001,2,2017,12,23,21,54,14. ,19,00324
3000001,1,2018,01,01,04,42,53. ,07,00062
3000001,1,2018,01,05,11,02,38. ,08,00031
3000001,1,2018,01,06,00,54,30. ,14,00076
3000001,2,2018,01,07,18,20,08. ,18,00153
3000001,2,2018,01,24,02,32,14. ,20,00245
3000001,1,2018,01,24,13,26,03. ,06,00053
3000001,1,2018,01,26,12,07,40. ,07,00040
3000001,2,2018,01,31,10,15,34. ,16,00113
3000001,2,2018,02,06,22,57,18. ,16,00216
3000001,1,2018,02,08,23,34,42. ,09,00063
3000001,2,2018,02,11,04,14,22. ,17,00128
3000001,1,2018,02,15,19,27,38. ,09,00047
3000001,1,2018,02,18,19,02,00. ,08,00048
3000001,2,2018,02,26,01,29,06. ,24,00149
3000001,2,2018,02,27,08,08,12. ,20,00281
3000001,1,2018,03,13,15,46,46. ,07,00027
3000001,1,2018,03,16,13,09,37. ,12,00145
3000001,1,2018,03,23,07,15,19. ,06,00056
3000001,1,2018,03,26,18,44,48. ,12,00124
3000001,1,2018,03,27,18,40,18. ,11,00097
3000001,4,2018,03,30,08,17,43. ,40,02115
3000001,1,2018,03,31,17,05,38. ,12,00099
3000001,1,2018,04,03,09,11,08. ,09,00085
3000001,1,2018,04,03,21,06,29. ,13,00113
3000001,1,2018,04,07,05,14,17. ,13,00229
3000001,1,2018,04,09,12,33,19. ,08,00067
3000001,1,2018,04,21,18,47,38. ,11,00038
3000001,1,2018,04,28,20,27,12. ,10,00101
3000001,1,2018,05,01,06,14,15. ,05,00072
3000001,1,2018,05,04,20,40,59. ,05,00025
3000001,1,2018,05,10,10,17,26. ,05,00050
3000001,2,2018,05,17,12,12,49. ,16,00064
3000001,1,2018,05,25,21,14,34. ,05,00020
3000001,1,2018,05,29,21,01,42. ,06,00056
3000001,1,2018,06,02,15,04,49. ,05,00071
3000001,1,2018,06,06,16,22,57. ,11,00117
3000001,2,2018,06,17,15,27,42. ,18,00127
3000001,1,2018,06,27,17,50,22. ,06,00068
3000001,1,2018,07,03,22,34,07. ,05,00049
3000001,2,2018,07,07,20,24,15. ,18,00056
3000001,1,2018,07,10,14,24,05. ,07,00039
3000001,4,2018,07,17,04,34,21. ,35,00921
3000001,2,2018,07,17,04,43,01. ,24,00417
3000001,1,2018,07,18,08,27,09. ,06,00069
3000001,1,2018,07,18,16,45,09. ,09,00029
3000001,1,2018,07,19,20,52,29. ,08,00058
3000001,1,2018,07,29,15,21,34. ,06,00053
3000001,1,2018,07,29,15,34,01. ,10,00052
3000001,1,2018,07,31,17,42,39. ,14,00069
3000001,1,2018,08,01,13,02,12. ,06,00037
3000001,1,2018,08,08,00,13,48. ,06,00045
3000001,1,2018,08,08,18,07,39. ,07,00033
3000001,1,2018,08,11,06,11,34. ,12,00071
3000001,1,2018,08,21,02,47,21. ,06,00046
3000001,1,2018,08,25,02,17,53. ,08,00054
3000001,1,2018,08,29,07,36,09. ,12,00100
3000001,1,2018,08,29,14,30,32. ,08,00044
3000001,1,2018,09,02,07,07,55. ,06,00063
3000001,1,2018,09,03,06,46,13. ,08,00068
3000001,3,2018,09,05,05,11,35. ,27,00499
3000001,1,2018,09,14,10,55,36. ,09,00047
3000001,2,2018,09,14,14,35,32. ,20,00184
3000001,1,2018,09,14,14,45,51. ,06,00041
3000001,1,2018,09,14,17,26,58. ,12,00096
3000001,1,2018,09,15,18,44,00. ,08,00088
3000001,1,2018,09,18,17,11,26. ,13,00113
3000001,1,2018,09,19,09,01,47. ,14,00110
3000001,3,2018,09,24,00,05,43. ,26,00553
3000001,1,2018,09,28,22,50,16. ,09,00124
3000001,1,2018,10,04,00,15,45. ,11,00063
3000001,2,2018,10,04,02,13,06. ,16,00143
3000001,1,2018,10,09,17,16,27. ,06,00055
3000001,1,2018,10,12,03,59,36. ,05,00037
3000001,2,2018,10,12,13,16,04. ,16,00064
3000001,1,2018,10,15,21,53,21. ,05,00089
3000001,1,2018,10,22,19,47,47. ,10,00058
3000001,1,2018,10,26,03,36,46. ,14,00089
3000001,2,2018,10,27,09,08,19. ,16,00095
3000001,1,2018,10,28,23,46,56. ,06,00039
3000001,2,2018,10,29,21,25,32. ,16,00176
3000001,2,2018,11,23,23,30,31. ,19,00196
3000001,2,2018,11,27,08,34,03. ,24,00402
3000001,2,2018,11,28,20,15,05. ,19,00172
3000001,1,2018,12,02,11,04,26. ,06,00059
3000001,1,2018,12,08,08,14,06. ,06,00025
3000001,2,2018,12,08,10,54,20. ,18,00142
3000001,1,2018,12,11,10,17,34. ,11,00093
3000001,2,2018,12,12,17,50,05. ,23,00400
3000001,1,2018,12,21,13,13,53. ,07,00047
3000001,1,2018,12,31,23,10,56. ,06,00034
3000001,1,2019,01,02,18,44,36. ,09,00090
3000001,3,2019,01,14,13,23,55. ,30,00732
3000001,2,2019,01,18,21,46,37. ,23,00092
3000001,1,2019,01,23,13,43,55. ,05,00041
3000001,1,2019,01,26,09,31,53. ,09,00042
3000001,2,2019,02,19,17,06,35. ,15,00308
3000001,1,2019,02,23,15,49,29. ,05,00035
3000001,1,2019,03,02,06,03,35. ,14,00103
3000001,1,2019,03,08,01,46,46. ,08,00064
3000001,1,2019,03,10,10,47,02. ,07,00069
3000001,1,2019,03,11,02,11,32. ,09,00019
3000001,1,2019,03,17,06,07,39. ,06,00037
3000001,1,2019,03,25,20,43,07. ,06,00062
3000001,1,2019,03,29,17,47,38. ,07,00041
3000001,1,2019,04,05,18,59,38. ,05,00019
3000001,1,2019,04,06,19,30,29. ,06,00045
3000001,1,2019,04,16,18,47,52. ,09,00094
3000001,1,2019,04,18,13,41,18. ,13,00105
3000001,1,2019,05,01,00,43,52. ,14,00145
3000001,1,2019,05,22,18,21,05. ,11,00170
3000001,1,2019,05,24,12,40,46. ,10,00058
3000001,1,2019,05,25,15,21,09. ,11,00038
3000001,1,2019,05,27,04,04,23. ,13,00104
3000001,1,2019,06,06,05,15,21. ,07,00077
3000001,2,2019,06,08,12,46,09. ,21,00318
3000001,3,2019,06,17,08,00,21. ,34,00967
3000001,2,2019,06,18,22,23,12. ,15,00039
3000001,1,2019,06,19,05,00,46. ,10,00079
3000001,1,2019,06,22,02,27,04. ,05,00058
3000001,1,2019,06,22,20,45,47. ,08,00055
3000001,1,2019,06,24,09,12,16. ,08,00030
3000001,1,2019,06,27,22,08,57. ,06,00060
3000001,1,2019,06,30,10,13,53. ,07,00036
3000001,1,2019,07,17,00,26,10. ,07,00040
3000001,2,2019,07,20,10,27,31. ,15,00135
3000001,2,2019,07,28,03,33,10. ,22,00123
3000001,1,2019,07,29,00,35,13. ,09,00045
3000001,3,2019,08,04,19,23,30. ,29,00276
3000001,1,2019,08,24,13,53,41. ,07,00017
3000001,2,2019,09,19,08,49,37. ,19,00215
3000001,1,2019,09,29,19,30,07. ,06,00080
3000001,3,2019,09,30,01,02,40. ,25,00460
3000001,1,2019,10,12,18,22,39. ,06,00022
3000001,1,2019,10,16,03,02,51. ,12,00091
3000001,1,2019,10,19,21,10,44. ,10,00071
3000001,1,2019,10,28,22,29,10. ,13,00145
3000001,1,2019,11,03,14,03,12. ,08,00043
3000001,2,2019,11,08,18,18,33. ,17,00151
3000001,1,2019,11,11,18,50,42. ,10,00076
3000001,2,2019,11,12,21,55,48. ,19,00184
3000001,1,2019,11,17,19,20,24. ,10,00186
3000001,2,2019,11,18,08,00,10. ,19,00285
3000001,2,2019,11,22,05,24,02. ,17,00233
3000001,1,2019,11,23,08,44,53. ,12,00087
3000001,1,2019,11,25,12,22,12. ,06,00042
3000001,2,2019,12,03,10,18,17. ,18,00220
3000001,3,2019,12,04,10,39,02. ,27,00428
3000001,2,2019,12,04,18,13,09. ,16,00186
3000001,1,2019,12,04,19,35,21. ,11,00070
3000001,1,2019,12,05,15,01,28. ,10,00097
3000001,2,2019,12,05,22,35,25. ,15,00137
3000001,1,2019,12,07,12,34,23. ,07,00040
3000001,1,2019,12,11,18,39,37. ,12,00057
3000001,2,2019,12,19,09,23,55. ,20,00233
3000001,2,2020,01,03,03,24,09. ,24,00172
3000001,1,2020,01,08,04,22,13. ,10,00114
3000001,3,2020,01,14,04,54,01. ,28,00799
3000001,2,2020,01,15,08,19,06. ,18,00180
3000001,3,2020,01,21,19,18,03. ,29,00493
3000001,1,2020,02,01,01,11,40. ,10,00030
3000001,3,2020,02,01,02,08,00. ,27,00413
3000001,2,2020,02,06,20,20,16. ,18,00082
3000001,2,2020,02,12,19,37,41. ,24,00300
3000001,1,2020,02,13,19,38,17. ,07,00025
3000001,1,2020,02,17,12,41,01. ,08,00057
3000001,1,2020,02,19,21,53,54. ,06,00052
3000001,1,2020,02,21,20,31,04. ,09,00054
3000001,2,2020,03,31,20,24,11. ,22,00276
3000001,1,2020,04,09,12,12,42. ,10,00101
3000001,2,2020,04,10,00,46,06. ,16,00132
3000001,4,2020,04,12,00,44,59. ,35,01144
3000001,2,2020,04,14,06,36,01. ,20,00348
3000001,1,2020,04,16,11,18,27. ,07,00047
3000001,1,2020,04,18,17,29,32. ,08,00014
3000001,1,2020,04,20,05,39,53. ,13,00051
3000001,1,2020,04,23,12,26,59. ,07,00055
3000001,2,2020,04,26,09,49,22. ,18,00160
3000001,1,2020,05,03,05,55,36. ,05,00038
3000001,2,2020,05,04,22,08,06. ,16,00061
3000001,2,2020,05,04,22,34,43. ,21,00329
3000001,1,2020,05,06,01,57,24. ,13,00044
3000001,3,2020,05,11,08,58,45. ,29,00399
3000001,3,2020,05,16,06,27,23. ,25,00474
3000001,1,2020,05,18,11,13,14. ,10,00080
3000001,1,2020,05,18,12,01,27. ,10,00040
3000001,2,2020,05,19,12,17,36. ,16,00140
3000001,2,2020,05,25,02,11,32. ,20,00265
3000001,1,2020,05,28,21,29,54. ,10,00071
3000001,2,2020,06,01,06,02,25. ,22,00221
3000001,3,2020,06,04,05,31,28. ,32,00707
3000001,1,2020,06,08,00,17,57. ,05,00039
3000001,1,2020,06,16,07,28,20. ,11,00090
3000001,2,2020,06,25,04,48,03. ,24,00128
3000001,1,2020,07,03,14,13,29. ,09,00046
3000001,2,2020,07,09,06,05,42. ,20,00247
3000001,1,2020,07,15,05,48,18. ,07,00088
3000001,1,2020,07,19,21,01,41. ,09,00063
3000001,2,2020,07,29,05,33,35. ,21,00213
3000001,2,2020,08,06,02,54,21. ,19,00073
3000001,1,2020,08,07,00,36,50. ,07,00030
3000001,1,2020,08,08,17,37,12. ,09,00084
3000001,1,2020,08,13,07,40,36. ,14,00145
3000001,2,2020,08,27,23,45,55. ,15,00118
3000001,1,2020,08,30,11,43,52. ,07,00080
3000001,2,2020,08,30,14,37,55. ,23,00288
3000001,1,2020,08,30,17,59,57. ,08,00058
3000001,1,2020,09,05,10,34,54. ,09,00058
3000001,2,2020,09,07,06,34,05. ,17,00093
3000001,2,2020,09,10,12,26,30. ,19,00294
3000001,2,2020,09,12,11,38,09. ,20,00322
3000001,2,2020,09,12,11,44,55. ,16,00052
3000001,2,2020,09,14,18,10,35. ,15,00117
3000001,1,2020,09,15,15,07,10. ,11,00038
3000001,3,2020,09,17,14,00,45. ,27,00829
3000001,2,2020,09,20,09,04,58. ,15,00131
3000001,1,2020,10,02,20,02,00. ,08,00049
3000001,2,2020,10,05,11,32,34. ,21,00258
3000001,1,2020,10,10,07,39,39. ,09,00095
3000001,1,2020,10,16,17,34,59. ,07,00055
3000001,1,2020,10,24,19,26,44. ,06,00069
3000001,1,2020,10,28,15,58,48. ,06,00038
3000001,4,2020,11,22,19,06,06. ,37,01107
3000001,2,2020,11,25,11,20,31. ,16,00155
3000001,2,2020,12,17,16,42,56. ,19,00232
3000001,1,2020,12,18,08,03,32. ,09,00057
3000001,1,2020,12,21,02,25,30. ,13,00020
3000001,1,2020,12,23,09,03,16. ,07,00057
3000001,1,2020,12,25,04,40,18. ,12,00118
3000001,4,2020,12,30,09,35,37. ,38,01444
