station,intensity,year,month,day,hour,minute,intensity_equip,acceleration_max_comb
3570001,1,1995,04,18,20,27,//,/////
3570001,1,1995,05,13,22,03,//,/////
3570001,4,1995,05,13,22,27,//,/////
3570001,1,1995,05,13,22,35,//,/////
3570001,2,1995,05,15,16,08,//,/////
3570001,1,1995,05,15,23,49,//,/////
3570001,1,1995,05,22,15,53,//,/////
3570001,2,1995,05,23,21,56,//,/////
3570001,1,1995,06,03,14,00,//,/////
3570001,1,1995,06,05,05,29,//,/////
3570001,1,1995,06,05,07,16,//,/////
3570001,1,1995,06,05,14,01,//,/////
3570001,2,1995,07,03,08,53,//,/////
3570001,2,1995,07,16,15,50,//,/////
3570001,1,1995,08,08,05,48,//,/////
3570001,3,1995,09,19,19,59,//,/////
3570001,1,1995,10,05,02,40,//,/////
3570001,3,1995,10,06,21,29,//,/////
3570001,1,1995,10,06,21,33,//,/////
3570001,4,1995,10,06,21,43,//,/////
3570001,2,1995,10,06,21,45,//,/////
3570001,1,1995,10,06,21,48,//,/////
3570001,2,1995,10,06,21,53,//,/////
3570001,1,1995,10,06,21,54,//,/////
3570001,2,1995,10,06,21,58,//,/////
3570001,2,1995,10,06,21,59,//,/////
3570001,1,1995,10,06,22,00,//,/////
3570001,1,1995,10,06,22,22,//,/////
3570001,1,1995,10,06,23,05,//,/////
3570001,4,1995,10,06,23,07,//,/////
3570001,1,1995,10,06,23,47,//,/////
3570001,1,1995,10,07,00,51,//,/////
3570001,1,1995,10,07,01,00,//,/////
3570001,2,1995,10,07,02,04,//,/////
3570001,2,1995,10,07,02,05,//,/////
3570001,1,1995,10,07,02,06,//,/////
3570001,3,1995,10,07,02,09,//,/////
3570001,1,1995,10,07,02,11,//,/////
3570001,2,1995,10,07,02,13,//,/////
3570001,1,1995,10,07,02,43,//,/////
3570001,1,1995,10,07,03,22,//,/////
3570001,2,1995,10,07,04,49,//,/////
3570001,1,1995,10,07,07,07,//,/////
3570001,1,1995,10,07,07,22,//,/////
3570001,1,1995,10,07,15,40,//,/////
3570001,1,1995,10,08,13,10,//,/////
3570001,2,1995,10,09,07,56,//,/////
3570001,1,1995,10,09,08,10,//,/////
3570001,1,1995,10,09,09,32,//,/////
3570001,1,1995,10,09,09,36,//,/////
3570001,1,1995,10,09,09,50,//,/////
3570001,1,1995,10,09,10,16,//,/////
3570001,2,1995,10,09,10,22,//,/////
3570001,1,1995,10,09,10,39,//,/////
3570001,1,1995,10,09,10,56,//,/////
3570001,1,1995,10,09,11,28,//,/////
3570001,1,1995,10,09,11,34,//,/////
3570001,1,1995,10,09,12,18,//,/////
3570001,1,1995,10,09,17,15,//,/////
3570001,1,1995,10,10,06,46,//,/////
3570001,1,1995,10,11,12,27,//,/////
3570001,1,1995,10,11,13,28,//,/////
3570001,3,1995,10,12,21,19,//,/////
3570001,1,1995,10,13,00,59,//,/////
3570001,2,1995,10,13,04,20,//,/////
3570001,1,1995,10,13,06,23,//,/////
3570001,1,1995,10,13,09,23,//,/////
3570001,2,1995,10,14,03,50,//,/////
3570001,1,1995,10,14,05,00,//,/////
3570001,1,1995,10,14,05,06,//,/////
3570001,1,1995,10,14,17,55,//,/////
3570001,1,1995,10,15,02,50,//,/////
3570001,2,1995,10,20,09,09,//,/////
3570001,1,1995,10,23,08,04,//,/////
3570001,1,1995,10,25,11,52,//,/////
3570001,2,1995,12,04,06,49,//,/////
3570001,1,1995,12,04,06,50,//,/////
3570001,1,1995,12,04,07,26,//,/////
3570001,2,1996,02,17,00,24,//,/////
3570001,2,1996,03,06,23,35,//,/////
3570001,1,1996,03,17,07,06,//,/////
3570001,1,1996,04,12,23,54,//,/////
3570001,1,1996,04,14,11,49,//,/////
3570001,2,1996,05,02,21,28,//,/////
3570001,3,1996,05,02,21,56,//,/////
3570001,2,1996,05,02,21,58,//,/////
3570001,1,1996,05,02,22,09,//,/////
3570001,2,1996,05,02,23,14,//,/////
3570001,1,1996,05,02,23,18,//,/////
3570001,3,1996,05,02,23,19,//,/////
3570001,3,1996,05,02,23,19,//,/////
3570001,1,1996,05,02,23,21,//,/////
3570001,2,1996,05,02,23,22,//,/////
3570001,2,1996,05,02,23,24,//,/////
3570001,1,1996,05,03,00,09,//,/////
3570001,1,1996,05,03,00,19,//,/////
3570001,1,1996,05,03,01,23,//,/////
3570001,1,1996,05,03,18,45,//,/////
3570001,1,1996,05,13,10,55,//,/////
3570001,1,1996,05,17,02,01,//,/////
3570001,1,1996,06,02,14,36,//,/////
3570001,1,1996,06,28,18,48,//,/////
3570001,2,1996,07,17,12,52,//,/////
3570001,1,1996,07,17,13,22,//,/////
3570001,1,1996,07,21,21,57,//,/////
3570001,1,1996,07,24,21,48,//,/////
3570001,1,1996,09,03,01,05,//,/////
3570001,2,1996,09,11,11,37,//,/////
3570001,1,1996,09,22,11,29,//,/////
3570001,1,1996,10,//,//,//,//,/////
3570001,2,1996,10,//,//,//,//,/////
3570001,1,1996,10,//,//,//,//,/////
3570001,2,1996,10,//,//,//,//,/////
3570001,1,1996,10,//,//,//,//,/////
3570001,1,1996,10,//,//,//,//,/////
3570001,3,1996,10,//,//,//,//,/////
3570001,1,1996,10,//,//,//,//,/////
3570001,2,1996,10,//,//,//,//,/////
3570001,1,1996,10,//,//,//,//,/////
3570001,3,1996,10,//,//,//,//,/////
3570001,1,1996,10,//,//,//,//,/////
3570001,3,1996,10,//,//,//,//,/////
3570001,1,1996,10,//,//,//,//,/////
3570001,1,1996,10,//,//,//,//,/////
3570001,1,1996,10,//,//,//,//,/////
3570001,1,1996,10,//,//,//,//,/////
3570001,1,1996,10,//,//,//,//,/////
3570001,1,1996,10,//,//,//,//,/////
3570001,1,1996,10,//,//,//,//,/////
3570001,1,1996,10,//,//,//,//,/////
3570001,3,1996,11,//,//,//,//,/////
3570001,1,1996,11,//,//,//,//,/////
3570001,2,1996,11,//,//,//,//,/////
3570001,1,1996,11,//,//,//,//,/////
3570001,1,1996,11,//,//,//,//,/////
3570001,3,1996,11,//,//,//,//,/////
3570001,2,1996,11,//,//,//,//,/////
3570001,2,1996,12,//,//,//,//,/////
3570001,2,1996,12,//,//,//,//,/////
3570001,1,1996,12,//,//,//,//,/////
3570001,1,1997,01,09,08,46,05,00036
3570001,1,1997,01,20,18,09,11,00061
3570001,1,1997,01,20,19,33,07,00037
3570001,1,1997,01,21,07,16,07,00048
3570001,1,1997,01,21,07,57,07,00084
3570001,1,1997,02,01,04,21,09,00051
3570001,1,1997,02,11,18,47,10,00058
3570001,1,1997,03,03,23,10,05,00020
3570001,1,1997,03,04,00,30,06,00026
3570001,2,1997,03,04,12,51,16,00047
3570001,1,1997,03,16,14,52,08,00020
3570001,1,1997,03,20,17,58,10,00076
3570001,1,1997,03,23,14,59,10,00029
3570001,1,1997,04,03,22,36,09,00045
3570001,1,1997,04,09,12,51,11,00052
3570001,2,1997,05,20,13,21,16,00064
3570001,4,1997,05,//,//,//,//,/////
3570001,1,1997,05,//,//,//,//,/////
3570001,1,1997,06,02,16,02,05,00027
3570001,1,1997,06,11,13,41,12,00067
3570001,1,1997,07,11,07,04,09,00062
3570001,3,1997,07,22,23,16,27,00405
3570001,2,1997,08,03,21,50,16,00165
3570001,1,1997,08,09,05,35,05,00021
3570001,2,1997,08,29,20,23,20,00228
3570001,2,1997,08,29,20,25,17,00152
3570001,1,1997,09,08,08,41,11,00042
3570001,1,1997,09,14,14,32,07,00032
3570001,1,1997,09,14,14,33,11,00068
3570001,1,1997,09,14,14,34,07,00038
3570001,1,1997,09,26,23,12,06,00023
3570001,2,1997,10,11,14,44,18,00125
3570001,1,1997,10,29,19,18,06,00030
3570001,1,1997,11,11,08,07,14,00037
3570001,1,1997,11,14,02,56,05,00021
3570001,1,1997,12,06,08,57,08,00034
3570001,1,1998,01,14,02,17,11,00029
3570001,1,1998,01,16,10,58,08,00032
3570001,1,1998,01,23,05,54,09,00064
3570001,1,1998,02,06,19,32,07,00040
3570001,1,1998,02,07,10,23,08,00020
3570001,1,1998,04,09,17,47,05,00020
3570001,2,1998,04,26,12,22,18,00085
3570001,2,1998,05,03,11,09,18,00057
3570001,1,1998,05,16,03,45,11,00047
3570001,1,1998,05,28,10,41,12,00062
3570001,1,1998,06,14,22,17,09,00020
3570001,2,1998,06,25,06,30,17,00069
3570001,1,1998,07,10,06,15,11,00062
3570001,1,1998,07,30,07,32,11,00063
3570001,2,1998,08,20,15,43,17,00055
3570001,2,1998,08,24,09,57,20,00145
3570001,2,1998,08,24,09,59,15,00088
3570001,2,1998,08,24,11,18,19,00185
3570001,1,1998,08,24,14,02,06,00063
3570001,2,1998,08,29,08,47,23,00150
3570001,2,1998,08,29,20,52,20,00162
3570001,1,1998,09,15,14,10,14,00088
3570001,1,1998,12,14,01,46,08,00052
3570001,1,1999,02,14,18,28,06,00038
3570001,1,1999,02,14,18,34,07,00039
3570001,1,1999,02,14,18,45,10,00060
3570001,2,1999,02,14,18,51,17,00104
3570001,2,1999,03,14,09,01,19,00216
3570001,1,1999,03,14,09,03,14,00103
3570001,4,1999,03,14,09,04,35,00967
3570001,1,1999,03,14,09,06,11,00076
3570001,1,1999,03,14,09,11,11,00071
3570001,1,1999,03,14,09,14,10,00057
3570001,1,1999,03,14,09,21,11,00100
3570001,2,1999,03,14,09,37,16,00153
3570001,1,1999,03,14,09,38,05,00049
3570001,1,1999,03,14,09,40,11,00099
3570001,1,1999,03,14,09,44,11,00065
3570001,1,1999,03,14,10,34,11,00066
3570001,2,1999,03,14,10,50,15,00101
3570001,2,1999,03,14,13,47,21,00119
3570001,3,1999,03,28,01,37,32,00602
3570001,1,1999,03,28,06,35,05,00037
3570001,1,1999,03,28,07,13,07,00038
3570001,1,1999,04,19,08,14,11,00024
3570001,1,1999,05,07,21,48,06,00022
3570001,1,1999,06,22,18,45,07,00048
3570001,1,1999,07,04,19,08,05,00044
3570001,1,1999,08,21,05,34,07,00020
3570001,1,1999,09,13,07,57,11,00034
3570001,1,1999,10,23,19,00,09,00031
3570001,1,1999,11,27,21,47,13,00041
3570001,1,1999,11,30,05,44,05,00047
3570001,1,1999,12,04,14,07,05,00022
3570001,1,1999,12,21,10,01,07,00046
3570001,1,1999,12,31,20,31,06,00024
3570001,1,2000,02,28,06,19,06,00027
3570001,1,2000,03,10,09,36,09,00032
3570001,3,2000,04,14,21,53,25,00263
3570001,1,2000,04,14,22,04,13,00073
3570001,1,2000,04,30,15,33,10,00033
3570001,2,2000,06,03,17,55,17,00055
3570001,1,2000,06,26,19,18,10,00094
3570001,1,2000,06,26,19,22,07,00054
3570001,1,2000,06,26,19,28,07,00065
3570001,1,2000,06,26,19,30,09,00068
3570001,1,2000,06,26,20,09,08,00062
3570001,1,2000,06,26,20,17,05,00054
3570001,1,2000,06,26,20,20,07,00053
3570001,1,2000,06,26,20,23,05,00062
3570001,1,2000,06,26,20,26,06,00062
3570001,1,2000,06,26,20,28,05,00083
3570001,1,2000,06,26,20,29,07,00068
3570001,1,2000,06,26,20,31,06,00067
3570001,1,2000,06,26,20,32,07,00075
3570001,1,2000,06,26,20,33,09,00095
3570001,1,2000,06,26,20,34,10,00119
3570001,1,2000,06,26,20,38,14,00199
3570001,1,2000,06,26,20,39,08,00081
3570001,1,2000,06,26,20,43,12,00184
3570001,1,2000,06,26,20,45,05,00064
3570001,1,2000,06,26,20,49,08,00061
3570001,1,2000,06,26,20,50,07,00071
3570001,1,2000,06,26,20,51,08,00057
3570001,1,2000,06,26,20,56,11,00135
3570001,1,2000,06,26,20,58,07,00064
3570001,1,2000,06,26,21,03,06,00084
3570001,1,2000,06,26,21,09,06,00057
3570001,1,2000,06,26,21,17,06,00070
3570001,1,2000,06,26,21,20,05,00067
3570001,1,2000,06,26,21,21,10,00111
3570001,1,2000,06,26,21,22,12,00148
3570001,1,2000,06,26,21,27,07,00067
3570001,1,2000,06,26,21,28,09,00071
3570001,1,2000,06,26,21,30,07,00089
3570001,1,2000,06,26,21,35,05,00083
3570001,1,2000,06,26,21,42,14,00189
3570001,1,2000,06,26,21,45,12,00154
3570001,1,2000,06,26,21,47,05,00053
3570001,1,2000,06,26,21,48,11,00083
3570001,1,2000,06,26,21,49,05,00079
3570001,1,2000,06,26,21,51,05,00083
3570001,1,2000,06,26,21,52,10,00090
3570001,1,2000,06,26,21,58,07,00061
3570001,1,2000,06,26,21,59,13,00153
3570001,1,2000,06,26,22,00,05,00048
3570001,1,2000,06,26,22,02,09,00138
3570001,1,2000,06,26,22,04,07,00069
3570001,1,2000,06,26,22,07,09,00069
3570001,1,2000,06,26,22,09,05,00048
3570001,1,2000,06,26,22,11,06,00062
3570001,1,2000,06,26,22,12,07,00049
3570001,1,2000,06,26,22,13,12,00124
3570001,1,2000,06,26,22,14,10,00134
3570001,2,2000,06,26,22,15,16,00144
3570001,1,2000,06,26,22,17,11,00065
3570001,1,2000,06,26,22,19,12,00121
3570001,1,2000,06,26,22,20,11,00075
3570001,2,2000,06,26,22,21,18,00192
3570001,1,2000,06,26,22,22,08,00094
3570001,1,2000,06,26,22,23,08,00079
3570001,1,2000,06,26,22,24,07,00062
3570001,2,2000,06,26,22,25,18,00297
3570001,1,2000,06,26,22,26,13,00099
3570001,1,2000,06,26,22,28,14,00220
3570001,1,2000,06,26,22,29,09,00057
3570001,1,2000,06,26,22,31,07,00043
3570001,1,2000,06,26,22,32,05,00048
3570001,1,2000,06,26,22,33,10,00073
3570001,1,2000,06,26,22,36,10,00079
3570001,1,2000,06,26,22,37,09,00092
3570001,1,2000,06,26,22,38,11,00094
3570001,1,2000,06,26,22,39,05,00053
3570001,1,2000,06,26,22,40,12,00110
3570001,1,2000,06,26,22,41,07,00073
3570001,2,2000,06,26,22,42,18,00294
3570001,1,2000,06,26,22,44,11,00108
3570001,1,2000,06,26,22,45,12,00133
3570001,1,2000,06,26,22,46,07,00055
3570001,1,2000,06,26,22,47,12,00151
3570001,1,2000,06,26,22,48,10,00128
3570001,1,2000,06,26,22,49,11,00104
3570001,2,2000,06,26,22,52,16,00208
3570001,1,2000,06,26,22,53,10,00103
3570001,1,2000,06,26,22,55,14,00126
3570001,2,2000,06,26,22,57,17,00177
3570001,1,2000,06,26,22,58,05,00045
3570001,1,2000,06,26,23,03,11,00074
3570001,1,2000,06,26,23,04,06,00056
3570001,1,2000,06,26,23,06,14,00111
3570001,1,2000,06,26,23,07,11,00071
3570001,1,2000,06,26,23,09,13,00077
3570001,1,2000,06,26,23,10,12,00130
3570001,1,2000,06,26,23,11,08,00055
3570001,2,2000,06,26,23,13,18,00162
3570001,1,2000,06,26,23,14,05,00047
3570001,2,2000,06,26,23,15,15,00256
3570001,1,2000,06,26,23,16,14,00206
3570001,2,2000,06,26,23,17,24,00378
3570001,2,2000,06,26,23,19,21,00194
3570001,2,2000,06,26,23,20,18,00213
3570001,1,2000,06,26,23,22,08,00073
3570001,2,2000,06,26,23,24,16,00130
3570001,1,2000,06,26,23,25,14,00167
3570001,3,2000,06,26,23,26,25,00468
3570001,1,2000,06,26,23,27,09,00063
3570001,2,2000,06,26,23,31,23,00259
3570001,1,2000,06,26,23,33,09,00061
3570001,1,2000,06,26,23,37,07,00126
3570001,1,2000,06,26,23,38,11,00132
3570001,1,2000,06,26,23,39,10,00068
3570001,1,2000,06,26,23,41,13,00159
3570001,1,2000,06,26,23,44,14,00164
3570001,1,2000,06,26,23,48,05,00052
3570001,1,2000,06,26,23,51,09,00088
3570001,1,2000,06,26,23,53,06,00073
3570001,1,2000,06,26,23,55,05,00047
3570001,1,2000,06,26,23,58,12,00107
3570001,1,2000,06,27,00,00,05,00056
3570001,1,2000,06,27,00,01,11,00114
3570001,1,2000,06,27,00,03,13,00146
3570001,1,2000,06,27,00,11,08,00066
3570001,1,2000,06,27,00,14,05,00056
3570001,1,2000,06,27,00,26,06,00055
3570001,1,2000,06,27,00,31,07,00084
3570001,1,2000,06,27,00,36,07,00058
3570001,1,2000,06,27,00,48,06,00053
3570001,1,2000,06,27,01,09,05,00043
3570001,1,2000,06,27,01,10,06,00080
3570001,1,2000,06,27,01,20,06,00063
3570001,1,2000,06,27,01,27,09,00093
3570001,1,2000,06,27,01,36,06,00064
3570001,1,2000,06,27,01,42,05,00057
3570001,1,2000,06,27,01,53,06,00056
3570001,1,2000,06,27,02,00,09,00121
3570001,1,2000,06,27,02,13,05,00054
3570001,1,2000,06,27,02,21,09,00095
3570001,1,2000,06,27,02,23,05,00054
3570001,1,2000,06,27,02,27,06,00066
3570001,1,2000,06,27,02,35,09,00087
3570001,2,2000,06,27,02,43,16,00171
3570001,1,2000,06,27,02,56,05,00051
3570001,1,2000,06,27,02,57,09,00065
3570001,1,2000,06,27,03,05,14,00169
3570001,1,2000,06,27,03,09,06,00094
3570001,1,2000,06,27,03,10,05,00055
3570001,1,2000,06,27,03,25,06,00091
3570001,1,2000,06,27,03,30,11,00085
3570001,1,2000,06,27,03,32,12,00141
3570001,1,2000,06,27,03,33,06,00061
3570001,1,2000,06,27,03,35,07,00097
3570001,1,2000,06,27,03,40,05,00045
3570001,1,2000,06,27,03,41,06,00061
3570001,1,2000,06,27,03,42,05,00065
3570001,1,2000,06,27,03,51,05,00060
3570001,1,2000,06,27,03,57,12,00112
3570001,1,2000,06,27,04,00,05,00040
3570001,1,2000,06,27,04,05,09,00081
3570001,1,2000,06,27,04,06,10,00096
3570001,1,2000,06,27,04,07,12,00142
3570001,1,2000,06,27,04,10,09,00144
3570001,1,2000,06,27,04,14,05,00057
3570001,1,2000,06,27,04,16,06,00049
3570001,1,2000,06,27,04,21,10,00104
3570001,1,2000,06,27,04,22,12,00126
3570001,1,2000,06,27,04,29,12,00134
3570001,1,2000,06,27,04,40,08,00068
3570001,1,2000,06,27,04,42,09,00091
3570001,1,2000,06,27,04,48,05,00075
3570001,2,2000,06,27,04,50,18,00209
3570001,1,2000,06,27,04,52,11,00100
3570001,1,2000,06,27,05,00,08,00081
3570001,1,2000,06,27,05,10,06,00070
3570001,3,2000,06,27,05,15,26,00594
3570001,2,2000,06,27,05,17,21,00265
3570001,1,2000,06,27,05,22,09,00252
3570001,1,2000,06,27,05,26,06,00060
3570001,1,2000,06,27,05,27,08,00087
3570001,1,2000,06,27,05,34,09,00097
3570001,1,2000,06,27,05,37,06,00059
3570001,2,2000,06,27,05,39,15,00155
3570001,1,2000,06,27,05,47,07,00067
3570001,1,2000,06,27,05,49,06,00058
3570001,1,2000,06,27,05,56,12,00122
3570001,2,2000,06,27,05,58,15,00272
3570001,1,2000,06,27,06,05,08,00085
3570001,1,2000,06,27,06,08,12,00119
3570001,1,2000,06,27,06,11,06,00074
3570001,1,2000,06,27,06,23,07,00092
3570001,2,2000,06,27,06,24,23,00393
3570001,2,2000,06,27,06,28,19,00223
3570001,1,2000,06,27,06,29,06,00070
3570001,1,2000,06,27,06,30,07,00064
3570001,1,2000,06,27,06,31,06,00057
3570001,1,2000,06,27,06,41,06,00071
3570001,1,2000,06,27,06,46,09,00071
3570001,1,2000,06,27,06,49,09,00083
3570001,1,2000,06,27,06,51,05,00040
3570001,1,2000,06,27,06,57,06,00062
3570001,1,2000,06,27,07,00,05,00052
3570001,1,2000,06,27,07,02,08,00080
3570001,1,2000,06,27,07,07,06,00057
3570001,1,2000,06,27,07,08,12,00099
3570001,2,2000,06,27,07,09,18,00230
3570001,1,2000,06,27,07,11,09,00129
3570001,1,2000,06,27,07,16,07,00064
3570001,1,2000,06,27,07,19,11,00128
3570001,1,2000,06,27,07,20,07,00047
3570001,1,2000,06,27,07,22,07,00075
3570001,1,2000,06,27,07,24,07,00058
3570001,1,2000,06,27,07,26,08,00070
3570001,1,2000,06,27,07,27,12,00091
3570001,1,2000,06,27,07,28,05,00044
3570001,1,2000,06,27,07,29,07,00056
3570001,1,2000,06,27,07,33,12,00147
3570001,1,2000,06,27,07,35,09,00077
3570001,1,2000,06,27,07,39,14,00081
3570001,1,2000,06,27,07,40,06,00045
3570001,1,2000,06,27,07,41,11,00094
3570001,1,2000,06,27,07,42,11,00124
3570001,1,2000,06,27,07,45,09,00089
3570001,1,2000,06,27,07,46,06,00049
3570001,1,2000,06,27,07,48,10,00118
3570001,1,2000,06,27,07,49,12,00093
3570001,1,2000,06,27,07,50,10,00066
3570001,1,2000,06,27,07,51,05,00043
3570001,1,2000,06,27,07,53,08,00057
3570001,1,2000,06,27,07,54,06,00050
3570001,1,2000,06,27,07,56,10,00119
3570001,1,2000,06,27,07,57,11,00068
3570001,1,2000,06,27,08,00,13,00124
3570001,1,2000,06,27,08,01,11,00124
3570001,1,2000,06,27,08,02,11,00144
3570001,1,2000,06,27,08,04,05,00075
3570001,1,2000,06,27,08,05,13,00105
3570001,1,2000,06,27,08,06,10,00070
3570001,1,2000,06,27,08,08,06,00045
3570001,1,2000,06,27,08,09,13,00124
3570001,1,2000,06,27,08,10,12,00095
3570001,1,2000,06,27,08,11,06,00049
3570001,2,2000,06,27,08,12,17,00268
3570001,1,2000,06,27,08,14,10,00062
3570001,3,2000,06,27,08,15,25,00253
3570001,1,2000,06,27,08,16,09,00078
3570001,2,2000,06,27,08,17,16,00215
3570001,1,2000,06,27,08,19,10,00078
3570001,2,2000,06,27,08,21,22,00343
3570001,1,2000,06,27,08,22,09,00058
3570001,1,2000,06,27,08,23,10,00064
3570001,2,2000,06,27,08,24,20,00286
3570001,1,2000,06,27,08,26,07,00056
3570001,2,2000,06,27,08,30,18,00301
3570001,1,2000,06,27,08,31,10,00078
3570001,1,2000,06,27,08,32,07,00058
3570001,1,2000,06,27,08,33,06,00056
3570001,1,2000,06,27,08,34,09,00051
3570001,1,2000,06,27,08,35,09,00112
3570001,1,2000,06,27,08,36,10,00100
3570001,1,2000,06,27,08,37,05,00043
3570001,1,2000,06,27,08,39,14,00120
3570001,1,2000,06,27,08,41,14,00113
3570001,2,2000,06,27,08,42,23,00303
3570001,3,2000,06,27,08,43,31,00557
3570001,1,2000,06,27,08,45,11,00096
3570001,1,2000,06,27,08,47,06,00036
3570001,1,2000,06,27,08,48,12,00116
3570001,1,2000,06,27,08,49,10,00070
3570001,1,2000,06,27,08,51,13,00146
3570001,1,2000,06,27,08,53,10,00069
3570001,1,2000,06,27,08,54,08,00047
3570001,1,2000,06,27,08,55,11,00062
3570001,1,2000,06,27,08,57,07,00047
3570001,1,2000,06,27,08,58,09,00085
3570001,2,2000,06,27,09,00,23,00252
3570001,1,2000,06,27,09,02,08,00094
3570001,1,2000,06,27,09,04,06,00063
3570001,2,2000,06,27,09,06,22,00206
3570001,1,2000,06,27,09,09,05,00074
3570001,1,2000,06,27,09,11,11,00125
3570001,2,2000,06,27,09,12,16,00230
3570001,1,2000,06,27,09,13,08,00087
3570001,2,2000,06,27,09,14,21,00363
3570001,1,2000,06,27,09,17,13,00128
3570001,2,2000,06,27,09,20,21,00318
3570001,1,2000,06,27,09,22,06,00058
3570001,1,2000,06,27,09,23,05,00069
3570001,1,2000,06,27,09,24,09,00087
3570001,1,2000,06,27,09,26,11,00128
3570001,1,2000,06,27,09,28,11,00130
3570001,1,2000,06,27,09,31,11,00128
3570001,1,2000,06,27,09,34,08,00057
3570001,2,2000,06,27,09,36,17,00190
3570001,1,2000,06,27,09,37,10,00081
3570001,1,2000,06,27,09,41,05,00060
3570001,1,2000,06,27,09,42,09,00086
3570001,1,2000,06,27,09,45,12,00105
3570001,1,2000,06,27,09,47,09,00093
3570001,1,2000,06,27,09,50,10,00133
3570001,2,2000,06,27,09,51,18,00248
3570001,2,2000,06,27,09,54,19,00286
3570001,1,2000,06,27,09,57,08,00073
3570001,2,2000,06,27,09,59,16,00221
3570001,3,2000,06,27,10,02,30,00520
3570001,1,2000,06,27,10,03,05,00045
3570001,1,2000,06,27,10,04,10,00117
3570001,1,2000,06,27,10,08,06,00054
3570001,1,2000,06,27,10,09,13,00107
3570001,1,2000,06,27,10,12,12,00094
3570001,1,2000,06,27,10,16,12,00102
3570001,1,2000,06,27,10,20,06,00073
3570001,1,2000,06,27,10,26,10,00069
3570001,1,2000,06,27,10,28,10,00058
3570001,2,2000,06,27,10,32,15,00178
3570001,2,2000,06,27,10,36,22,00406
3570001,1,2000,06,27,10,41,06,00051
3570001,1,2000,06,27,10,44,11,00117
3570001,1,2000,06,27,10,46,05,00057
3570001,1,2000,06,27,10,49,08,00057
3570001,1,2000,06,27,10,50,05,00045
3570001,1,2000,06,27,10,58,07,00088
3570001,2,2000,06,27,11,00,18,00223
3570001,1,2000,06,27,11,02,07,00081
3570001,2,2000,06,27,11,06,19,00256
3570001,1,2000,06,27,11,08,07,00052
3570001,1,2000,06,27,11,11,10,00084
3570001,1,2000,06,27,11,12,07,00068
3570001,2,2000,06,27,11,13,17,00236
3570001,2,2000,06,27,11,16,17,00268
3570001,1,2000,06,27,11,19,08,00053
3570001,1,2000,06,27,11,20,13,00125
3570001,1,2000,06,27,11,21,06,00074
3570001,2,2000,06,27,11,24,20,00242
3570001,1,2000,06,27,11,25,08,00043
3570001,1,2000,06,27,11,28,05,00048
3570001,2,2000,06,27,11,29,16,00136
3570001,1,2000,06,27,11,30,13,00125
3570001,3,2000,06,27,11,32,27,00489
3570001,1,2000,06,27,11,33,10,00116
3570001,1,2000,06,27,11,34,11,00099
3570001,1,2000,06,27,11,35,09,00090
3570001,1,2000,06,27,11,36,10,00118
3570001,1,2000,06,27,11,39,10,00092
3570001,1,2000,06,27,11,40,06,00040
3570001,1,2000,06,27,11,41,13,00091
3570001,1,2000,06,27,11,43,05,00047
3570001,4,2000,06,27,11,44,36,01468
3570001,2,2000,06,27,11,45,15,00239
3570001,1,2000,06,27,11,46,08,00058
3570001,1,2000,06,27,11,49,07,00079
3570001,2,2000,06,27,11,50,20,00285
3570001,2,2000,06,27,11,51,18,00277
3570001,1,2000,06,27,11,52,07,00061
3570001,1,2000,06,27,11,53,08,00075
3570001,1,2000,06,27,11,54,06,00061
3570001,1,2000,06,27,11,55,06,00054
3570001,1,2000,06,27,11,56,12,00123
3570001,1,2000,06,27,11,57,06,00064
3570001,1,2000,06,27,11,58,10,00120
3570001,1,2000,06,27,11,59,05,00056
3570001,2,2000,06,27,12,00,19,00148
3570001,1,2000,06,27,12,01,07,00060
3570001,3,2000,06,27,12,03,25,00386
3570001,1,2000,06,27,12,04,13,00088
3570001,1,2000,06,27,12,06,06,00063
3570001,2,2000,06,27,12,07,15,00159
3570001,1,2000,06,27,12,09,10,00107
3570001,1,2000,06,27,12,10,08,00082
3570001,1,2000,06,27,12,11,05,00060
3570001,1,2000,06,27,12,13,10,00090
3570001,2,2000,06,27,12,15,18,00213
3570001,2,2000,06,27,12,16,16,00093
3570001,2,2000,06,27,12,18,21,00280
3570001,1,2000,06,27,12,19,07,00049
3570001,2,2000,06,27,12,20,21,00300
3570001,1,2000,06,27,12,21,07,00046
3570001,2,2000,06,27,12,24,15,00146
3570001,1,2000,06,27,12,25,10,00064
3570001,1,2000,06,27,12,26,06,00082
3570001,1,2000,06,27,12,30,13,00090
3570001,1,2000,06,27,12,32,07,00091
3570001,1,2000,06,27,12,34,13,00103
3570001,1,2000,06,27,12,35,12,00086
3570001,1,2000,06,27,12,36,07,00060
3570001,1,2000,06,27,12,38,05,00035
3570001,2,2000,06,27,12,39,18,00254
3570001,1,2000,06,27,12,40,12,00103
3570001,1,2000,06,27,12,41,08,00079
3570001,1,2000,06,27,12,42,06,00036
3570001,1,2000,06,27,12,45,05,00039
3570001,1,2000,06,27,12,46,06,00079
3570001,1,2000,06,27,12,48,14,00125
3570001,2,2000,06,27,12,49,17,00171
3570001,2,2000,06,27,12,52,16,00128
3570001,1,2000,06,27,12,54,13,00159
3570001,1,2000,06,27,12,55,10,00078
3570001,3,2000,06,27,12,56,33,00816
3570001,1,2000,06,27,12,58,07,00049
3570001,1,2000,06,27,12,59,09,00099
3570001,2,2000,06,27,13,00,19,00271
3570001,1,2000,06,27,13,01,09,00100
3570001,1,2000,06,27,13,02,05,00067
3570001,1,2000,06,27,13,03,13,00134
3570001,1,2000,06,27,13,04,11,00108
3570001,1,2000,06,27,13,05,06,00079
3570001,1,2000,06,27,13,06,05,00038
3570001,2,2000,06,27,13,07,19,00251
3570001,1,2000,06,27,13,08,14,00138
3570001,1,2000,06,27,13,09,08,00077
3570001,2,2000,06,27,13,10,20,00233
3570001,1,2000,06,27,13,11,05,00046
3570001,1,2000,06,27,13,12,12,00138
3570001,2,2000,06,27,13,13,16,00092
3570001,1,2000,06,27,13,15,09,00096
3570001,2,2000,06,27,13,17,16,00197
3570001,1,2000,06,27,13,18,12,00093
3570001,1,2000,06,27,13,19,11,00090
3570001,2,2000,06,27,13,20,21,00327
3570001,3,2000,06,27,13,21,26,00468
3570001,1,2000,06,27,13,22,10,00063
3570001,1,2000,06,27,13,23,11,00085
3570001,1,2000,06,27,13,24,13,00114
3570001,1,2000,06,27,13,25,07,00054
3570001,1,2000,06,27,13,26,12,00095
3570001,1,2000,06,27,13,27,11,00070
3570001,2,2000,06,27,13,28,20,00188
3570001,1,2000,06,27,13,29,10,00048
3570001,2,2000,06,27,13,30,15,00140
3570001,3,2000,06,27,13,31,25,00506
3570001,2,2000,06,27,13,32,16,00111
3570001,2,2000,06,27,13,33,15,00127
3570001,1,2000,06,27,13,34,13,00102
3570001,3,2000,06,27,13,35,30,00423
3570001,2,2000,06,27,13,36,16,00213
3570001,2,2000,06,27,13,37,18,00193
3570001,3,2000,06,27,13,38,30,00594
3570001,1,2000,06,27,13,39,05,00044
3570001,2,2000,06,27,13,40,19,00156
3570001,1,2000,06,27,13,41,12,00080
3570001,2,2000,06,27,13,42,18,00201
3570001,3,2000,06,27,13,43,33,00747
3570001,1,2000,06,27,13,44,10,00055
3570001,1,2000,06,27,13,45,12,00074
3570001,1,2000,06,27,13,46,08,00058
3570001,1,2000,06,27,13,47,07,00063
3570001,3,2000,06,27,13,48,26,00462
3570001,2,2000,06,27,13,49,20,00170
3570001,1,2000,06,27,13,50,13,00104
3570001,2,2000,06,27,13,51,15,00139
3570001,1,2000,06,27,13,52,13,00090
3570001,3,2000,06,27,13,53,26,00394
3570001,1,2000,06,27,13,54,08,00059
3570001,2,2000,06,27,13,55,16,00162
3570001,3,2000,06,27,13,56,30,00642
3570001,1,2000,06,27,13,57,10,00073
3570001,1,2000,06,27,13,58,13,00081
3570001,1,2000,06,27,13,59,13,00122
3570001,2,2000,06,27,14,00,18,00130
3570001,3,2000,06,27,14,01,34,01053
3570001,2,2000,06,27,14,02,16,00116
3570001,1,2000,06,27,14,03,13,00080
3570001,1,2000,06,27,14,04,06,00081
3570001,4,2000,06,27,14,05,36,01091
3570001,2,2000,06,27,14,06,17,00131
3570001,2,2000,06,27,14,07,21,00185
3570001,2,2000,06,27,14,08,22,00274
3570001,1,2000,06,27,14,09,13,00086
3570001,1,2000,06,27,14,10,08,00053
3570001,1,2000,06,27,14,11,12,00064
3570001,2,2000,06,27,14,12,15,00092
3570001,1,2000,06,27,14,13,07,00040
3570001,3,2000,06,27,14,14,26,00287
3570001,1,2000,06,27,14,15,14,00102
3570001,1,2000,06,27,14,16,11,00079
3570001,2,2000,06,27,14,17,19,00217
3570001,3,2000,06,27,14,18,33,01092
3570001,2,2000,06,27,14,19,16,00121
3570001,2,2000,06,27,14,20,20,00353
3570001,2,2000,06,27,14,21,24,00426
3570001,1,2000,06,27,14,22,11,00056
3570001,1,2000,06,27,14,23,11,00064
3570001,2,2000,06,27,14,24,18,00199
3570001,4,2000,06,27,14,25,40,01278
3570001,1,2000,06,27,14,26,12,00078
3570001,2,2000,06,27,14,29,16,00133
3570001,1,2000,06,27,14,30,07,00046
3570001,1,2000,06,27,14,31,08,00052
3570001,2,2000,06,27,14,32,15,00234
3570001,1,2000,06,27,14,34,11,00092
3570001,2,2000,06,27,14,35,23,00341
3570001,2,2000,06,27,14,36,18,00132
3570001,2,2000,06,27,14,37,16,00131
3570001,1,2000,06,27,14,38,11,00114
3570001,3,2000,06,27,14,40,25,00422
3570001,2,2000,06,27,14,42,22,00259
3570001,3,2000,06,27,14,44,29,00909
3570001,2,2000,06,27,14,45,19,00282
3570001,2,2000,06,27,14,46,15,00150
3570001,2,2000,06,27,14,47,22,00233
3570001,2,2000,06,27,14,48,16,00167
3570001,1,2000,06,27,14,49,11,00129
3570001,1,2000,06,27,14,50,05,00042
3570001,2,2000,06,27,14,51,20,00238
3570001,2,2000,06,27,14,52,16,00191
3570001,2,2000,06,27,14,53,22,00428
3570001,2,2000,06,27,14,54,19,00200
3570001,1,2000,06,27,14,56,14,00130
3570001,2,2000,06,27,14,57,21,00156
3570001,1,2000,06,27,14,58,07,00060
3570001,2,2000,06,27,14,59,19,00218
3570001,2,2000,06,27,15,00,15,00075
3570001,2,2000,06,27,15,01,24,00427
3570001,3,2000,06,27,15,02,26,00322
3570001,2,2000,06,27,15,03,23,00240
3570001,2,2000,06,27,15,04,20,00173
3570001,1,2000,06,27,15,05,12,00083
3570001,1,2000,06,27,15,06,13,00129
3570001,2,2000,06,27,15,07,15,00163
3570001,2,2000,06,27,15,08,22,00272
3570001,2,2000,06,27,15,09,24,00429
3570001,2,2000,06,27,15,10,19,00153
3570001,4,2000,06,27,15,11,41,01658
3570001,2,2000,06,27,15,12,24,00468
3570001,1,2000,06,27,15,13,07,00048
3570001,1,2000,06,27,15,14,13,00153
3570001,2,2000,06,27,15,15,16,00131
3570001,3,2000,06,27,15,16,26,00419
3570001,2,2000,06,27,15,17,22,00277
3570001,2,2000,06,27,15,18,18,00129
3570001,1,2000,06,27,15,19,14,00115
3570001,2,2000,06,27,15,20,17,00148
3570001,1,2000,06,27,15,21,10,00088
3570001,1,2000,06,27,15,22,09,00047
3570001,1,2000,06,27,15,23,13,00087
3570001,1,2000,06,27,15,24,11,00079
3570001,1,2000,06,27,15,25,14,00112
3570001,3,2000,06,27,15,26,26,00323
3570001,1,2000,06,27,15,27,13,00167
3570001,2,2000,06,27,15,28,19,00197
3570001,2,2000,06,27,15,29,17,00217
3570001,1,2000,06,27,15,30,09,00064
3570001,3,2000,06,27,15,31,27,00387
3570001,2,2000,06,27,15,33,16,00253
3570001,1,2000,06,27,15,34,11,00089
3570001,3,2000,06,27,15,35,29,00489
3570001,3,2000,06,27,15,37,31,00539
3570001,3,2000,06,27,15,38,29,00719
3570001,3,2000,06,27,15,39,29,00489
3570001,2,2000,06,27,15,40,19,00154
3570001,1,2000,06,27,15,41,12,00105
3570001,2,2000,06,27,15,42,20,00192
3570001,2,2000,06,27,15,43,17,00192
3570001,1,2000,06,27,15,44,14,00127
3570001,3,2000,06,27,15,45,31,00712
3570001,3,2000,06,27,15,46,26,00509
3570001,3,2000,06,27,15,48,33,01086
3570001,1,2000,06,27,15,49,07,00088
3570001,1,2000,06,27,15,50,14,00138
3570001,1,2000,06,27,15,51,05,00043
3570001,1,2000,06,27,15,52,08,00062
3570001,1,2000,06,27,15,53,08,00051
3570001,2,2000,06,27,15,54,18,00169
3570001,3,2000,06,27,15,55,28,00443
3570001,1,2000,06,27,15,57,10,00109
3570001,3,2000,06,27,15,58,31,00857
3570001,1,2000,06,27,15,59,06,00067
3570001,2,2000,06,27,16,02,21,00297
3570001,4,2000,06,27,16,03,37,01496
3570001,2,2000,06,27,16,04,19,00127
3570001,3,2000,06,27,16,05,30,00456
3570001,1,2000,06,27,16,06,10,00051
3570001,1,2000,06,27,16,07,11,00090
3570001,1,2000,06,27,16,09,12,00083
3570001,1,2000,06,27,16,10,11,00061
3570001,2,2000,06,27,16,11,15,00133
3570001,1,2000,06,27,16,12,12,00105
3570001,2,2000,06,27,16,13,16,00195
3570001,1,2000,06,27,16,15,11,00138
3570001,3,2000,06,27,16,16,25,00372
3570001,3,2000,06,27,16,18,30,00745
3570001,2,2000,06,27,16,19,17,00100
3570001,1,2000,06,27,16,20,08,00067
3570001,2,2000,06,27,16,21,19,00202
3570001,1,2000,06,27,16,22,08,00047
3570001,1,2000,06,27,16,23,14,00120
3570001,1,2000,06,27,16,24,10,00068
3570001,2,2000,06,27,16,25,24,00286
3570001,1,2000,06,27,16,26,07,00092
3570001,2,2000,06,27,16,27,24,00568
3570001,1,2000,06,27,16,28,08,00053
3570001,1,2000,06,27,16,29,12,00104
3570001,2,2000,06,27,16,30,20,00200
3570001,1,2000,06,27,16,32,12,00106
3570001,2,2000,06,27,16,36,23,00421
3570001,1,2000,06,27,16,46,10,00066
3570001,1,2000,06,27,16,47,12,00091
3570001,1,2000,06,27,16,48,09,00059
3570001,3,2000,06,27,16,49,26,00384
3570001,1,2000,06,27,16,51,10,00070
3570001,1,2000,06,27,16,52,06,00041
3570001,3,2000,06,27,16,53,27,00456
3570001,1,2000,06,27,16,54,12,00049
3570001,1,2000,06,27,16,55,11,00080
3570001,1,2000,06,27,16,56,14,00096
3570001,2,2000,06,27,16,58,23,00344
3570001,1,2000,06,27,17,01,11,00066
3570001,1,2000,06,27,17,02,09,00057
3570001,1,2000,06,27,17,05,14,00155
3570001,4,2000,06,27,17,08,37,00985
3570001,1,2000,06,27,17,13,13,00102
3570001,1,2000,06,27,17,16,10,00060
3570001,1,2000,06,27,17,24,07,00057
3570001,3,2000,06,27,17,27,28,00712
3570001,2,2000,06,27,17,28,21,00251
3570001,3,2000,06,27,17,31,32,00780
3570001,4,2000,06,27,17,32,37,01916
3570001,4,2000,06,27,17,34,35,01077
3570001,1,2000,06,27,17,35,11,00073
3570001,3,2000,06,27,17,38,28,00526
3570001,1,2000,06,27,17,39,08,00045
3570001,3,2000,06,27,17,41,31,01148
3570001,2,2000,06,27,17,42,15,00090
3570001,2,2000,06,27,17,48,18,00177
3570001,1,2000,06,27,17,49,14,00088
3570001,3,2000,06,27,17,50,26,00434
3570001,1,2000,06,27,17,52,13,00067
3570001,2,2000,06,27,17,53,21,00328
3570001,2,2000,06,27,17,55,17,00124
3570001,3,2000,06,27,18,02,26,00361
3570001,2,2000,06,27,18,08,15,00130
3570001,2,2000,06,27,18,09,16,00164
3570001,1,2000,06,27,18,10,13,00120
3570001,1,2000,06,27,18,11,14,00125
3570001,1,2000,06,27,18,12,08,00056
3570001,2,2000,06,27,18,15,20,00245
3570001,1,2000,06,27,18,18,10,00082
3570001,1,2000,06,27,18,19,14,00110
3570001,2,2000,06,27,18,21,15,00083
3570001,2,2000,06,27,18,22,19,00190
3570001,1,2000,06,27,18,25,05,00048
3570001,1,2000,06,27,18,29,07,00042
3570001,1,2000,06,27,18,32,12,00071
3570001,1,2000,06,27,18,35,09,00062
3570001,1,2000,06,27,18,36,10,00070
3570001,2,2000,06,27,18,38,22,00292
3570001,1,2000,06,27,18,39,14,00105
3570001,4,2000,06,27,18,41,35,00776
3570001,3,2000,06,27,18,42,25,00505
3570001,2,2000,06,27,18,43,15,00128
3570001,2,2000,06,27,18,50,15,00098
3570001,1,2000,06,27,18,53,08,00071
3570001,2,2000,06,27,18,57,16,00174
3570001,2,2000,06,27,18,58,20,00304
3570001,2,2000,06,27,18,59,21,00213
3570001,3,2000,06,27,19,03,30,00540
3570001,3,2000,06,27,19,04,25,00509
3570001,1,2000,06,27,19,09,11,00033
3570001,2,2000,06,27,19,15,16,00247
3570001,1,2000,06,27,19,28,06,00061
3570001,2,2000,06,27,19,35,24,00380
3570001,1,2000,06,27,19,38,13,00105
3570001,2,2000,06,27,19,54,16,00161
3570001,2,2000,06,27,19,57,16,00120
3570001,2,2000,06,27,19,58,24,00391
3570001,2,2000,06,27,20,03,16,00121
3570001,1,2000,06,27,20,06,10,00099
3570001,2,2000,06,27,20,07,19,00225
3570001,1,2000,06,27,20,16,12,00118
3570001,4,2000,06,27,20,18,37,01136
3570001,2,2000,06,27,20,19,16,00045
3570001,2,2000,06,27,20,25,21,00086
3570001,1,2000,06,27,20,26,12,00133
3570001,2,2000,06,27,20,28,19,00326
3570001,1,2000,06,27,20,32,13,00098
3570001,2,2000,06,27,20,35,19,00212
3570001,2,2000,06,27,20,41,17,00121
3570001,1,2000,06,27,20,42,10,00073
3570001,1,2000,06,27,20,45,07,00043
3570001,2,2000,06,27,20,46,18,00248
3570001,3,2000,06,27,20,47,27,00560
3570001,2,2000,06,27,20,49,19,00247
3570001,3,2000,06,27,20,50,31,01001
3570001,1,2000,06,27,20,52,09,00107
3570001,2,2000,06,27,20,53,21,00362
3570001,1,2000,06,27,21,02,09,00045
3570001,2,2000,06,27,21,05,16,00332
3570001,3,2000,06,27,21,09,30,00506
3570001,2,2000,06,27,21,12,17,00164
3570001,1,2000,06,27,21,13,05,00047
3570001,1,2000,06,27,21,16,09,00089
3570001,2,2000,06,27,21,17,18,00176
3570001,2,2000,06,27,21,18,18,00287
3570001,1,2000,06,27,21,19,13,00115
3570001,1,2000,06,27,21,21,14,00133
3570001,1,2000,06,27,21,22,10,00068
3570001,2,2000,06,27,21,23,22,00413
3570001,2,2000,06,27,21,25,20,00209
3570001,2,2000,06,27,21,32,15,00100
3570001,2,2000,06,27,21,33,21,00186
3570001,2,2000,06,27,21,35,17,00150
3570001,3,2000,06,27,21,36,25,00273
3570001,1,2000,06,27,21,38,05,00041
3570001,2,2000,06,27,21,40,22,00254
3570001,2,2000,06,27,21,41,20,00234
3570001,1,2000,06,27,21,42,09,00081
3570001,1,2000,06,27,21,46,14,00173
3570001,1,2000,06,27,21,47,06,00044
3570001,1,2000,06,27,21,48,12,00095
3570001,2,2000,06,27,21,49,23,00280
3570001,2,2000,06,27,21,57,17,00153
3570001,2,2000,06,27,21,58,16,00117
3570001,1,2000,06,27,21,59,12,00087
3570001,1,2000,06,27,22,01,13,00108
3570001,2,2000,06,27,22,03,18,00499
3570001,1,2000,06,27,22,05,13,00063
3570001,2,2000,06,27,22,07,19,00104
3570001,2,2000,06,27,22,10,22,00298
3570001,2,2000,06,27,22,13,15,00191
3570001,2,2000,06,27,22,15,19,00210
3570001,1,2000,06,27,22,16,07,00064
3570001,1,2000,06,27,22,17,13,00102
3570001,1,2000,06,27,22,21,06,00049
3570001,2,2000,06,27,22,22,23,00380
3570001,2,2000,06,27,22,25,18,00209
3570001,2,2000,06,27,22,27,15,00171
3570001,2,2000,06,27,22,28,19,00208
3570001,1,2000,06,27,22,30,13,00123
3570001,1,2000,06,27,22,31,10,00099
3570001,3,2000,06,27,22,34,26,00446
3570001,1,2000,06,27,22,39,10,00053
3570001,1,2000,06,27,22,40,13,00139
3570001,4,2000,06,27,22,42,35,00764
3570001,2,2000,06,27,22,43,17,00091
3570001,1,2000,06,27,22,47,08,00073
3570001,2,2000,06,27,22,52,23,00294
3570001,1,2000,06,27,22,57,05,00040
3570001,1,2000,06,27,23,02,13,00221
3570001,1,2000,06,27,23,03,12,00102
3570001,1,2000,06,27,23,10,09,00079
3570001,1,2000,06,27,23,12,06,00035
3570001,1,2000,06,27,23,13,05,00039
3570001,2,2000,06,27,23,15,18,00185
3570001,1,2000,06,27,23,24,11,00103
3570001,2,2000,06,27,23,31,18,00212
3570001,1,2000,06,27,23,33,09,00106
3570001,2,2000,06,27,23,34,19,00231
3570001,2,2000,06,27,23,40,19,00267
3570001,1,2000,06,27,23,41,05,00042
3570001,1,2000,06,27,23,48,11,00091
3570001,2,2000,06,27,23,50,16,00151
3570001,2,2000,06,27,23,53,16,00192
3570001,1,2000,06,27,23,58,06,00083
3570001,2,2000,06,27,23,59,16,00186
3570001,2,2000,06,28,00,00,15,00126
3570001,1,2000,06,28,00,01,05,00044
3570001,1,2000,06,28,00,03,08,00122
3570001,1,2000,06,28,00,05,09,00071
3570001,2,2000,06,28,00,08,18,00097
3570001,1,2000,06,28,00,11,08,00073
3570001,1,2000,06,28,00,16,08,00062
3570001,2,2000,06,28,00,17,19,00203
3570001,1,2000,06,28,00,18,11,00076
3570001,1,2000,06,28,00,20,05,00014
3570001,2,2000,06,28,00,25,15,00089
3570001,2,2000,06,28,00,28,16,00150
3570001,3,2000,06,28,00,37,30,00376
3570001,1,2000,06,28,00,38,10,00071
3570001,1,2000,06,28,00,41,07,00078
3570001,2,2000,06,28,00,42,15,00144
3570001,3,2000,06,28,00,55,26,00523
3570001,1,2000,06,28,00,56,11,00109
3570001,1,2000,06,28,01,01,07,00087
3570001,2,2000,06,28,01,02,23,00496
3570001,2,2000,06,28,01,04,15,00125
3570001,1,2000,06,28,01,05,09,00069
3570001,1,2000,06,28,01,10,08,00058
3570001,2,2000,06,28,01,12,20,00288
3570001,1,2000,06,28,01,17,09,00078
3570001,1,2000,06,28,01,20,13,00145
3570001,1,2000,06,28,01,34,07,00069
3570001,1,2000,06,28,01,37,11,00086
3570001,2,2000,06,28,01,38,22,00255
3570001,1,2000,06,28,01,42,05,00038
3570001,1,2000,06,28,01,50,12,00109
3570001,1,2000,06,28,01,53,05,00037
3570001,1,2000,06,28,01,56,05,00062
3570001,2,2000,06,28,02,02,22,00256
3570001,1,2000,06,28,02,03,12,00147
3570001,1,2000,06,28,02,12,13,00127
3570001,1,2000,06,28,02,14,08,00089
3570001,2,2000,06,28,02,24,16,00205
3570001,1,2000,06,28,02,31,12,00135
3570001,1,2000,06,28,02,34,10,00092
3570001,1,2000,06,28,02,35,05,00051
3570001,1,2000,06,28,02,36,10,00076
3570001,1,2000,06,28,02,54,05,00057
3570001,1,2000,06,28,02,55,06,00044
3570001,2,2000,06,28,02,58,16,00136
3570001,1,2000,06,28,03,41,07,00095
3570001,1,2000,06,28,03,43,06,00067
3570001,1,2000,06,28,03,54,06,00071
3570001,2,2000,06,28,04,14,20,00407
3570001,1,2000,06,28,04,15,10,00115
3570001,1,2000,06,28,04,29,12,00179
3570001,1,2000,06,28,04,34,06,00093
3570001,1,2000,06,28,04,41,05,00047
3570001,2,2000,06,28,04,47,16,00203
3570001,1,2000,06,28,04,48,07,00063
3570001,1,2000,06,28,04,55,06,00048
3570001,1,2000,06,28,05,02,09,00167
3570001,1,2000,06,28,05,03,08,00054
3570001,3,2000,06,28,05,14,31,00666
3570001,1,2000,06,28,05,18,10,00170
3570001,1,2000,06,28,05,22,13,00135
3570001,3,2000,06,28,05,26,26,00547
3570001,2,2000,06,28,05,35,20,00227
3570001,1,2000,06,28,05,36,13,00151
3570001,1,2000,06,28,05,40,08,00071
3570001,1,2000,06,28,05,42,05,00067
3570001,3,2000,06,28,05,43,31,00936
3570001,2,2000,06,28,05,44,18,00147
3570001,1,2000,06,28,05,45,10,00063
3570001,2,2000,06,28,05,47,18,00189
3570001,2,2000,06,28,05,57,16,00127
3570001,1,2000,06,28,06,04,11,00106
3570001,1,2000,06,28,06,10,08,00073
3570001,2,2000,06,28,06,11,15,00109
3570001,1,2000,06,28,06,12,09,00068
3570001,1,2000,06,28,06,13,10,00071
