station,intensity,year,month,day,hour,minute,second,intensity_equip,acceleration_max_comb
3110431,1,2000,01,15,15,24,15. ,05,00097
3110431,1,2000,02,06,04,44,00. ,05,00034
3110431,1,2000,03,20,06,27,02. ,07,00039
3110431,2,2000,04,10,06,30,50. ,20,00232
3110431,1,2000,04,15,05,27,04. ,06,00062
3110431,2,2000,06,03,17,55,12. ,15,00060
3110431,1,2000,07,01,05,34,36. ,08,00034
3110431,1,2000,07,16,01,33,19. ,07,00031
3110431,2,2000,07,21,03,39,45. ,24,00235
3110431,1,2000,08,06,16,30,37. ,14,00051
3110431,1,2000,08,15,03,55,14. ,10,00055
3110431,1,2000,08,19,16,38,09. ,11,00104
3110431,1,2000,08,27,08,42,40. ,07,00032
3110431,2,2000,09,09,20,49,03. ,17,00149
3110431,2,2000,10,18,12,58,36. ,15,00072
3110431,1,2000,10,19,16,25,16. ,10,00053
3110431,1,2000,10,24,08,11,33. ,08,00031
3110431,1,2000,11,16,18,32,38. ,09,00039
3110431,1,2000,11,17,23,22,25. ,10,00102
3110431,1,2001,01,29,09,59,36. ,06,00055
3110431,1,2001,02,15,04,45,53. ,09,00042
3110431,1,2001,02,18,16,17,40. ,05,00076
3110431,1,2001,02,25,06,54,59. ,10,00032
3110431,1,2001,03,06,14,32,46. ,11,00075
3110431,1,2001,03,31,06,09,51. ,06,00032
3110431,1,2001,04,20,01,45,02. ,14,00135
3110431,2,2001,05,24,13,23,15. ,16,00103
3110431,2,2001,05,31,08,59,31. ,23,00508
3110431,1,2001,06,11,13,23,22. ,05,00029
3110431,3,2001,07,20,06,02,46. ,29,00862
3110431,1,2001,07,26,03,33,26. ,11,00084
3110431,1,2001,09,04,23,55,23. ,10,00042
3110431,1,2001,09,25,04,35,36. ,11,00076
3110431,1,2001,09,25,04,57,49. ,11,00065
3110431,1,2001,10,02,17,20,49. ,11,00044
3110431,1,2001,10,02,23,02,30. ,08,00056
3110431,2,2001,10,18,06,30,40. ,22,00201
3110431,1,2001,11,02,07,43,40. ,07,00055
3110431,1,2001,12,01,11,27,12. ,06,00033
3110431,1,2001,12,02,22,03,15. ,13,00059
3110431,2,2002,02,05,19,57,13. ,16,00131
3110431,2,2002,02,12,22,44,31. ,19,00138
3110431,1,2002,02,21,15,15,13. ,05,00061
3110431,1,2002,02,25,22,14,35. ,12,00089
3110431,1,2002,03,17,03,01,54. ,12,00103
3110431,1,2002,05,19,05,00,50. ,11,00047
3110431,1,2002,05,25,09,37,59. ,08,00047
3110431,3,2002,06,14,11,43,00. ,25,00421
3110431,2,2002,07,13,21,46,12. ,24,00211
3110431,1,2002,07,24,05,06,40. ,09,00027
3110431,1,2002,07,27,17,59,23. ,05,00059
3110431,1,2002,09,07,06,57,48. ,09,00075
3110431,1,2002,10,21,01,06,38. ,11,00049
3110431,1,2002,11,03,12,39,17. ,09,00033
3110431,1,2002,12,23,05,32,06. ,10,00088
3110431,1,2003,01,09,13,14,58. ,08,00037
3110431,2,2003,01,31,17,54,06. ,20,00143
3110431,2,2003,02,16,12,04,33. ,18,00106
3110431,3,2003,03,13,12,13,09. ,28,00556
3110431,2,2003,04,08,04,17,38. ,19,00176
3110431,1,2003,04,21,10,19,04. ,06,00043
3110431,1,2003,04,25,07,41,07. ,08,00040
3110431,1,2003,05,06,23,48,57. ,14,00124
3110431,1,2003,05,10,11,46,22. ,11,00042
3110431,3,2003,05,12,00,57,21. ,27,00270
3110431,2,2003,05,12,00,59,42. ,21,00123
3110431,1,2003,05,17,23,33,50. ,10,00031
3110431,1,2003,05,26,08,17,47. ,06,00049
3110431,2,2003,05,26,18,25,26. ,22,00146
3110431,2,2003,05,31,02,47,24. ,16,00120
3110431,1,2003,06,09,19,00,05. ,10,00053
3110431,1,2003,06,16,18,34,46. ,14,00075
3110431,1,2003,07,26,07,14,49. ,10,00034
3110431,2,2003,08,04,20,57,31. ,17,00116
3110431,2,2003,08,18,19,00,08. ,15,00085
3110431,1,2003,09,16,17,43,49. ,09,00056
3110431,2,2003,09,20,12,55,35. ,21,00127
3110431,2,2003,10,15,16,30,54. ,17,00084
3110431,3,2003,11,12,17,28,50. ,28,00330
3110431,2,2003,11,15,03,44,27. ,15,00083
3110431,1,2004,01,08,09,44,43. ,07,00049
3110431,2,2004,01,23,18,02,12. ,19,00107
3110431,2,2004,02,04,04,11,15. ,18,00113
3110431,1,2004,03,11,11,35,32. ,09,00053
3110431,2,2004,04,04,08,02,32. ,17,00093
3110431,1,2004,04,05,02,39,50. ,07,00050
3110431,1,2004,05,08,09,10,36. ,06,00033
3110431,1,2004,06,03,18,44,30. ,05,00061
3110431,2,2004,07,10,20,07,17. ,20,00191
3110431,1,2004,07,17,15,11,13. ,11,00037
3110431,1,2004,08,06,03,24,02. ,13,00058
3110431,1,2004,08,19,20,41,27. ,09,00045
3110431,1,2004,09,01,11,50,19. ,12,00052
3110431,3,2004,10,06,23,40,55. ,31,00438
3110431,2,2004,10,07,22,02,02. ,15,00100
3110431,1,2004,10,17,02,20,08. ,07,00030
3110431,1,2004,10,17,03,55,27. ,10,00044
3110431,2,2004,10,23,17,56,22. ,21,00125
3110431,2,2004,10,23,18,03,35. ,16,00050
3110431,1,2004,10,23,18,12,31. ,12,00045
3110431,2,2004,10,23,18,34,27. ,22,00139
3110431,1,2004,10,25,06,05,35. ,13,00033
3110431,2,2004,10,27,10,41,10. ,16,00081
3110431,1,2004,11,06,10,25,43. ,11,00098
3110431,1,2004,11,08,11,16,38. ,12,00032
3110431,2,2005,02,08,11,29,42. ,22,00260
3110431,2,2005,02,16,04,46,48. ,24,00460
3110431,2,2005,02,23,21,59,03. ,22,00434
3110431,1,2005,02,25,06,31,13. ,07,00034
3110431,2,2005,04,04,02,58,03. ,15,00062
3110431,2,2005,04,11,07,22,38. ,17,00052
3110431,2,2005,05,08,15,04,48. ,17,00152
3110431,1,2005,05,14,00,15,04. ,11,00163
3110431,2,2005,05,15,15,55,28. ,20,00247
3110431,1,2005,05,21,21,36,53. ,08,00048
3110431,1,2005,06,17,05,57,01. ,05,00056
3110431,2,2005,06,20,01,15,47. ,18,00094
3110431,1,2005,07,11,07,28,03. ,08,00049
3110431,3,2005,07,23,16,35,16. ,28,00305
3110431,1,2005,07,23,16,37,58. ,07,00031
3110431,1,2005,07,23,16,42,55. ,07,00032
3110431,3,2005,07,28,19,15,45. ,26,00345
3110431,1,2005,08,08,00,07,28. ,09,00035
3110431,3,2005,08,16,11,47,25. ,29,00255
3110431,2,2005,08,17,09,31,03. ,17,00078
3110431,1,2005,09,07,13,23,30. ,11,00064
3110431,2,2005,10,16,16,05,54. ,19,00221
3110431,2,2005,10,19,20,45,07. ,22,00175
3110431,1,2005,10,22,22,13,25. ,10,00053
3110431,1,2005,10,28,20,00,23. ,06,00042
3110431,2,2005,10,31,02,32,15. ,15,00197
3110431,1,2005,11,02,07,17,42. ,07,00035
3110431,1,2005,11,12,06,02,38. ,09,00057
3110431,2,2005,11,15,06,40,11. ,18,00102
3110431,1,2005,12,02,21,54,56. ,09,00106
3110431,1,2005,12,17,03,33,41. ,09,00037
3110431,3,2005,12,28,18,46,17. ,26,00415
3110431,2,2006,01,14,15,30,21. ,18,00160
3110431,1,2006,01,16,07,54,29. ,06,00041
3110431,3,2006,02,01,20,36,12. ,25,00252
3110431,1,2006,03,10,17,56,27. ,11,00055
3110431,1,2006,03,13,12,41,40. ,08,00087
3110431,1,2006,03,23,23,04,10. ,06,00035
3110431,1,2006,03,28,22,35,13. ,12,00055
3110431,1,2006,03,29,19,29,27. ,08,00040
3110431,2,2006,04,02,20,46,59. ,24,00410
3110431,1,2006,04,02,20,48,53. ,05,00087
3110431,1,2006,04,10,09,22,11. ,10,00047
3110431,3,2006,04,20,12,40,31. ,26,00450
3110431,1,2006,04,23,03,10,12. ,08,00037
3110431,2,2006,05,01,16,00,55. ,17,00123
3110431,1,2006,05,07,20,22,05. ,07,00074
3110431,1,2006,05,10,10,23,38. ,10,00081
3110431,1,2006,06,20,06,47,39. ,09,00050
3110431,1,2006,06,25,04,53,16. ,08,00033
3110431,1,2006,06,28,09,40,57. ,13,00073
3110431,1,2006,07,06,15,17,47. ,12,00125
3110431,1,2006,07,30,02,19,42. ,14,00156
3110431,1,2006,08,01,22,12,14. ,09,00039
3110431,2,2006,08,31,17,18,49. ,19,00125
3110431,1,2006,09,07,10,58,10. ,09,00040
3110431,1,2006,10,14,06,38,54. ,09,00032
3110431,1,2006,11,17,21,33,33. ,10,00047
3110431,1,2006,11,24,01,08,41. ,08,00039
3110431,1,2006,12,09,12,29,50. ,07,00030
3110431,1,2006,12,14,19,14,11. ,06,00051
3110431,1,2006,12,24,11,26,00. ,07,00047
3110431,1,2007,01,05,06,41,23. ,14,00069
3110431,1,2007,01,09,13,18,27. ,14,00110
3110431,2,2007,01,16,03,18,57. ,19,00133
3110431,1,2007,02,10,17,31,26. ,09,00065
3110431,2,2007,03,22,10,29,10. ,19,00105
3110431,2,2007,05,08,21,01,46. ,15,00173
3110431,2,2007,06,01,07,29,10. ,19,00202
3110431,2,2007,06,02,14,43,26. ,20,00142
3110431,2,2007,06,04,13,34,06. ,17,00186
3110431,1,2007,06,09,20,28,43. ,11,00165
3110431,1,2007,06,23,23,53,26. ,08,00059
3110431,2,2007,07,16,10,13,52. ,22,00121
3110431,1,2007,07,16,23,19,47. ,08,00029
3110431,1,2007,08,01,17,17,55. ,13,00050
3110431,1,2007,08,20,03,05,34. ,07,00056
3110431,1,2007,10,10,23,44,29. ,06,00054
3110431,1,2007,10,17,22,33,32. ,10,00132
3110431,2,2007,11,11,19,49,06. ,15,00110
3110431,1,2007,11,26,22,52,33. ,08,00034
3110431,1,2007,11,30,18,37,26. ,05,00037
3110431,1,2007,12,05,08,13,38. ,07,00068
3110431,1,2007,12,08,15,20,59. ,09,00083
3110431,1,2008,03,02,18,33,57. ,08,00043
3110431,2,2008,03,08,01,55,13. ,23,00185
3110431,1,2008,03,09,06,13,57. ,13,00075
3110431,1,2008,03,24,12,40,59. ,09,00034
3110431,1,2008,03,25,00,55,28. ,05,00045
3110431,3,2008,04,04,19,02,02. ,27,00385
3110431,1,2008,04,06,21,56,10. ,09,00058
3110431,1,2008,04,17,04,21,00. ,07,00027
3110431,1,2008,05,08,01,02,56. ,12,00045
3110431,2,2008,05,08,01,45,56. ,22,00139
3110431,1,2008,06,04,23,34,05. ,05,00036
3110431,1,2008,06,05,20,37,42. ,05,00028
3110431,1,2008,06,12,02,25,27. ,09,00080
3110431,2,2008,06,14,08,45,13. ,15,00041
3110431,1,2008,06,15,21,19,57. ,08,00044
3110431,2,2008,07,05,16,49,33. ,21,00187
3110431,1,2008,07,19,11,40,39. ,13,00045
3110431,1,2008,07,21,20,31,33. ,10,00036
3110431,2,2008,07,24,00,27,55. ,20,00118
3110431,1,2008,08,20,15,13,41. ,12,00116
3110431,2,2008,08,22,20,00,05. ,23,00239
3110431,1,2008,09,06,00,14,17. ,11,00038
3110431,1,2008,09,21,07,17,43. ,13,00063
3110431,1,2008,11,05,13,10,55. ,09,00041
3110431,1,2008,11,22,21,13,55. ,10,00052
3110431,1,2008,12,01,15,20,51. ,06,00066
3110431,1,2009,01,03,16,13,44. ,07,00029
3110431,2,2009,02,01,06,52,31. ,17,00103
3110431,2,2009,02,20,18,16,45. ,19,00124
3110431,1,2009,04,03,08,44,09. ,13,00097
3110431,1,2009,04,13,10,34,21. ,08,00115
3110431,1,2009,04,21,18,58,43. ,09,00040
3110431,1,2009,04,28,06,38,12. ,10,00050
3110431,1,2009,05,29,14,39,57. ,10,00096
3110431,1,2009,07,16,14,04,49. ,06,00043
3110431,3,2009,08,09,19,57,50. ,32,00437
3110431,1,2009,08,11,05,07,53. ,14,00048
3110431,1,2009,08,13,07,50,34. ,10,00040
3110431,1,2009,08,18,06,59,23. ,10,00081
3110431,1,2009,09,04,11,31,00. ,11,00046
3110431,1,2009,09,05,11,00,05. ,08,00037
3110431,1,2009,10,01,19,43,30. ,05,00050
3110431,1,2009,10,23,10,29,04. ,11,00053
3110431,3,2009,12,18,05,41,42. ,29,00418
3110431,1,2010,01,05,14,26,24. ,05,00039
3110431,1,2010,02,17,05,00,23. ,06,00034
3110431,1,2010,02,22,18,53,07. ,11,00133
3110431,1,2010,03,12,16,08,49. ,09,00112
3110431,2,2010,03,13,21,47,17. ,21,00157
3110431,2,2010,03,14,17,09,03. ,20,00124
3110431,1,2010,03,19,19,27,57. ,06,00047
3110431,2,2010,03,29,10,29,38. ,16,00224
3110431,1,2010,03,31,06,18,50. ,12,00118
3110431,1,2010,04,27,08,25,45. ,09,00032
3110431,1,2010,04,30,19,33,49. ,08,00106
3110431,2,2010,06,13,12,33,50. ,21,00131
3110431,1,2010,06,16,19,44,36. ,09,00068
3110431,1,2010,07,04,15,03,25. ,13,00097
3110431,1,2010,07,06,18,03,49. ,06,00068
3110431,1,2010,07,07,09,03,12. ,09,00079
3110431,1,2010,07,23,06,07,00. ,08,00045
3110431,2,2010,08,03,07,31,03. ,20,00179
3110431,1,2010,08,12,04,27,01. ,08,00036
3110431,1,2010,09,27,02,55,30. ,12,00071
3110431,1,2010,09,29,17,00,26. ,05,00026
3110431,1,2010,10,14,13,10,57. ,07,00141
3110431,2,2010,10,24,13,50,53. ,19,00190
3110431,1,2010,11,05,07,31,37. ,08,00031
3110431,3,2010,11,05,19,14,14. ,26,00324
3110431,1,2010,11,24,20,09,36. ,07,00055
3110431,2,2010,11,30,12,28,10. ,20,00118
3110431,1,2010,12,06,03,20,37. ,07,00031
3110431,1,2010,12,23,19,31,15. ,06,00074
3110431,1,2011,01,28,16,42,10. ,05,00051
3110431,1,2011,02,10,22,03,50. ,08,00044
3110431,1,2011,02,13,12,15,20. ,06,00062
3110431,1,2011,02,24,14,37,07. ,05,00034
3110431,1,2011,03,09,11,47,04. ,11,00034
3110431,A,2011,03,11,14,48,20. ,46,02397
3110431,2,2011,03,11,14,52,20. ,19,00094
3110431,3,2011,03,11,14,54,57. ,25,00262
3110431,2,2011,03,11,14,56,50. ,16,00082
3110431,1,2011,03,11,14,57,50. ,08,00043
3110431,2,2011,03,11,14,59,00. ,15,00072
3110431,1,2011,03,11,15,01,43. ,06,00039
3110431,2,2011,03,11,15,05,55. ,17,00091
3110431,1,2011,03,11,15,08,07. ,14,00048
3110431,1,2011,03,11,15,09,47. ,12,00069
3110431,2,2011,03,11,15,11,35. ,17,00112
3110431,2,2011,03,11,15,13,31. ,22,00196
3110431,3,2011,03,11,15,16,02. ,32,00749
3110431,1,2011,03,11,15,19,00. ,10,00072
3110431,1,2011,03,11,15,20,00. ,09,00046
3110431,1,2011,03,11,15,21,32. ,06,00049
3110431,3,2011,03,11,15,27,50. ,25,00273
3110431,1,2011,03,11,15,30,16. ,10,00055
3110431,1,2011,03,11,15,31,10. ,09,00040
3110431,1,2011,03,11,15,34,50. ,11,00052
3110431,1,2011,03,11,15,36,02. ,09,00038
3110431,2,2011,03,11,15,45,16. ,19,00143
3110431,1,2011,03,11,15,50,53. ,10,00037
3110431,1,2011,03,11,15,54,57. ,10,00097
3110431,1,2011,03,11,16,00,46. ,12,00066
3110431,2,2011,03,11,16,15,44. ,15,00070
3110431,1,2011,03,11,16,18,42. ,09,00046
3110431,2,2011,03,11,16,27,25. ,15,00089
3110431,2,2011,03,11,16,30,29. ,17,00116
3110431,1,2011,03,11,16,43,39. ,09,00040
3110431,1,2011,03,11,16,46,02. ,05,00029
3110431,2,2011,03,11,17,12,46. ,16,00076
3110431,1,2011,03,11,17,17,27. ,05,00027
3110431,2,2011,03,11,17,20,07. ,16,00060
3110431,2,2011,03,11,17,31,54. ,21,00130
3110431,1,2011,03,11,17,36,00. ,12,00060
3110431,2,2011,03,11,17,41,26. ,22,00161
3110431,1,2011,03,11,18,04,47. ,08,00042
3110431,1,2011,03,11,18,20,27. ,11,00052
3110431,1,2011,03,11,18,56,10. ,09,00041
3110431,1,2011,03,11,19,22,06. ,11,00049
3110431,1,2011,03,11,19,36,20. ,11,00051
3110431,1,2011,03,11,19,46,54. ,08,00043
3110431,1,2011,03,11,20,01,53. ,10,00038
3110431,1,2011,03,11,20,07,59. ,10,00068
3110431,1,2011,03,11,20,17,42. ,07,00028
3110431,1,2011,03,11,20,21,45. ,07,00030
3110431,1,2011,03,11,20,47,23. ,07,00042
3110431,1,2011,03,11,21,14,08. ,09,00039
3110431,1,2011,03,11,22,17,40. ,11,00039
3110431,1,2011,03,11,22,48,20. ,05,00040
3110431,1,2011,03,11,23,00,58. ,11,00078
3110431,1,2011,03,11,23,44,42. ,06,00067
3110431,1,2011,03,11,23,57,06. ,07,00029
3110431,1,2011,03,12,00,14,12. ,12,00033
3110431,1,2011,03,12,00,24,54. ,10,00053
3110431,1,2011,03,12,01,06,12. ,05,00028
3110431,1,2011,03,12,02,31,35. ,11,00040
3110431,2,2011,03,12,03,44,45. ,15,00075
3110431,2,2011,03,12,03,59,36. ,20,00116
3110431,1,2011,03,12,04,09,00. ,14,00120
3110431,1,2011,03,12,04,25,21. ,07,00028
3110431,1,2011,03,12,04,32,16. ,10,00050
3110431,2,2011,03,12,04,46,17. ,15,00097
3110431,1,2011,03,12,04,59,25. ,08,00036
3110431,1,2011,03,12,05,35,21. ,11,00054
3110431,1,2011,03,12,10,12,42. ,14,00075
3110431,1,2011,03,12,14,15,14. ,12,00048
3110431,1,2011,03,12,15,44,33. ,09,00067
3110431,1,2011,03,12,21,55,21. ,12,00058
3110431,2,2011,03,12,22,16,17. ,17,00110
3110431,1,2011,03,13,21,56,26. ,06,00096
3110431,1,2011,03,14,08,41,57. ,07,00062
3110431,2,2011,03,14,10,03,05. ,19,00127
3110431,1,2011,03,14,15,19,21. ,09,00044
3110431,1,2011,03,14,15,52,59. ,12,00079
3110431,1,2011,03,15,01,12,05. ,08,00036
3110431,1,2011,03,15,03,41,51. ,13,00057
3110431,1,2011,03,15,22,29,07. ,12,00044
3110431,1,2011,03,16,01,28,32. ,06,00067
3110431,2,2011,03,16,12,52,29. ,19,00144
3110431,1,2011,03,16,13,15,23. ,14,/////
3110431,2,2011,03,16,22,39,19. ,16,00058
3110431,2,2011,03,17,21,55,25. ,18,00125
3110431,1,2011,03,19,08,49,57. ,12,00054
3110431,3,2011,03,19,18,57,03. ,30,00383
3110431,1,2011,03,20,10,31,24. ,13,00072
3110431,1,2011,03,21,05,06,10. ,05,00033
3110431,1,2011,03,22,13,25,44. ,10,00140
3110431,1,2011,03,22,16,19,49. ,14,00073
3110431,1,2011,03,22,17,33,47. ,07,00042
3110431,2,2011,03,22,18,20,00. ,18,00090
3110431,2,2011,03,23,07,13,02. ,22,00149
3110431,2,2011,03,23,07,35,17. ,24,00214
3110431,3,2011,03,23,07,36,55. ,25,00224
3110431,1,2011,03,23,19,44,23. ,07,00028
3110431,1,2011,03,24,05,33,29. ,10,00058
3110431,1,2011,03,24,05,43,56. ,08,00033
3110431,2,2011,03,24,08,57,00. ,21,00284
3110431,1,2011,03,24,14,04,06. ,06,00044
3110431,1,2011,03,24,17,22,32. ,09,00034
3110431,1,2011,03,25,02,08,57. ,06,00048
3110431,1,2011,03,28,06,12,21. ,05,00046
3110431,1,2011,03,28,07,25,18. ,11,00044
3110431,1,2011,03,29,19,55,45. ,10,00040
3110431,1,2011,03,29,20,14,14. ,06,00097
3110431,1,2011,03,30,22,19,24. ,13,00123
3110431,2,2011,04,02,16,56,04. ,24,00330
3110431,1,2011,04,02,19,23,22. ,07,00038
3110431,2,2011,04,03,11,49,40. ,17,00199
3110431,1,2011,04,03,16,39,40. ,10,00044
3110431,2,2011,04,04,20,46,36. ,16,00168
3110431,1,2011,04,05,13,32,41. ,06,00076
3110431,1,2011,04,05,18,09,18. ,05,00041
3110431,2,2011,04,06,21,57,16. ,16,00117
3110431,1,2011,04,06,22,55,46. ,12,00042
3110431,1,2011,04,07,11,41,17. ,09,00055
3110431,3,2011,04,07,23,33,27. ,27,00311
3110431,1,2011,04,09,00,40,15. ,08,00039
3110431,1,2011,04,09,03,57,08. ,09,00155
3110431,1,2011,04,09,17,02,30. ,12,00231
3110431,1,2011,04,10,06,23,36. ,06,00035
3110431,1,2011,04,10,09,51,14. ,08,00060
3110431,2,2011,04,11,06,36,16. ,16,00100
3110431,1,2011,04,11,13,52,34. ,08,00040
3110431,4,2011,04,11,17,16,31. ,35,00728
3110431,2,2011,04,11,17,17,30. ,22,00215
3110431,1,2011,04,11,17,20,04. ,11,00046
3110431,1,2011,04,11,17,26,59. ,14,00089
3110431,1,2011,04,11,17,34,22. ,09,00045
3110431,1,2011,04,11,17,45,46. ,12,00074
3110431,1,2011,04,11,17,51,35. ,06,00030
3110431,2,2011,04,11,17,58,32. ,16,00085
3110431,1,2011,04,11,18,00,18. ,05,00037
3110431,2,2011,04,11,18,05,48. ,22,00159
3110431,1,2011,04,11,18,13,00. ,09,00048
3110431,1,2011,04,11,18,31,06. ,08,00034
3110431,1,2011,04,11,18,36,50. ,08,00049
3110431,1,2011,04,11,18,48,44. ,10,00052
3110431,1,2011,04,11,19,00,36. ,07,00033
3110431,1,2011,04,11,19,26,18. ,07,00040
3110431,1,2011,04,11,20,01,07. ,06,00030
3110431,1,2011,04,11,20,28,04. ,07,00028
3110431,3,2011,04,11,20,42,55. ,26,00244
3110431,1,2011,04,11,22,06,12. ,09,00058
3110431,1,2011,04,12,00,43,44. ,06,00032
3110431,1,2011,04,12,00,58,29. ,07,00032
3110431,1,2011,04,12,02,18,35. ,07,00044
3110431,1,2011,04,12,07,03,47. ,08,00039
3110431,2,2011,04,12,08,09,00. ,16,00096
3110431,1,2011,04,12,08,48,46. ,11,00058
3110431,1,2011,04,12,09,10,01. ,08,00034
3110431,3,2011,04,12,14,08,02. ,27,00308
3110431,1,2011,04,12,17,48,56. ,13,00050
3110431,1,2011,04,12,19,16,11. ,11,00060
3110431,1,2011,04,12,20,47,22. ,05,00049
3110431,2,2011,04,13,10,08,19. ,21,00152
3110431,2,2011,04,14,07,36,05. ,15,00116
3110431,2,2011,04,14,12,09,30. ,18,00130
3110431,1,2011,04,14,20,25,06. ,06,00038
3110431,3,2011,04,16,11,19,44. ,33,00700
3110431,1,2011,04,18,03,09,18. ,06,00038
3110431,1,2011,04,19,02,37,42. ,06,00033
3110431,1,2011,04,19,09,47,19. ,08,00050
3110431,3,2011,04,19,23,10,30. ,30,00820
3110431,1,2011,04,20,09,51,22. ,08,00037
3110431,1,2011,04,21,00,30,16. ,09,00061
3110431,1,2011,04,21,05,32,47. ,05,00103
3110431,2,2011,04,21,22,37,37. ,16,00069
3110431,2,2011,04,22,01,12,06. ,16,00098
3110431,1,2011,04,23,00,25,58. ,13,00075
3110431,1,2011,04,23,19,14,29. ,06,00028
3110431,1,2011,04,23,23,31,45. ,07,00072
3110431,2,2011,04,24,12,25,22. ,18,00141
3110431,1,2011,04,25,18,00,53. ,09,00067
3110431,1,2011,04,25,23,51,17. ,10,00129
3110431,1,2011,04,26,13,02,35. ,08,00032
3110431,3,2011,04,26,21,12,12. ,28,00564
3110431,2,2011,04,28,18,28,41. ,16,00067
3110431,1,2011,04,30,14,07,12. ,11,00055
3110431,1,2011,05,01,02,12,34. ,07,00030
3110431,2,2011,05,01,10,45,42. ,16,00106
3110431,1,2011,05,05,19,21,14. ,07,00041
3110431,1,2011,05,06,00,00,10. ,06,00032
3110431,1,2011,05,06,02,05,04. ,07,00039
3110431,1,2011,05,11,05,24,59. ,08,00031
3110431,1,2011,05,13,05,52,44. ,05,00033
3110431,1,2011,05,13,08,36,14. ,05,00075
3110431,1,2011,05,14,08,36,43. ,14,00083
3110431,1,2011,05,20,16,29,37. ,09,00044
3110431,3,2011,05,20,17,53,21. ,28,00291
3110431,2,2011,05,22,07,07,02. ,17,00072
3110431,1,2011,05,24,20,49,56. ,10,00069
3110431,2,2011,05,25,09,19,41. ,17,00110
3110431,2,2011,05,26,19,57,02. ,15,00094
3110431,1,2011,05,28,11,14,25. ,10,00124
3110431,2,2011,06,03,09,06,36. ,15,00091
3110431,2,2011,06,03,10,33,44. ,17,00117
3110431,1,2011,06,04,01,00,54. ,14,00106
3110431,1,2011,06,09,19,39,08. ,13,00060
3110431,1,2011,06,14,22,08,25. ,10,00040
3110431,1,2011,06,18,20,32,03. ,14,00063
3110431,1,2011,06,25,18,59,56. ,05,00035
3110431,1,2011,07,07,12,01,07. ,07,00059
3110431,2,2011,07,08,03,36,19. ,17,00108
3110431,2,2011,07,10,09,58,10. ,19,00122
3110431,3,2011,07,15,21,01,24. ,29,00565
3110431,2,2011,07,16,17,58,01. ,16,00230
3110431,1,2011,07,23,23,22,46. ,12,00086
3110431,2,2011,07,25,02,19,34. ,16,00249
3110431,2,2011,07,25,03,52,20. ,20,00104
3110431,3,2011,07,31,03,54,16. ,27,00327
3110431,1,2011,08,02,12,38,13. ,07,00029
3110431,1,2011,08,03,04,26,33. ,08,00033
3110431,1,2011,08,05,21,28,23. ,07,00049
3110431,1,2011,08,07,12,35,16. ,13,00072
3110431,1,2011,08,10,15,17,56. ,11,00076
3110431,2,2011,08,12,03,22,35. ,20,00143
3110431,2,2011,08,15,15,27,01. ,21,00203
3110431,1,2011,08,16,19,16,40. ,11,00051
3110431,2,2011,08,17,09,23,31. ,20,00222
3110431,1,2011,08,17,10,51,46. ,07,00063
3110431,1,2011,08,17,20,45,43. ,07,00035
3110431,1,2011,08,18,01,33,03. ,10,00069
3110431,1,2011,08,19,00,40,01. ,14,00109
3110431,2,2011,08,19,14,37,10. ,21,00183
3110431,1,2011,08,22,17,36,39. ,13,00067
3110431,1,2011,08,26,21,26,20. ,08,00099
3110431,1,2011,08,27,11,35,52. ,07,00031
3110431,1,2011,08,31,18,33,23. ,11,00054
3110431,1,2011,09,02,19,48,14. ,05,00034
3110431,1,2011,09,04,05,53,05. ,12,00089
3110431,1,2011,09,10,15,00,49. ,12,00089
3110431,1,2011,09,13,02,43,10. ,14,00106
3110431,2,2011,09,15,17,00,54. ,15,00071
3110431,2,2011,09,21,22,31,13. ,23,00194
3110431,1,2011,09,23,05,00,10. ,07,00041
3110431,1,2011,09,29,19,05,43. ,13,00079
3110431,1,2011,10,09,01,09,12. ,12,00083
3110431,1,2011,10,10,06,58,09. ,10,00070
3110431,2,2011,10,10,11,46,46. ,17,00099
3110431,1,2011,10,14,18,27,25. ,07,00034
3110431,1,2011,10,19,16,05,33. ,07,00048
3110431,1,2011,10,20,06,14,24. ,07,00034
3110431,1,2011,10,20,06,22,10. ,08,00040
3110431,1,2011,10,26,02,09,34. ,05,00039
3110431,2,2011,11,03,19,34,44. ,19,00136
3110431,1,2011,11,20,10,24,02. ,13,00135
3110431,1,2011,11,20,10,26,26. ,09,00044
3110431,2,2011,11,24,04,25,22. ,16,00088
3110431,2,2011,11,28,23,33,24. ,16,00140
3110431,1,2011,12,05,12,55,27. ,09,00060
3110431,1,2011,12,11,20,16,38. ,05,00046
3110431,1,2011,12,12,14,13,55. ,07,00036
3110431,1,2011,12,16,15,12,23. ,14,00091
3110431,1,2011,12,22,05,11,10. ,06,00037
3110431,1,2011,12,23,23,44,17. ,12,00108
3110431,1,2011,12,31,08,11,30. ,11,00050
3110431,3,2012,01,01,14,30,20. ,33,00745
3110431,1,2012,01,07,19,43,55. ,07,00030
3110431,2,2012,01,12,12,21,31. ,15,00100
3110431,2,2012,01,17,12,30,26. ,19,00259
3110431,2,2012,01,23,20,46,20. ,17,00083
3110431,1,2012,01,27,13,20,08. ,07,00032
3110431,2,2012,01,28,07,43,52. ,15,00086
3110431,1,2012,01,28,14,21,37. ,09,00034
3110431,1,2012,02,04,19,21,55. ,08,00076
3110431,1,2012,02,05,08,59,40. ,06,00050
3110431,1,2012,02,07,22,38,24. ,08,00033
3110431,3,2012,02,11,10,27,07. ,26,00366
3110431,1,2012,02,14,15,22,55. ,09,00029
3110431,2,2012,02,19,14,55,07. ,16,00119
3110431,2,2012,02,24,13,10,58. ,15,00089
3110431,1,2012,02,28,14,21,22. ,10,00053
3110431,1,2012,02,29,18,00,55. ,12,00051
3110431,3,2012,03,01,07,32,48. ,25,00280
3110431,1,2012,03,06,16,05,38. ,05,00072
3110431,2,2012,03,08,03,51,09. ,15,00131
3110431,2,2012,03,10,02,25,46. ,20,00155
3110431,1,2012,03,14,18,11,16. ,10,00033
3110431,2,2012,03,14,21,05,30. ,21,00141
3110431,2,2012,03,16,04,20,33. ,21,00228
3110431,1,2012,03,17,11,55,40. ,06,00038
3110431,1,2012,03,17,20,25,07. ,07,00057
3110431,1,2012,03,19,11,30,35. ,05,00041
3110431,1,2012,03,25,03,24,45. ,06,00040
3110431,1,2012,03,30,13,39,24. ,08,00030
3110431,2,2012,04,01,23,05,02. ,18,00125
3110431,1,2012,04,12,20,20,41. ,08,00034
3110431,1,2012,04,12,23,51,47. ,10,00043
3110431,1,2012,04,13,19,10,46. ,11,00048
3110431,1,2012,04,14,17,46,53. ,09,00046
3110431,2,2012,04,25,05,22,49. ,18,00100
3110431,1,2012,04,29,19,29,31. ,11,00037
3110431,3,2012,05,18,17,19,09. ,26,00599
3110431,1,2012,05,20,22,01,55. ,11,00055
3110431,2,2012,05,29,01,37,03. ,24,00178
3110431,1,2012,05,31,14,50,22. ,07,00040
3110431,4,2012,06,01,17,48,20. ,35,00790
3110431,2,2012,06,17,16,13,27. ,24,00401
3110431,2,2012,06,28,14,52,31. ,15,00091
3110431,1,2012,07,03,11,31,50. ,09,00034
3110431,2,2012,07,12,13,54,58. ,16,00170
3110431,3,2012,07,16,04,31,41. ,29,00857
3110431,1,2012,07,22,19,13,06. ,06,00087
3110431,1,2012,07,26,19,30,14. ,10,00108
3110431,1,2012,07,27,23,40,28. ,12,00081
3110431,2,2012,08,03,22,19,49. ,18,00243
3110431,1,2012,08,13,13,48,42. ,09,00043
3110431,1,2012,08,17,20,38,09. ,05,00038
3110431,1,2012,08,20,20,43,17. ,10,00041
3110431,1,2012,08,24,10,23,01. ,05,00067
3110431,2,2012,08,26,03,37,38. ,16,00134
3110431,1,2012,08,30,02,40,58. ,08,00051
3110431,1,2012,08,30,04,17,51. ,14,00135
3110431,1,2012,09,14,02,22,36. ,10,00056
3110431,1,2012,09,25,01,13,01. ,05,00080
3110431,1,2012,10,08,20,04,13. ,09,00073
3110431,1,2012,10,11,16,06,36. ,06,00060
3110431,1,2012,10,12,13,57,50. ,06,00038
3110431,1,2012,10,24,16,05,58. ,09,00089
3110431,1,2012,10,25,19,33,40. ,09,00031
3110431,1,2012,10,31,15,50,13. ,13,00140
3110431,1,2012,11,03,07,35,15. ,10,00052
3110431,1,2012,11,08,08,55,04. ,06,00032
3110431,2,2012,11,24,00,51,59. ,17,00181
3110431,2,2012,11,24,18,00,17. ,18,00104
3110431,2,2012,12,03,13,57,48. ,17,00091
3110431,1,2012,12,06,19,18,01. ,06,00051
3110431,3,2012,12,07,17,20,20. ,32,00463
3110431,1,2012,12,07,17,32,48. ,13,00058
3110431,1,2012,12,15,13,27,48. ,08,00040
3110431,1,2012,12,15,14,46,53. ,06,00032
3110431,1,2012,12,20,05,16,54. ,09,00042
3110431,1,2012,12,29,16,20,12. ,11,00047
3110431,1,2013,01,04,22,53,41. ,11,00046
3110431,1,2013,01,10,21,49,14. ,07,00036
3110431,1,2013,01,22,04,47,35. ,06,00033
3110431,2,2013,01,28,03,42,05. ,16,00133
3110431,1,2013,01,31,23,54,07. ,08,00073
3110431,2,2013,02,01,01,04,59. ,18,00208
3110431,1,2013,02,02,12,42,55. ,07,00063
3110431,1,2013,02,02,23,20,44. ,08,00032
3110431,1,2013,02,09,13,43,47. ,09,00049
3110431,1,2013,02,24,13,55,46. ,12,00067
3110431,2,2013,02,25,16,24,05. ,15,00065
3110431,1,2013,03,14,05,03,32. ,07,00041
3110431,1,2013,03,18,06,53,54. ,13,00160
3110431,1,2013,03,21,14,34,49. ,13,00107
3110431,1,2013,03,26,20,49,01. ,06,00037
3110431,1,2013,03,31,12,31,05. ,06,00043
3110431,1,2013,04,04,13,43,16. ,09,00047
3110431,1,2013,04,06,05,01,33. ,10,00039
3110431,2,2013,04,14,10,22,21. ,22,00215
3110431,1,2013,04,14,22,25,51. ,12,00052
3110431,1,2013,04,17,21,04,51. ,08,00027
3110431,1,2013,04,19,05,00,18. ,05,00050
3110431,1,2013,04,30,22,09,26. ,10,00080
3110431,1,2013,05,01,04,40,23. ,07,00046
3110431,1,2013,05,02,22,04,42. ,07,00075
3110431,1,2013,05,05,07,17,38. ,11,00043
3110431,1,2013,05,05,15,54,33. ,05,00043
3110431,1,2013,05,18,14,48,55. ,14,00072
3110431,2,2013,06,03,14,56,36. ,16,00094
3110431,1,2013,07,06,14,39,28. ,08,00066
3110431,1,2013,07,20,01,40,16. ,06,00032
3110431,1,2013,07,23,12,02,45. ,08,00035
3110431,1,2013,07,30,01,06,16. ,05,00032
3110431,1,2013,08,04,12,29,58. ,11,00044
3110431,1,2013,08,09,12,04,30. ,07,00037
3110431,1,2013,08,10,07,56,37. ,09,00051
3110431,3,2013,09,04,09,21,19. ,27,00219
3110431,1,2013,09,09,09,04,46. ,06,00047
3110431,1,2013,09,13,04,50,05. ,07,00054
3110431,1,2013,09,16,19,24,37. ,09,00149
3110431,3,2013,09,20,02,25,28. ,25,00250
3110431,1,2013,09,30,22,38,10. ,10,00076
3110431,2,2013,10,12,02,43,29. ,18,00274
3110431,1,2013,10,20,10,07,46. ,09,00065
3110431,1,2013,10,25,02,35,29. ,06,00051
3110431,2,2013,10,26,02,12,20. ,24,00261
3110431,1,2013,10,30,12,22,46. ,07,00035
3110431,3,2013,11,03,14,25,29. ,28,00308
3110431,3,2013,11,10,07,38,05. ,30,00465
3110431,1,2013,11,12,14,06,13. ,10,00073
3110431,2,2013,11,16,20,45,01. ,17,00091
3110431,1,2013,11,19,04,12,28. ,13,00067
3110431,1,2013,11,19,14,10,51. ,05,00047
3110431,2,2013,11,29,01,15,34. ,16,00091
3110431,1,2013,12,03,06,27,05. ,07,00035
3110431,1,2013,12,14,13,06,57. ,11,00040
3110431,1,2013,12,16,00,54,39. ,06,00039
3110431,3,2013,12,21,01,11,01. ,33,00532
3110431,1,2013,12,27,10,32,59. ,06,00037
3110431,2,2013,12,31,10,03,25. ,16,00138
3110431,1,2014,01,03,10,50,46. ,09,00054
3110431,1,2014,01,06,02,21,41. ,06,00053
3110431,1,2014,01,09,03,57,58. ,11,00072
3110431,1,2014,02,06,00,46,32. ,05,00046
3110431,1,2014,02,08,02,19,27. ,07,00032
3110431,1,2014,02,14,19,04,42. ,07,00051
3110431,2,2014,02,19,00,29,45. ,16,00161
3110431,1,2014,03,12,05,05,04. ,08,00030
3110431,2,2014,04,13,18,16,44. ,16,00091
3110431,1,2014,04,17,03,18,25. ,09,00037
3110431,2,2014,04,18,07,53,13. ,22,00414
3110431,1,2014,04,24,11,55,24. ,08,00033
3110431,2,2014,05,05,05,02,27. ,15,00223
3110431,3,2014,05,05,05,18,56. ,26,00256
3110431,2,2014,05,13,08,35,35. ,15,00078
3110431,1,2014,05,13,10,33,57. ,11,00114
3110431,1,2014,06,04,02,22,49. ,06,00070
3110431,1,2014,06,16,03,20,08. ,08,00036
3110431,2,2014,06,16,05,15,28. ,18,00101
3110431,1,2014,06,17,02,43,36. ,09,00040
3110431,1,2014,06,28,14,51,51. ,06,00034
3110431,1,2014,07,10,17,59,21. ,09,00044
3110431,1,2014,07,12,04,23,09. ,14,00048
3110431,2,2014,07,19,10,43,18. ,19,00118
3110431,3,2014,07,20,10,25,49. ,25,00252
3110431,1,2014,07,20,19,47,40. ,05,00056
3110431,1,2014,08,21,04,40,11. ,14,00058
3110431,2,2014,08,24,17,27,09. ,17,00144
3110431,2,2014,08,26,11,23,21. ,15,00092
3110431,1,2014,09,02,16,32,52. ,06,00106
3110431,1,2014,09,03,16,24,30. ,13,00077
3110431,3,2014,09,16,12,28,42. ,34,01140
3110431,1,2014,09,24,21,46,37. ,08,00037
3110431,1,2014,09,24,22,31,44. ,12,00060
3110431,1,2014,09,28,15,09,43. ,11,00171
3110431,2,2014,10,27,15,36,42. ,17,00114
3110431,2,2014,11,12,09,53,42. ,24,00287
3110431,1,2014,11,20,10,52,35. ,13,00057
3110431,2,2014,11,22,22,09,07. ,15,00033
3110431,1,2014,12,13,16,20,36. ,07,00054
3110431,1,2014,12,20,18,30,51. ,10,00041
3110431,1,2014,12,25,20,32,11. ,06,00080
3110431,1,2014,12,31,23,50,17. ,08,00065
3110431,1,2015,01,01,15,57,20. ,10,00071
3110431,1,2015,01,26,07,20,30. ,09,00055
3110431,2,2015,01,30,20,32,01. ,15,00142
3110431,1,2015,02,23,17,00,47. ,07,00031
3110431,1,2015,03,20,01,56,25. ,11,00062
3110431,1,2015,03,23,21,40,56. ,09,00046
3110431,2,2015,03,24,13,53,39. ,16,00107
3110431,1,2015,03,25,16,26,25. ,13,00148
3110431,1,2015,05,03,13,03,49. ,07,00033
3110431,1,2015,05,03,15,54,11. ,14,00167
3110431,1,2015,05,03,23,31,00. ,06,00034
3110431,1,2015,05,13,06,14,30. ,13,00046
3110431,2,2015,05,13,22,45,34. ,15,00113
3110431,3,2015,05,25,14,28,22. ,32,00726
3110431,3,2015,05,30,01,06,58. ,25,00532
3110431,3,2015,05,30,20,26,54. ,25,00179
3110431,2,2015,06,09,05,44,18. ,21,00221
3110431,2,2015,07,06,18,30,36. ,18,00256
3110431,2,2015,07,10,01,15,24. ,24,00292
3110431,1,2015,07,10,09,40,17. ,06,00065
3110431,1,2015,07,29,21,35,05. ,12,00104
3110431,1,2015,08,05,20,57,02. ,10,00039
3110431,2,2015,08,06,18,22,44. ,23,00332
3110431,1,2015,08,10,18,44,45. ,11,00103
3110431,1,2015,08,14,05,14,20. ,13,00069
3110431,1,2015,08,28,23,46,52. ,07,00059
3110431,1,2015,09,02,16,17,09. ,07,00106
3110431,2,2015,09,12,05,49,25. ,19,00110
3110431,1,2015,09,12,11,45,32. ,08,00041
3110431,1,2015,09,16,05,53,46. ,07,00077
3110431,1,2015,09,22,05,55,38. ,11,00064
3110431,1,2015,10,01,20,10,56. ,08,00068
3110431,2,2015,10,21,15,05,30. ,18,00137
3110431,3,2015,11,07,22,45,05. ,25,00299
3110431,1,2015,11,19,18,33,54. ,07,00040
3110431,1,2015,11,20,08,16,21. ,06,00031
3110431,1,2015,11,22,08,20,44. ,09,00082
3110431,1,2015,12,04,09,37,29. ,08,00045
3110431,1,2015,12,22,21,19,12. ,05,00095
3110431,1,2016,01,15,04,29,09. ,11,00135
3110431,1,2016,02,07,10,10,14. ,08,00037
3110431,1,2016,02,07,19,27,08. ,13,00191
3110431,1,2016,03,20,16,02,08. ,12,00068
3110431,1,2016,03,22,14,34,48. ,06,00047
3110431,2,2016,03,31,11,48,38. ,15,00187
3110431,1,2016,04,10,23,32,54. ,07,00104
3110431,1,2016,04,15,00,27,07. ,09,00045
3110431,1,2016,04,20,21,20,46. ,08,00027
3110431,2,2016,05,16,21,23,13. ,24,00416
3110431,1,2016,05,17,06,55,17. ,14,00122
3110431,1,2016,05,17,06,57,45. ,14,00203
3110431,1,2016,06,07,03,15,42. ,05,00037
3110431,1,2016,06,07,13,02,07. ,13,00102
3110431,2,2016,06,12,07,54,35. ,15,00120
3110431,1,2016,07,04,11,01,17. ,06,00036
3110431,1,2016,07,04,22,48,58. ,11,00154
3110431,2,2016,07,17,13,24,14. ,23,00253
3110431,1,2016,07,19,23,55,19. ,05,00079
3110431,2,2016,07,20,07,25,44. ,24,00252
3110431,2,2016,07,27,23,47,32. ,24,00282
3110431,1,2016,08,15,16,05,35. ,12,00052
3110431,2,2016,08,19,21,08,17. ,17,00118
3110431,1,2016,08,27,22,46,39. ,14,00148
3110431,2,2016,09,07,13,29,01. ,22,00226
3110431,1,2016,09,09,20,53,51. ,10,00043
3110431,1,2016,09,09,23,18,34. ,09,00046
3110431,2,2016,09,13,19,12,42. ,21,00199
3110431,1,2016,09,13,19,20,08. ,08,00037
3110431,1,2016,10,10,15,28,47. ,07,00040
3110431,1,2016,10,19,23,40,51. ,11,00122
3110431,1,2016,10,20,11,50,24. ,07,00035
3110431,1,2016,11,21,07,00,03. ,10,00051
3110431,3,2016,11,22,06,00,27. ,29,00311
3110431,1,2016,11,22,23,04,47. ,12,00048
3110431,1,2016,11,24,06,24,24. ,13,00056
3110431,1,2016,11,24,09,37,28. ,09,00036
3110431,1,2016,12,26,04,52,53. ,13,00122
3110431,2,2016,12,28,21,39,06. ,24,00259
3110431,2,2017,01,05,00,44,28. ,19,00144
3110431,1,2017,01,05,02,54,06. ,11,00038
3110431,1,2017,01,12,09,36,52. ,05,00063
3110431,1,2017,01,18,17,19,42. ,08,00089
3110431,1,2017,02,11,06,06,19. ,08,00045
3110431,1,2017,02,19,18,20,10. ,12,00041
3110431,1,2017,02,26,05,11,55. ,14,00201
3110431,1,2017,02,27,00,04,13. ,07,00036
3110431,2,2017,02,28,16,49,49. ,18,00117
3110431,1,2017,03,24,01,30,15. ,05,00034
3110431,2,2017,04,12,03,11,01. ,21,00264
3110431,1,2017,04,20,04,46,33. ,05,00042
3110431,1,2017,05,28,15,18,58. ,08,00040
3110431,1,2017,06,19,01,24,09. ,12,00085
3110431,1,2017,07,07,21,49,25. ,08,00036
3110431,1,2017,07,20,09,11,57. ,14,00069
3110431,2,2017,07,21,16,08,12. ,15,00081
3110431,1,2017,07,28,22,31,07. ,05,00036
3110431,3,2017,08,02,02,02,22. ,27,00350
3110431,2,2017,08,02,07,16,08. ,18,00212
3110431,2,2017,08,03,13,45,15. ,16,00179
3110431,2,2017,08,10,09,36,48. ,19,00119
3110431,1,2017,08,14,18,12,07. ,12,00059
3110431,1,2017,08,26,04,21,00. ,06,00038
3110431,1,2017,08,27,11,26,29. ,12,00063
3110431,1,2017,09,11,00,51,37. ,08,00044
3110431,2,2017,09,14,09,27,38. ,15,00077
3110431,1,2017,09,17,06,58,48. ,09,00040
3110431,1,2017,09,21,01,39,10. ,06,00037
3110431,1,2017,10,01,10,25,34. ,10,00050
3110431,1,2017,10,03,04,01,36. ,06,00045
3110431,1,2017,10,06,17,01,09. ,10,00056
3110431,2,2017,10,06,23,57,18. ,22,00183
3110431,2,2017,11,02,22,31,38. ,17,00135
3110431,1,2017,11,03,21,38,30. ,12,00060
3110431,1,2017,11,05,16,30,19. ,11,00183
3110431,1,2017,11,10,00,38,17. ,10,00128
3110431,1,2017,12,02,00,12,41. ,14,00147
3110431,2,2018,01,06,00,54,44. ,18,00111
3110431,1,2018,01,24,02,32,37. ,05,00052
3110431,2,2018,02,08,23,34,33. ,18,00188
3110431,1,2018,02,26,01,29,35. ,14,00066
3110431,1,2018,02,27,08,08,13. ,13,00198
3110431,1,2018,03,12,10,16,25. ,06,00062
3110431,1,2018,03,26,18,44,47. ,10,00116
3110431,2,2018,03,30,08,17,49. ,19,00222
3110431,1,2018,05,05,23,47,04. ,10,00063
3110431,1,2018,05,17,12,13,12. ,13,00063
3110431,1,2018,06,02,15,04,54. ,11,00076
3110431,1,2018,06,17,15,27,30. ,14,00161
3110431,1,2018,07,07,20,24,40. ,11,00041
3110431,1,2018,07,17,04,34,30. ,10,00101
3110431,1,2018,07,29,09,59,03. ,09,00046
3110431,1,2018,07,31,17,43,05. ,12,00052
3110431,1,2018,08,05,16,41,58. ,11,00049
3110431,1,2018,08,11,06,12,00. ,10,00050
3110431,1,2018,08,29,07,36,29. ,06,00040
3110431,2,2018,08,29,14,30,43. ,15,00084
3110431,2,2018,09,05,05,11,44. ,17,00128
3110431,2,2018,09,14,14,35,50. ,17,00130
3110431,1,2018,09,14,17,27,16. ,07,00040
3110431,2,2018,09,18,17,11,26. ,18,00164
3110431,1,2018,10,22,19,48,12. ,07,00028
3110431,1,2018,11,23,23,30,55. ,07,00037
3110431,3,2018,11,27,08,34,02. ,29,00720
3110431,1,2018,12,08,10,54,47. ,08,00046
3110431,1,2018,12,12,17,50,11. ,12,00172
3110431,1,2019,01,02,18,44,37. ,10,00075
3110431,3,2019,01,14,13,23,52. ,30,00776
3110431,1,2019,01,18,21,46,42. ,14,00055
3110431,1,2019,02,06,17,26,31. ,05,00108
3110431,1,2019,02,16,10,46,52. ,09,00064
3110431,1,2019,02,19,17,06,50. ,06,00081
3110431,1,2019,02,20,20,25,14. ,05,00063
3110431,1,2019,04,05,18,59,42. ,10,00037
3110431,1,2019,05,24,12,40,47. ,10,00052
3110431,1,2019,06,06,05,15,21. ,05,00068
3110431,1,2019,06,08,12,46,10. ,07,00077
3110431,3,2019,06,17,08,00,26. ,27,00423
3110431,1,2019,06,24,09,12,30. ,10,00048
3110431,2,2019,07,28,03,33,10. ,23,00176
3110431,2,2019,08,04,19,23,58. ,22,00152
3110431,1,2019,09,30,01,02,56. ,08,00104
3110431,1,2019,10,19,21,10,44. ,07,00140
3110431,1,2019,11,03,02,40,02. ,07,00039
3110431,1,2019,11,03,23,55,57. ,07,00085
3110431,1,2019,11,08,18,18,53. ,10,00070
3110431,1,2019,11,15,09,39,58. ,05,00044
3110431,2,2019,11,22,05,24,01. ,15,00246
3110431,3,2019,12,03,10,18,15. ,27,01007
3110431,2,2019,12,04,10,39,17. ,19,00141
3110431,1,2019,12,04,18,13,09. ,12,00096
3110431,2,2019,12,04,19,35,18. ,17,00115
3110431,1,2019,12,05,22,35,41. ,08,00049
3110431,1,2019,12,19,09,24,15. ,07,00030
3110431,1,2020,01,03,03,24,40. ,07,00026
3110431,1,2020,01,08,04,22,11. ,09,00169
3110431,3,2020,01,14,04,54,00. ,26,00549
3110431,1,2020,01,14,13,26,27. ,05,00031
3110431,3,2020,02,01,02,08,02. ,30,00342
3110431,2,2020,02,12,19,37,47. ,18,00127
3110431,1,2020,02,17,12,41,13. ,10,00062
3110431,1,2020,03,15,19,09,35. ,07,00044
3110431,1,2020,03,31,20,24,35. ,05,00041
3110431,3,2020,04,12,00,44,58. ,27,00489
3110431,2,2020,04,26,09,49,24. ,22,00201
3110431,1,2020,05,06,01,57,39. ,12,00056
3110431,1,2020,05,11,08,59,08. ,12,00057
3110431,1,2020,05,19,12,18,03. ,08,00036
3110431,3,2020,06,01,06,02,28. ,30,00335
3110431,1,2020,06,04,05,31,46. ,08,00079
3110431,1,2020,06,08,00,18,03. ,05,00107
3110431,1,2020,06,25,04,48,31. ,11,00036
3110431,3,2020,07,09,06,05,40. ,26,00371
3110431,1,2020,08,07,00,36,42. ,11,00041
3110431,2,2020,08,30,14,37,52. ,20,00265
3110431,1,2020,09,17,14,00,51. ,05,00073
3110431,1,2020,09,20,09,05,14. ,10,00045
3110431,1,2020,10,05,11,32,57. ,09,00058
3110431,1,2020,10,28,15,59,00. ,11,00052
3110431,2,2020,11,22,19,06,15. ,18,00183
3110431,1,2020,11,25,11,20,30. ,12,00127
3110431,1,2020,12,07,19,28,08. ,10,00057
3110431,1,2020,12,17,16,42,55. ,14,00135
3110431,2,2020,12,30,09,35,43. ,20,00214
