station,intensity,year,month,day,hour,minute,second,intensity_equip,acceleration_max_comb
3301030,2,1997,11,29,09,40,01. ,23,00403
3301030,1,1997,12,06,15,41,03. ,07,00029
3301030,2,1997,12,07,12,51,39. ,16,00109
3301030,1,1998,01,14,02,17,26. ,13,00045
3301030,1,1998,01,26,11,16,13. ,11,00088
3301030,1,1998,02,21,09,56,15. ,06,00025
3301030,2,1998,03,08,13,46,58. ,21,00203
3301030,1,1998,03,23,18,37,41. ,13,00066
3301030,1,1998,04,11,19,08,06. ,07,00044
3301030,1,1998,04,27,07,06,52. ,10,00051
3301030,1,1998,05,03,11,09,34. ,10,00024
3301030,1,1998,05,16,03,45,34. ,06,00026
3301030,1,1998,06,08,08,02,43. ,08,00050
3301030,1,1998,06,08,16,48,47. ,06,00036
3301030,1,1998,06,14,22,17,48. ,07,00014
3301030,2,1998,06,24,23,52,44. ,17,00103
3301030,2,1998,07,15,07,09,57. ,19,00175
3301030,1,1998,07,17,17,09,47. ,08,00042
3301030,1,1998,09,25,07,00,35. ,05,00027
3301030,1,1998,10,19,08,17,37. ,08,00037
3301030,1,1998,11,01,03,01,33. ,06,00050
3301030,1,1998,11,05,06,44,25. ,07,00045
3301030,2,1998,11,08,21,41,01. ,17,00129
3301030,1,1998,11,24,04,48,53. ,09,00049
3301030,1,1998,11,25,02,37,17. ,05,00028
3301030,1,1998,11,28,00,23,13. ,07,00031
3301030,1,1998,11,29,21,53,27. ,06,00042
3301030,1,1998,12,03,05,15,53. ,07,00037
3301030,1,1998,12,05,01,15,29. ,14,00089
3301030,1,1999,03,08,10,58,43. ,08,00051
3301030,2,1999,03,26,08,31,28. ,24,00321
3301030,1,1999,04,16,07,54,26. ,05,00030
3301030,1,1999,04,25,18,13,42. ,10,00044
3301030,2,1999,04,25,21,27,23. ,19,00141
3301030,1,1999,05,13,03,02,36. ,05,00022
3301030,1,1999,05,22,09,48,27. ,06,00031
3301030,1,1999,06,12,07,44,31. ,06,00040
3301030,1,1999,06,13,06,21,01. ,07,00051
3301030,2,1999,06,27,19,50,24. ,22,00254
3301030,1,1999,07,24,16,23,59. ,06,00037
3301030,2,1999,08,09,06,39,56. ,16,00111
3301030,2,1999,09,13,07,57,05. ,15,00066
3301030,1,1999,11,15,10,35,53. ,09,00042
3301030,1,1999,11,23,05,21,05. ,06,00038
3301030,1,1999,12,04,14,06,35. ,07,00036
3301030,1,1999,12,10,10,55,53. ,06,00035
3301030,1,1999,12,16,22,47,28. ,06,00033
3301030,2,1999,12,27,00,06,01. ,19,00142
3301030,1,2000,01,09,13,03,17. ,09,00043
3301030,1,2000,01,12,11,10,10. ,10,00052
3301030,1,2000,01,15,09,51,47. ,08,00044
3301030,1,2000,03,20,06,27,12. ,07,00039
3301030,3,2000,04,10,06,30,51. ,25,00340
3301030,1,2000,04,15,05,27,08. ,08,00045
3301030,1,2000,05,11,06,36,27. ,05,00024
3301030,2,2000,05,16,19,40,47. ,18,00168
3301030,1,2000,06,03,17,55,11. ,14,00042
3301030,1,2000,06,30,02,45,20. ,08,00037
3301030,1,2000,07,01,05,34,43. ,05,00023
3301030,1,2000,07,15,10,31,23. ,10,00021
3301030,2,2000,07,21,03,39,45. ,23,00170
3301030,1,2000,07,30,21,26,54. ,05,00013
3301030,1,2000,08,06,16,30,25. ,12,00031
3301030,1,2000,08,15,03,55,09. ,12,00080
3301030,1,2000,08,19,16,38,02. ,13,00072
3301030,1,2000,08,21,21,27,42. ,08,00047
3301030,1,2000,08,27,08,42,28. ,07,00029
3301030,2,2000,09,09,20,48,54. ,20,00165
3301030,1,2000,09,29,08,56,27. ,10,00061
3301030,1,2000,10,04,20,00,41. ,05,00037
3301030,1,2000,10,18,12,58,45. ,14,00094
3301030,1,2000,10,19,16,25,24. ,10,00056
3301030,1,2000,11,16,18,32,44. ,07,00032
3301030,2,2000,11,17,23,22,27. ,17,00159
3301030,1,2000,12,05,09,07,01. ,07,00082
3301030,1,2000,12,06,20,56,33. ,06,00084
3301030,1,2000,12,29,11,48,40. ,14,00197
3301030,1,2001,01,01,09,36,05. ,05,00028
3301030,1,2001,01,04,13,18,54. ,06,00032
3301030,1,2001,02,02,08,10,26. ,08,00060
3301030,1,2001,02,18,16,17,41. ,10,00066
3301030,1,2001,02,25,06,54,57. ,10,00030
3301030,1,2001,03,06,14,32,54. ,10,00047
3301030,2,2001,04,20,01,45,09. ,15,00113
3301030,3,2001,05,31,08,59,38. ,25,00304
3301030,3,2001,07,20,06,02,48. ,34,00716
3301030,2,2001,07,26,03,33,24. ,18,00142
3301030,2,2001,09,25,04,35,32. ,23,00232
3301030,2,2001,09,25,04,57,45. ,19,00140
3301030,2,2001,10,18,06,30,46. ,18,00185
3301030,2,2001,12,02,22,03,30. ,18,00128
3301030,2,2002,02,05,19,57,37. ,18,00178
3301030,2,2002,02,12,22,45,17. ,20,00137
3301030,2,2002,06,14,11,43,03. ,23,00258
3301030,2,2002,07,13,21,46,11. ,16,00098
3301030,3,2003,03,13,12,13,11. ,30,00545
3301030,3,2003,03,17,22,14,46. ,32,01110
3301030,2,2003,03,30,04,35,22. ,20,00404
3301030,2,2003,04,08,04,17,44. ,22,00269
3301030,2,2003,05,12,00,57,20. ,19,00129
3301030,2,2003,05,26,18,24,30. ,23,00155
3301030,2,2003,05,31,02,46,25. ,15,00090
3301030,2,2003,08,04,20,56,47. ,16,00139
3301030,2,2003,09,20,12,54,28. ,17,00073
3301030,2,2003,10,15,16,30,00. ,18,00121
3301030,2,2003,11,12,17,28,39. ,18,00103
3301030,2,2004,01,23,18,02,23. ,17,00116
3301030,2,2004,04,04,08,02,43. ,16,00103
3301030,2,2004,07,10,20,07,23. ,24,00332
3301030,2,2004,10,06,23,40,54. ,22,00166
3301030,3,2004,10,23,17,56,34. ,26,00274
3301030,2,2004,10,23,18,03,55. ,19,00106
3301030,3,2004,10,23,18,34,46. ,26,00223
3301030,2,2004,10,27,10,41,31. ,23,00170
3301030,2,2005,01,01,05,14,33. ,19,00148
3301030,2,2005,02,08,11,29,43. ,24,00264
3301030,2,2005,02,16,04,46,47. ,23,00276
3301030,2,2005,02,23,21,59,09. ,18,00170
3301030,3,2005,07,23,16,35,14. ,26,00245
3301030,3,2005,07,28,19,15,45. ,30,00525
3301030,1,2005,08,21,11,30,12. ,07,00018
3301030,1,2005,09,07,13,23,25. ,10,00062
3301030,3,2005,10,16,16,05,53. ,26,00382
3301030,2,2005,10,19,20,45,07. ,21,00153
3301030,1,2005,10,22,22,13,25. ,11,00052
3301030,1,2005,10,28,20,00,27. ,12,00082
3301030,2,2005,10,31,02,32,08. ,24,00344
3301030,1,2005,11,12,06,02,45. ,05,00027
3301030,2,2005,11,15,06,41,00. ,17,00101
3301030,1,2005,12,01,03,22,10. ,06,00049
3301030,2,2005,12,02,21,54,50. ,21,00246
3301030,1,2005,12,02,22,14,33. ,09,00020
3301030,1,2005,12,17,03,33,44. ,10,00031
3301030,1,2005,12,19,07,41,21. ,07,00040
3301030,3,2005,12,28,18,46,19. ,26,00359
3301030,2,2006,01,14,15,30,21. ,15,00101
3301030,1,2006,01,16,07,54,36. ,05,00034
3301030,2,2006,02,01,20,36,10. ,24,00222
3301030,1,2006,02,03,13,38,30. ,05,00014
3301030,1,2006,03,10,17,56,34. ,10,00063
3301030,1,2006,03,13,12,41,36. ,09,00062
3301030,1,2006,03,28,22,35,04. ,05,00018
3301030,1,2006,04,02,20,46,59. ,14,00093
3301030,1,2006,04,07,20,49,00. ,12,00090
3301030,2,2006,04,20,12,40,31. ,22,00293
3301030,1,2006,04,21,02,51,01. ,11,00044
3301030,2,2006,05,01,16,00,54. ,16,00136
3301030,1,2006,05,02,18,24,58. ,08,00031
3301030,1,2006,05,04,00,44,26. ,05,00034
3301030,1,2006,05,10,10,23,32. ,12,00078
3301030,1,2006,06,20,06,47,25. ,11,00045
3301030,1,2006,06,25,04,53,02. ,07,00040
3301030,1,2006,06,28,09,40,44. ,05,00039
3301030,2,2006,07,06,15,17,44. ,16,00132
3301030,1,2006,07,30,02,19,44. ,12,00097
3301030,1,2006,08,01,22,12,20. ,05,00033
3301030,2,2006,08,31,17,18,35. ,16,00116
3301030,1,2006,09,07,10,58,01. ,07,00033
3301030,1,2006,10,14,06,38,34. ,07,00025
3301030,1,2006,10,18,07,53,46. ,07,00037
3301030,1,2006,10,23,21,24,41. ,08,00051
3301030,1,2006,11,09,06,07,04. ,12,00077
3301030,1,2007,01,05,06,41,16. ,07,00034
3301030,1,2007,01,08,19,00,16. ,06,00033
3301030,2,2007,01,09,13,18,19. ,21,00183
3301030,1,2007,01,16,03,18,35. ,12,00074
3301030,1,2007,01,27,16,12,28. ,07,00042
3301030,1,2007,03,10,17,47,47. ,08,00084
3301030,1,2007,03,22,10,29,08. ,10,00051
3301030,2,2007,05,08,21,01,45. ,17,00159
3301030,1,2007,05,09,08,52,11. ,11,00067
3301030,2,2007,06,01,07,29,08. ,21,00207
3301030,3,2007,06,02,14,43,27. ,28,00553
3301030,2,2007,06,04,13,34,06. ,19,00175
3301030,2,2007,06,09,20,28,44. ,15,00102
3301030,2,2007,06,28,18,26,32. ,15,00133
3301030,1,2007,06,28,22,55,39. ,06,00046
3301030,2,2007,07,16,10,13,53. ,20,00059
3301030,1,2007,07,16,15,38,29. ,09,00031
3301030,1,2007,07,16,23,19,40. ,07,00031
3301030,1,2007,08,16,04,15,36. ,08,00016
3301030,1,2007,09,24,17,45,33. ,05,00027
3301030,1,2007,10,10,23,44,19. ,08,00052
3301030,2,2007,10,17,22,33,29. ,19,00198
3301030,1,2007,10,29,18,13,06. ,08,00070
3301030,2,2007,11,11,19,49,04. ,18,00171
3301030,1,2007,11,21,11,07,48. ,07,00049
3301030,1,2007,11,26,22,52,40. ,08,00039
3301030,1,2007,11,30,18,37,29. ,07,00049
3301030,1,2007,12,02,09,24,58. ,06,00039
3301030,1,2007,12,08,15,21,00. ,09,00051
3301030,1,2008,02,11,03,46,19. ,10,00066
3301030,1,2008,03,02,18,34,04. ,07,00045
3301030,2,2008,03,08,01,55,17. ,18,00136
3301030,2,2008,03,09,06,13,55. ,17,00125
3301030,1,2008,03,24,12,41,05. ,09,00035
3301030,1,2008,03,25,00,55,25. ,07,00036
3301030,3,2008,04,04,19,02,02. ,31,00581
3301030,1,2008,04,06,21,56,01. ,07,00047
3301030,1,2008,04,06,22,21,38. ,08,00045
3301030,1,2008,04,17,04,21,00. ,10,00050
3301030,1,2008,05,08,01,02,45. ,10,00030
3301030,2,2008,05,08,01,45,52. ,20,00110
3301030,1,2008,06,04,23,33,59. ,05,00025
3301030,1,2008,06,12,02,25,26. ,09,00063
3301030,1,2008,06,14,08,44,46. ,11,00025
3301030,2,2008,07,05,16,49,28. ,18,00129
3301030,1,2008,07,19,11,40,37. ,14,00041
3301030,1,2008,07,21,20,31,39. ,10,00022
3301030,2,2008,07,24,00,27,22. ,21,00129
3301030,1,2008,08,01,21,02,58. ,06,00041
3301030,1,2008,08,08,12,57,20. ,12,00059
3301030,2,2008,08,20,15,13,39. ,16,00124
3301030,2,2008,08,22,20,00,09. ,22,00247
3301030,1,2008,09,21,07,17,28. ,13,00068
3301030,1,2008,10,30,00,49,53. ,06,00038
3301030,1,2008,11,22,21,13,53. ,09,00051
3301030,1,2009,01,03,16,13,52. ,05,00027
3301030,1,2009,01,26,17,54,57. ,05,00024
3301030,2,2009,02,01,06,52,23. ,16,00077
3301030,1,2009,02,20,18,17,34. ,09,00061
3301030,1,2009,03,25,15,26,27. ,06,00039
3301030,1,2009,03,28,01,23,50. ,07,00043
3301030,1,2009,04,03,08,44,10. ,11,00090
3301030,1,2009,04,13,10,34,19. ,10,00082
3301030,1,2009,04,16,16,19,31. ,09,00059
3301030,1,2009,04,21,18,58,49. ,07,00036
3301030,1,2009,04,28,06,38,15. ,08,00040
3301030,1,2009,05,29,14,39,56. ,05,00038
3301030,1,2009,07,22,03,57,07. ,09,00047
3301030,1,2009,08,05,09,18,50. ,05,00037
3301030,2,2009,08,09,19,56,52. ,23,00181
3301030,2,2009,08,11,05,07,33. ,18,00082
3301030,1,2009,08,13,07,50,15. ,08,00032
3301030,1,2009,08,18,06,59,16. ,12,00064
3301030,1,2009,08,31,00,46,49. ,06,00031
3301030,1,2009,09,04,11,30,48. ,06,00026
3301030,1,2009,09,05,10,59,56. ,11,00136
3301030,1,2009,10,01,19,43,36. ,10,00065
3301030,1,2009,10,23,10,29,09. ,07,00038
3301030,3,2009,12,18,05,41,43. ,28,00355
3301030,1,2009,12,29,12,04,28. ,09,00055
3301030,1,2010,01,17,15,06,19. ,06,00029
3301030,1,2010,02,22,18,53,15. ,10,00054
3301030,1,2010,03,12,16,08,48. ,10,00057
3301030,2,2010,03,13,21,47,03. ,20,00151
3301030,2,2010,03,14,17,08,48. ,17,00096
3301030,1,2010,03,19,19,28,04. ,10,00063
3301030,2,2010,03,29,10,29,37. ,16,00097
3301030,2,2010,03,31,06,18,55. ,16,00131
3301030,1,2010,04,30,19,33,44. ,14,00104
3301030,1,2010,05,01,18,21,25. ,06,00034
3301030,2,2010,06,13,12,33,35. ,15,00084
3301030,1,2010,06,25,12,47,27. ,08,00049
3301030,1,2010,07,04,15,03,22. ,12,00068
3301030,1,2010,07,06,18,03,47. ,06,00048
3301030,1,2010,07,23,06,06,52. ,08,00036
3301030,1,2010,08,03,07,31,07. ,14,00095
3301030,1,2010,10,14,14,30,09. ,10,00069
3301030,2,2010,10,24,13,50,54. ,16,00129
3301030,3,2010,11,05,19,14,13. ,30,00691
3301030,1,2010,11,24,20,09,42. ,08,00041
3301030,2,2010,11,30,12,28,00. ,15,00047
3301030,1,2011,02,10,22,03,52. ,10,00049
3301030,1,2011,02,13,12,15,28. ,09,00051
3301030,1,2011,02,24,14,37,10. ,10,00070
3301030,1,2011,03,09,11,47,20. ,13,00027
3301030,1,2011,03,10,03,18,00. ,09,00013
3301030,1,2011,03,10,06,25,42. ,11,00020
3301030,4,2011,03,11,14,48,20. ,44,01912
3301030,2,2011,03,11,14,52,20. ,22,00085
3301030,2,2011,03,11,14,55,20. ,18,00101
3301030,1,2011,03,11,14,56,20. ,11,00036
3301030,2,2011,03,11,14,59,20. ,16,00071
3301030,1,2011,03,11,15,04,52. ,05,00017
3301030,1,2011,03,11,15,05,50. ,14,00096
3301030,1,2011,03,11,15,08,50. ,11,00047
3301030,1,2011,03,11,15,07,50. ,11,00033
3301030,1,2011,03,11,15,09,50. ,10,00029
3301030,1,2011,03,11,15,11,50. ,11,00045
3301030,2,2011,03,11,15,13,30. ,17,00095
3301030,1,2011,03,11,15,14,30. ,08,00027
3301030,3,2011,03,11,15,16,30. ,31,00430
3301030,1,2011,03,11,15,18,30. ,14,00042
3301030,1,2011,03,11,15,19,30. ,09,00024
3301030,1,2011,03,11,15,20,30. ,08,00018
3301030,1,2011,03,11,15,21,30. ,05,00020
3301030,3,2011,03,11,15,27,40. ,28,00349
3301030,1,2011,03,11,15,29,40. ,05,00024
3301030,1,2011,03,11,15,30,40. ,11,00048
3301030,1,2011,03,11,15,35,00. ,09,00039
3301030,1,2011,03,11,15,36,00. ,06,00030
3301030,2,2011,03,11,15,45,00. ,22,00178
3301030,1,2011,03,11,15,55,00. ,13,00069
3301030,1,2011,03,11,15,58,00. ,07,00016
3301030,1,2011,03,11,16,01,00. ,09,00043
3301030,2,2011,03,11,16,15,35. ,15,00047
3301030,1,2011,03,11,16,18,30. ,09,00033
3301030,1,2011,03,11,16,27,30. ,13,00052
3301030,2,2011,03,11,16,30,30. ,17,00112
3301030,1,2011,03,11,17,12,37. ,13,00042
3301030,2,2011,03,11,17,20,30. ,15,00046
3301030,1,2011,03,11,17,28,30. ,10,00047
3301030,2,2011,03,11,17,31,30. ,16,00104
3301030,1,2011,03,11,17,35,54. ,09,00039
3301030,1,2011,03,11,17,39,43. ,06,00029
3301030,2,2011,03,11,17,41,40. ,20,00153
3301030,1,2011,03,11,19,22,06. ,10,00040
3301030,1,2011,03,11,19,36,24. ,10,00044
3301030,1,2011,03,11,19,47,03. ,05,00026
3301030,1,2011,03,11,20,01,52. ,08,00039
3301030,1,2011,03,11,20,08,05. ,07,00040
3301030,1,2011,03,11,20,21,42. ,05,00024
3301030,1,2011,03,11,20,38,40. ,07,00031
3301030,1,2011,03,11,21,14,06. ,09,00033
3301030,1,2011,03,11,22,17,40. ,08,00028
3301030,1,2011,03,11,22,48,22. ,07,00033
3301030,1,2011,03,11,23,01,04. ,08,00046
3301030,1,2011,03,11,23,44,49. ,06,00034
3301030,1,2011,03,11,23,56,57. ,06,00024
3301030,1,2011,03,12,00,14,05. ,10,00028
3301030,1,2011,03,12,00,21,00. ,06,00015
3301030,1,2011,03,12,03,12,35. ,06,00017
3301030,1,2011,03,12,03,44,43. ,14,00088
3301030,2,2011,03,12,03,59,39. ,18,00092
3301030,1,2011,03,12,04,09,04. ,10,00051
3301030,1,2011,03,12,04,25,03. ,06,00022
3301030,1,2011,03,12,04,32,23. ,06,00034
3301030,1,2011,03,12,04,46,26. ,13,00066
3301030,2,2011,03,12,05,35,20. ,16,00078
3301030,1,2011,03,12,06,35,20. ,07,00036
3301030,1,2011,03,12,10,12,55. ,06,00031
3301030,1,2011,03,12,10,48,20. ,07,00028
3301030,1,2011,03,12,11,49,12. ,07,00031
3301030,1,2011,03,12,15,44,41. ,07,00037
3301030,1,2011,03,12,21,55,27. ,10,00045
3301030,2,2011,03,12,22,16,15. ,18,00112
3301030,1,2011,03,13,05,42,21. ,05,00026
3301030,1,2011,03,13,07,13,51. ,09,00036
3301030,1,2011,03,13,08,26,05. ,09,00043
3301030,1,2011,03,13,09,41,53. ,08,00038
3301030,1,2011,03,13,10,27,05. ,07,00022
3301030,1,2011,03,13,20,38,48. ,05,00018
3301030,1,2011,03,14,07,57,17. ,05,00026
3301030,1,2011,03,14,08,42,08. ,11,00058
3301030,2,2011,03,14,10,03,06. ,17,00091
3301030,1,2011,03,14,15,14,00. ,06,00021
3301030,1,2011,03,14,15,19,29. ,06,00028
3301030,1,2011,03,14,15,52,52. ,13,00062
3301030,1,2011,03,15,03,41,58. ,07,00031
3301030,1,2011,03,15,05,00,07. ,08,00037
3301030,1,2011,03,15,22,29,07. ,11,00032
3301030,3,2011,03,15,22,32,04. ,25,00347
3301030,1,2011,03,15,22,43,39. ,05,00036
3301030,2,2011,03,16,12,52,27. ,17,00107
3301030,1,2011,03,16,13,15,23. ,14,00078
3301030,1,2011,03,16,22,39,20. ,12,00048
3301030,1,2011,03,17,21,32,37. ,12,00038
3301030,2,2011,03,17,21,55,24. ,16,00084
3301030,1,2011,03,19,05,33,37. ,05,00027
3301030,2,2011,03,19,18,57,13. ,23,00180
3301030,1,2011,03,20,10,31,23. ,12,00066
3301030,1,2011,03,21,05,06,17. ,08,00037
3301030,1,2011,03,22,13,25,43. ,10,00065
3301030,1,2011,03,22,16,19,51. ,12,00057
3301030,1,2011,03,22,17,33,54. ,07,00038
3301030,2,2011,03,22,18,19,45. ,17,00076
3301030,1,2011,03,23,07,13,06. ,12,00059
3301030,2,2011,03,23,07,35,33. ,15,00085
3301030,2,2011,03,23,07,37,30. ,15,00096
3301030,1,2011,03,24,05,33,24. ,08,00036
3301030,1,2011,03,24,05,43,54. ,06,00030
3301030,2,2011,03,24,08,57,02. ,24,00356
3301030,1,2011,03,24,17,22,39. ,09,00036
3301030,1,2011,03,25,20,37,55. ,05,00021
3301030,1,2011,03,28,07,25,18. ,10,00040
3301030,1,2011,03,29,19,55,44. ,09,00027
3301030,1,2011,03,29,20,14,23. ,10,00060
3301030,2,2011,03,30,22,19,31. ,17,00139
3301030,2,2011,04,02,16,56,05. ,23,00224
3301030,2,2011,04,03,11,49,42. ,16,00121
3301030,1,2011,04,03,16,39,50. ,08,00039
3301030,1,2011,04,04,20,46,37. ,14,00084
3301030,1,2011,04,05,13,32,49. ,08,00044
3301030,1,2011,04,06,21,57,28. ,07,00036
3301030,1,2011,04,06,22,55,54. ,09,00044
3301030,1,2011,04,07,11,41,24. ,09,00042
3301030,3,2011,04,07,23,33,31. ,29,00352
3301030,1,2011,04,08,04,46,28. ,10,00061
3301030,1,2011,04,08,11,58,05. ,05,00031
3301030,1,2011,04,09,03,57,09. ,11,00073
3301030,2,2011,04,09,17,02,32. ,18,00199
3301030,2,2011,04,09,21,47,59. ,16,00166
3301030,1,2011,04,09,23,29,58. ,07,00038
3301030,1,2011,04,11,02,45,52. ,05,00028
3301030,2,2011,04,11,06,36,21. ,17,00105
3301030,1,2011,04,11,13,52,43. ,06,00032
3301030,3,2011,04,11,17,16,39. ,31,00533
3301030,1,2011,04,11,17,18,30. ,12,00057
3301030,1,2011,04,11,17,27,10. ,11,00052
3301030,1,2011,04,11,17,58,46. ,08,00032
3301030,1,2011,04,11,18,05,54. ,11,00047
3301030,2,2011,04,11,20,43,03. ,18,00134
3301030,2,2011,04,12,08,08,42. ,20,00117
3301030,2,2011,04,12,14,08,10. ,21,00173
3301030,2,2011,04,13,10,08,29. ,15,00086
3301030,1,2011,04,14,07,36,21. ,07,00030
3301030,1,2011,04,14,12,09,39. ,09,00041
3301030,3,2011,04,16,11,19,46. ,34,00739
3301030,1,2011,04,18,03,09,05. ,07,00033
3301030,1,2011,04,19,02,37,24. ,07,00033
3301030,3,2011,04,19,23,10,30. ,27,00360
3301030,1,2011,04,20,17,31,09. ,05,00030
3301030,1,2011,04,21,00,30,23. ,07,00040
3301030,1,2011,04,21,03,25,31. ,06,00040
3301030,1,2011,04,21,22,37,26. ,13,00037
3301030,1,2011,04,22,01,12,01. ,14,00072
3301030,1,2011,04,23,00,26,08. ,05,00026
3301030,1,2011,04,23,19,13,50. ,09,00038
3301030,1,2011,04,23,23,32,01. ,05,00033
3301030,1,2011,04,24,12,25,20. ,10,00080
3301030,1,2011,04,25,18,00,50. ,08,00040
3301030,3,2011,04,26,21,12,13. ,25,00375
3301030,1,2011,04,28,18,28,42. ,13,00054
3301030,1,2011,04,30,14,07,19. ,09,00044
3301030,1,2011,05,01,02,12,37. ,05,00028
3301030,2,2011,05,01,10,45,31. ,19,00137
3301030,1,2011,05,01,11,49,41. ,06,00033
3301030,1,2011,05,02,09,19,01. ,05,00032
3301030,1,2011,05,06,00,00,11. ,06,00026
3301030,1,2011,05,10,05,17,33. ,06,00028
3301030,1,2011,05,14,08,36,34. ,14,00081
3301030,1,2011,05,20,09,46,55. ,06,00016
3301030,1,2011,05,20,16,29,45. ,07,00032
3301030,1,2011,05,20,17,53,17. ,13,00069
3301030,1,2011,05,22,07,06,52. ,09,00024
3301030,1,2011,05,23,18,32,48. ,08,00052
3301030,1,2011,05,25,09,19,30. ,08,00040
3301030,1,2011,05,28,11,14,22. ,10,00082
3301030,1,2011,06,03,09,06,42. ,09,00046
3301030,1,2011,06,03,10,33,42. ,08,00044
3301030,2,2011,06,04,01,00,45. ,15,00095
3301030,1,2011,06,09,19,39,06. ,08,00038
3301030,1,2011,06,14,22,08,30. ,10,00039
3301030,1,2011,06,18,20,31,45. ,12,00070
3301030,1,2011,06,23,06,53,07. ,07,00013
3301030,1,2011,06,25,18,59,46. ,05,00026
3301030,1,2011,07,03,09,01,26. ,09,00047
3301030,2,2011,07,08,03,36,12. ,17,00125
3301030,2,2011,07,10,09,59,00. ,22,00159
3301030,3,2011,07,15,21,01,24. ,30,00490
3301030,2,2011,07,16,17,58,10. ,19,00176
3301030,1,2011,07,23,13,36,01. ,05,00015
3301030,1,2011,07,23,23,22,49. ,12,00085
3301030,2,2011,07,25,03,52,07. ,18,00109
3301030,3,2011,07,31,03,54,20. ,31,00577
3301030,2,2011,08,01,23,58,30. ,15,00055
3301030,1,2011,08,02,12,37,58. ,08,00041
3301030,1,2011,08,05,21,28,18. ,07,00041
3301030,2,2011,08,12,03,22,34. ,22,00227
3301030,2,2011,08,15,15,27,02. ,18,00133
3301030,2,2011,08,17,09,23,30. ,23,00280
3301030,1,2011,08,17,20,45,47. ,05,00027
3301030,1,2011,08,18,01,33,00. ,13,00067
3301030,2,2011,08,19,00,40,02. ,21,00260
3301030,2,2011,08,19,14,37,13. ,20,00127
3301030,1,2011,08,22,17,36,37. ,12,00066
3301030,1,2011,08,26,21,26,17. ,06,00045
3301030,1,2011,08,31,18,33,08. ,09,00042
3301030,2,2011,09,04,05,53,02. ,16,00114
3301030,1,2011,09,10,15,00,55. ,10,00062
3301030,1,2011,09,13,02,43,09. ,08,00047
3301030,1,2011,09,15,17,00,41. ,12,00041
3301030,1,2011,09,21,22,31,22. ,14,00082
3301030,1,2011,09,25,15,09,28. ,06,00049
3301030,1,2011,09,28,20,26,14. ,10,00065
3301030,1,2011,09,29,19,05,56. ,05,00025
3301030,1,2011,10,09,01,09,04. ,05,00030
3301030,1,2011,10,10,06,58,10. ,14,00081
3301030,2,2011,10,10,11,46,37. ,16,00092
3301030,1,2011,10,26,02,09,41. ,05,00032
3301030,1,2011,11,03,19,34,43. ,11,00051
3301030,1,2011,11,20,10,24,11. ,08,00039
3301030,2,2011,11,24,04,25,09. ,15,00075
3301030,1,2011,11,24,21,47,57. ,12,00079
3301030,1,2011,11,28,23,33,40. ,14,00103
3301030,1,2011,12,11,20,16,44. ,07,00037
3301030,1,2011,12,14,13,02,05. ,06,00020
3301030,1,2011,12,16,15,12,18. ,11,00059
3301030,1,2011,12,22,05,11,18. ,05,00029
3301030,1,2011,12,23,23,44,17. ,12,00064
3301030,1,2011,12,31,06,14,32. ,08,00048
3301030,3,2012,01,01,14,30,10. ,25,00219
3301030,2,2012,01,12,12,21,30. ,15,00082
3301030,3,2012,01,17,12,30,25. ,25,00458
3301030,1,2012,01,22,10,20,39. ,12,00065
3301030,1,2012,01,23,20,46,21. ,13,00071
3301030,1,2012,01,28,07,39,56. ,10,00052
3301030,2,2012,01,28,07,43,27. ,16,00103
3301030,1,2012,01,29,16,46,55. ,13,00094
3301030,1,2012,02,04,19,21,58. ,10,00051
3301030,2,2012,02,11,10,27,06. ,22,00344
3301030,1,2012,02,14,15,22,55. ,05,00015
3301030,1,2012,02,19,14,55,17. ,12,00074
3301030,1,2012,02,24,13,10,48. ,09,00045
3301030,1,2012,02,28,14,21,28. ,06,00023
3301030,1,2012,02,29,18,00,54. ,14,00074
3301030,3,2012,03,01,07,32,52. ,29,00425
3301030,1,2012,03,06,16,05,42. ,05,00037
3301030,2,2012,03,08,03,51,08. ,17,00166
3301030,1,2012,03,10,02,26,02. ,11,00049
3301030,1,2012,03,14,18,11,10. ,10,00049
3301030,2,2012,03,14,21,05,29. ,17,00103
3301030,2,2012,03,16,04,20,30. ,23,00261
3301030,1,2012,03,17,11,55,25. ,11,00087
3301030,1,2012,03,19,11,30,20. ,11,00107
3301030,1,2012,03,25,03,24,40. ,06,00030
3301030,1,2012,03,30,13,39,32. ,05,00027
3301030,2,2012,04,01,23,04,56. ,17,00113
3301030,1,2012,04,03,12,13,04. ,14,00120
3301030,1,2012,04,12,20,20,47. ,06,00026
3301030,1,2012,04,12,23,51,55. ,07,00039
3301030,1,2012,04,13,19,10,45. ,12,00055
3301030,1,2012,04,14,17,47,01. ,06,00032
3301030,1,2012,04,25,05,22,39. ,10,00034
3301030,1,2012,04,29,19,29,15. ,09,00023
3301030,1,2012,05,17,18,12,11. ,08,00058
3301030,3,2012,05,18,17,19,09. ,28,00394
3301030,1,2012,05,20,22,01,46. ,08,00047
3301030,1,2012,05,26,21,36,02. ,08,00059
3301030,2,2012,05,29,01,37,01. ,18,00121
3301030,1,2012,05,31,14,50,30. ,06,00030
3301030,1,2012,06,01,04,43,24. ,08,00042
3301030,3,2012,06,01,17,48,18. ,29,00397
3301030,2,2012,06,17,16,13,28. ,19,00148
3301030,1,2012,06,18,05,33,58. ,05,00019
3301030,1,2012,06,28,14,52,33. ,14,00081
3301030,1,2012,07,03,11,31,30. ,10,00037
3301030,2,2012,07,12,13,54,57. ,20,00214
3301030,3,2012,07,16,04,31,41. ,32,00631
3301030,1,2012,07,22,19,13,14. ,10,00058
3301030,1,2012,07,26,19,30,15. ,10,00073
3301030,1,2012,07,27,23,40,24. ,06,00046
3301030,3,2012,08,03,22,19,47. ,25,00423
3301030,1,2012,08,13,13,48,35. ,14,00105
3301030,1,2012,08,20,20,43,04. ,07,00029
3301030,2,2012,08,26,03,37,36. ,15,00093
3301030,2,2012,08,30,04,17,50. ,20,00242
3301030,1,2012,09,14,02,22,26. ,10,00041
3301030,1,2012,09,25,01,13,05. ,06,00054
3301030,1,2012,09,25,16,10,49. ,12,00194
3301030,1,2012,10,08,20,04,14. ,06,00038
3301030,1,2012,10,11,16,06,29. ,08,00047
3301030,1,2012,10,12,13,57,39. ,05,00026
3301030,1,2012,10,25,19,33,39. ,08,00031
3301030,2,2012,10,31,15,50,12. ,21,00243
3301030,1,2012,11,03,07,35,23. ,08,00045
3301030,1,2012,11,09,12,52,45. ,06,00026
3301030,2,2012,11,24,00,51,58. ,20,00237
3301030,2,2012,11,24,18,00,03. ,18,00127
3301030,3,2012,12,07,17,20,20. ,33,00600
3301030,1,2012,12,07,17,32,48. ,13,00062
3301030,1,2012,12,15,13,27,56. ,07,00037
3301030,1,2012,12,15,14,46,58. ,05,00029
3301030,1,2012,12,20,05,16,47. ,09,00056
3301030,1,2012,12,28,16,30,33. ,05,00035
3301030,1,2012,12,29,16,20,21. ,08,00040
3301030,1,2013,01,04,22,53,49. ,06,00030
3301030,1,2013,01,10,21,49,20. ,05,00024
3301030,1,2013,01,14,15,54,46. ,06,00032
3301030,1,2013,01,14,18,36,51. ,10,00083
3301030,1,2013,01,22,04,47,27. ,08,00042
3301030,1,2013,01,26,09,14,59. ,07,00053
3301030,2,2013,01,28,03,42,09. ,15,00094
3301030,2,2013,02,01,01,04,58. ,21,00225
3301030,1,2013,02,02,23,20,35. ,10,00037
3301030,1,2013,02,04,00,32,39. ,06,00054
3301030,1,2013,02,09,13,43,54. ,08,00036
3301030,1,2013,02,18,21,26,38. ,06,00040
3301030,1,2013,02,25,16,24,12. ,09,00039
3301030,1,2013,03,01,08,53,56. ,07,00043
3301030,1,2013,03,08,19,53,32. ,09,00059
3301030,1,2013,03,13,21,50,22. ,09,00055
3301030,1,2013,03,14,05,03,15. ,08,00036
3301030,1,2013,03,18,06,53,58. ,12,00074
3301030,1,2013,03,21,14,34,54. ,12,00072
3301030,1,2013,04,04,13,43,08. ,05,00030
3301030,1,2013,04,06,05,01,39. ,08,00036
3301030,2,2013,04,14,10,22,19. ,20,00145
3301030,1,2013,04,14,22,25,54. ,12,00056
3301030,1,2013,04,17,21,04,53. ,06,00027
3301030,1,2013,04,21,12,25,05. ,06,00024
3301030,1,2013,05,05,07,17,39. ,06,00034
3301030,1,2013,05,05,15,54,36. ,08,00051
3301030,1,2013,05,18,14,48,57. ,13,00061
3301030,1,2013,06,05,04,24,34. ,05,00032
3301030,1,2013,07,20,01,40,21. ,07,00027
3301030,1,2013,08,04,12,29,40. ,11,00058
3301030,1,2013,08,10,07,56,46. ,11,00055
3301030,3,2013,09,04,09,21,06. ,25,00130
3301030,1,2013,09,16,19,24,42. ,13,00084
3301030,2,2013,09,20,02,25,36. ,15,00091
3301030,1,2013,09,30,22,38,17. ,13,00096
3301030,1,2013,10,03,16,41,57. ,06,00033
3301030,2,2013,10,12,02,43,32. ,20,00195
3301030,1,2013,10,20,10,07,53. ,10,00056
3301030,2,2013,10,26,02,12,20. ,22,00197
3301030,2,2013,11,03,14,25,28. ,17,00100
3301030,2,2013,11,10,07,38,04. ,21,00180
3301030,2,2013,11,16,20,44,58. ,17,00095
3301030,1,2013,11,19,04,12,20. ,05,00021
3301030,1,2013,11,29,01,15,21. ,14,00071
3301030,2,2013,12,21,01,11,00. ,21,00193
3301030,1,2013,12,29,04,18,17. ,07,00049
3301030,1,2013,12,31,10,03,35. ,07,00036
3301030,1,2014,01,06,02,21,50. ,08,00045
3301030,1,2014,01,09,03,58,11. ,06,00027
3301030,1,2014,02,06,00,46,28. ,09,00055
3301030,1,2014,02,08,02,19,33. ,05,00023
3301030,1,2014,02,19,00,29,51. ,14,00137
3301030,1,2014,03,01,05,22,23. ,08,00057
3301030,1,2014,04,13,18,16,55. ,06,00029
3301030,1,2014,04,17,03,18,31. ,07,00029
3301030,3,2014,04,18,07,53,13. ,28,00456
3301030,1,2014,05,05,05,02,27. ,13,00085
3301030,3,2014,05,05,05,18,52. ,27,00231
3301030,1,2014,05,13,08,35,20. ,11,00038
3301030,2,2014,06,11,21,12,15. ,19,00228
3301030,2,2014,06,16,05,15,24. ,16,00087
3301030,1,2014,06,17,02,43,24. ,05,00026
3301030,1,2014,06,28,14,51,27. ,13,00079
3301030,1,2014,07,10,12,22,49. ,08,00048
3301030,1,2014,07,12,04,22,51. ,14,00041
3301030,1,2014,07,19,10,43,08. ,12,00057
3301030,2,2014,07,20,10,25,53. ,17,00150
3301030,1,2014,07,20,19,47,46. ,05,00029
3301030,1,2014,07,28,09,51,26. ,05,00037
3301030,2,2014,08,24,17,27,06. ,24,00267
3301030,1,2014,08,26,11,23,17. ,11,00058
3301030,1,2014,09,02,16,33,01. ,05,00031
3301030,4,2014,09,16,12,28,41. ,39,01467
3301030,1,2014,09,24,21,46,45. ,08,00038
3301030,1,2014,09,24,22,31,55. ,11,00048
3301030,2,2014,09,28,15,09,48. ,15,00135
3301030,1,2014,10,27,15,36,39. ,08,00058
3301030,3,2014,11,12,09,53,43. ,27,00339
3301030,1,2014,11,20,10,52,34. ,14,00065
3301030,1,2014,11,22,22,08,44. ,09,00023
3301030,1,2014,12,20,18,30,51. ,11,00050
3301030,1,2014,12,25,20,32,14. ,11,00072
3301030,1,2014,12,31,23,50,07. ,08,00043
3301030,1,2015,01,01,15,57,15. ,09,00047
3301030,1,2015,01,26,07,20,21. ,07,00035
3301030,1,2015,01,30,20,32,02. ,12,00062
3301030,1,2015,03,23,21,40,48. ,12,00067
3301030,2,2015,03,24,13,53,39. ,17,00097
3301030,1,2015,03,25,16,26,31. ,13,00087
3301030,1,2015,04,12,15,25,36. ,08,00049
3301030,1,2015,04,19,08,02,33. ,07,00042
3301030,1,2015,04,24,11,59,57. ,07,00037
3301030,1,2015,05,03,13,03,54. ,06,00026
3301030,2,2015,05,03,15,54,10. ,23,00312
3301030,1,2015,05,13,06,15,00. ,13,00047
3301030,2,2015,05,13,22,45,42. ,21,00186
3301030,4,2015,05,25,14,28,19. ,36,00907
3301030,3,2015,05,30,01,06,58. ,25,00301
3301030,3,2015,05,30,20,26,00. ,28,00100
3301030,2,2015,06,09,05,44,19. ,17,00156
3301030,1,2015,07,06,18,24,25. ,08,00053
3301030,2,2015,07,06,18,30,36. ,20,00215
3301030,2,2015,07,10,01,15,23. ,19,00164
3301030,1,2015,07,10,09,40,15. ,09,00067
3301030,1,2015,07,29,21,35,08. ,10,00069
3301030,1,2015,08,01,08,44,49. ,05,00039
3301030,1,2015,08,05,20,57,10. ,06,00030
3301030,3,2015,08,06,18,22,48. ,26,00395
3301030,1,2015,08,10,18,44,48. ,12,00084
3301030,1,2015,08,14,05,14,13. ,14,00085
3301030,1,2015,08,28,23,46,57. ,05,00025
3301030,1,2015,09,02,16,17,13. ,07,00045
3301030,2,2015,09,12,05,49,20. ,18,00105
3301030,1,2015,09,12,11,45,39. ,05,00032
3301030,2,2015,10,21,15,05,25. ,21,00179
3301030,1,2015,10,25,17,15,45. ,05,00027
3301030,1,2015,11,05,20,58,39. ,05,00033
3301030,2,2015,11,07,22,45,05. ,23,00220
3301030,1,2015,11,19,18,34,01. ,06,00033
3301030,1,2015,11,22,08,20,50. ,08,00048
3301030,1,2015,12,02,01,07,36. ,10,00057
3301030,1,2015,12,22,21,19,14. ,09,00053
3301030,1,2016,01,15,04,29,17. ,11,00064
3301030,1,2016,02,05,07,41,57. ,05,00023
3301030,1,2016,02,05,16,02,53. ,06,00032
3301030,2,2016,02,07,19,27,08. ,17,00128
3301030,1,2016,03,20,16,02,03. ,05,00034
3301030,2,2016,03,31,11,48,40. ,17,00188
3301030,1,2016,04,20,21,20,54. ,05,00025
3301030,3,2016,05,16,21,23,12. ,30,00595
3301030,1,2016,05,17,06,55,19. ,11,00062
3301030,1,2016,05,17,06,57,47. ,11,00072
3301030,2,2016,06,12,07,54,34. ,19,00176
3301030,1,2016,06,27,07,58,18. ,05,00015
3301030,1,2016,07,01,06,26,45. ,07,00051
3301030,1,2016,07,04,22,48,59. ,13,00103
3301030,3,2016,07,17,13,24,13. ,27,00451
3301030,1,2016,07,19,23,55,25. ,09,00055
3301030,2,2016,07,20,07,25,43. ,24,00314
3301030,2,2016,07,27,23,47,37. ,18,00144
3301030,1,2016,08,15,16,05,34. ,10,00051
3301030,1,2016,08,19,21,08,13. ,12,00055
3301030,2,2016,08,27,22,46,39. ,19,00171
3301030,2,2016,09,07,13,29,02. ,24,00330
3301030,1,2016,09,09,20,53,55. ,07,00040
3301030,2,2016,09,13,19,12,40. ,19,00143
3301030,1,2016,09,13,19,20,04. ,06,00034
3301030,1,2016,10,10,15,28,43. ,06,00035
3301030,2,2016,10,19,23,40,59. ,18,00174
3301030,1,2016,11,10,03,56,08. ,07,00039
3301030,1,2016,11,12,06,44,18. ,07,00030
3301030,1,2016,11,21,06,59,56. ,05,00028
3301030,3,2016,11,22,06,00,26. ,25,00262
3301030,1,2016,11,24,06,24,24. ,12,00058
3301030,2,2016,12,26,04,52,55. ,15,00095
3301030,2,2016,12,28,21,39,16. ,20,00129
3301030,2,2017,01,05,00,44,25. ,17,00102
3301030,1,2017,01,05,02,54,14. ,08,00035
3301030,1,2017,01,12,09,36,49. ,06,00035
3301030,1,2017,01,18,17,19,58. ,12,00085
3301030,1,2017,02,19,18,20,00. ,07,00022
3301030,1,2017,02,25,10,19,12. ,08,00053
3301030,2,2017,02,26,05,11,56. ,19,00207
3301030,1,2017,02,27,00,04,17. ,10,00050
3301030,2,2017,02,28,16,49,39. ,15,00081
3301030,1,2017,03,12,04,58,48. ,05,00028
3301030,1,2017,03,24,01,30,05. ,07,00038
3301030,2,2017,04,12,03,11,02. ,20,00182
3301030,2,2017,05,28,15,18,44. ,15,00099
3301030,1,2017,06,19,01,24,05. ,11,00056
3301030,1,2017,07,07,21,49,35. ,05,00028
3301030,1,2017,07,12,02,36,58. ,07,00062
3301030,2,2017,07,20,09,12,11. ,15,00076
3301030,1,2017,07,21,16,08,00. ,09,00037
3301030,1,2017,07,23,17,57,51. ,06,00038
3301030,2,2017,08,02,02,02,32. ,20,00224
3301030,2,2017,08,02,07,16,09. ,23,00326
3301030,2,2017,08,03,13,45,15. ,21,00303
3301030,1,2017,08,08,19,25,45. ,07,00050
3301030,1,2017,08,10,09,36,45. ,14,00083
3301030,1,2017,08,13,02,07,57. ,06,00031
3301030,1,2017,08,14,18,12,02. ,11,00047
3301030,1,2017,09,11,00,51,19. ,05,00031
3301030,2,2017,09,14,09,27,33. ,24,00309
3301030,1,2017,09,21,01,39,15. ,11,00048
3301030,1,2017,10,06,17,01,08. ,12,00061
3301030,2,2017,10,06,23,57,13. ,21,00158
3301030,1,2017,10,18,07,41,01. ,06,00038
3301030,1,2017,11,02,22,31,36. ,10,00085
3301030,1,2017,11,03,21,38,40. ,08,00034
3301030,2,2017,11,05,16,30,19. ,20,00214
3301030,1,2017,11,10,00,38,18. ,06,00037
3301030,1,2017,11,30,22,02,19. ,08,00043
3301030,2,2017,12,02,00,12,40. ,17,00148
3301030,1,2017,12,27,22,05,58. ,05,00029
3301030,1,2018,01,02,19,48,54. ,07,00032
3301030,2,2018,01,06,00,54,30. ,17,00123
3301030,1,2018,01,26,18,01,04. ,05,00046
3301030,2,2018,02,08,23,34,29. ,17,00125
3301030,1,2018,02,26,01,29,36. ,14,00056
3301030,1,2018,02,27,08,08,15. ,14,00092
3301030,1,2018,03,26,18,44,46. ,09,00069
3301030,2,2018,03,30,08,17,53. ,19,00166
3301030,1,2018,05,17,12,13,01. ,07,00026
3301030,1,2018,06,02,15,04,52. ,07,00041
3301030,1,2018,06,04,20,20,06. ,07,00039
3301030,2,2018,06,17,15,27,31. ,23,00269
3301030,1,2018,07,07,20,24,16. ,13,00039
3301030,1,2018,07,17,04,34,36. ,10,00058
3301030,1,2018,07,29,09,59,18. ,08,00037
3301030,1,2018,07,29,15,21,39. ,05,00055
3301030,1,2018,09,05,05,11,48. ,14,00078
3301030,1,2018,09,14,14,36,02. ,07,00033
3301030,2,2018,09,18,17,11,25. ,22,00250
3301030,1,2018,10,27,09,08,53. ,06,00040
3301030,1,2018,11,23,23,31,02. ,09,00043
3301030,3,2018,11,27,08,34,01. ,27,00474
3301030,1,2018,12,08,10,54,54. ,08,00038
3301030,1,2018,12,12,17,50,18. ,11,00067
3301030,1,2019,01,02,18,44,47. ,10,00084
3301030,1,2019,01,11,03,31,35. ,08,00044
3301030,3,2019,01,14,13,23,52. ,28,00534
3301030,1,2019,01,18,21,46,43. ,09,00042
3301030,1,2019,02,19,17,06,57. ,05,00040
3301030,1,2019,02,20,20,25,12. ,10,00069
3301030,1,2019,05,24,12,40,39. ,11,00073
3301030,1,2019,05,25,15,21,12. ,05,00018
3301030,1,2019,06,06,05,15,27. ,10,00061
3301030,1,2019,06,08,12,46,18. ,08,00044
3301030,2,2019,06,17,08,00,30. ,16,00101
3301030,1,2019,06,18,22,23,44. ,06,00018
3301030,1,2019,06,24,09,12,06. ,08,00037
3301030,1,2019,06,27,22,08,43. ,12,00086
3301030,1,2019,07,16,01,38,34. ,07,00042
3301030,2,2019,07,28,03,33,10. ,16,00083
3301030,2,2019,08,04,19,23,46. ,21,00115
3301030,1,2019,09,30,01,02,53. ,10,00071
3301030,1,2019,10,01,18,07,25. ,08,00050
3301030,1,2019,11,03,02,39,59. ,07,00039
3301030,1,2019,11,03,23,55,59. ,05,00036
3301030,1,2019,11,05,07,28,27. ,07,00049
3301030,1,2019,11,18,18,34,55. ,07,00049
3301030,2,2019,11,22,05,24,00. ,18,00178
3301030,1,2019,11,29,10,20,00. ,08,00058
3301030,3,2019,12,03,10,18,15. ,30,00396
3301030,1,2019,12,04,10,39,24. ,11,00053
3301030,1,2019,12,04,19,35,26. ,13,00062
3301030,1,2020,01,08,04,22,17. ,13,00090
3301030,2,2020,01,14,04,53,59. ,23,00337
3301030,2,2020,02,01,02,08,01. ,18,00129
3301030,2,2020,02,12,19,38,04. ,15,00102
3301030,1,2020,02,17,12,41,11. ,08,00034
3301030,1,2020,03,15,19,09,35. ,06,00033
3301030,2,2020,04,12,00,45,00. ,24,00256
3301030,1,2020,04,20,05,40,41. ,05,00020
3301030,2,2020,04,26,09,49,24. ,23,00230
3301030,1,2020,05,04,22,08,22. ,05,00022
3301030,1,2020,05,06,01,57,25. ,11,00053
3301030,1,2020,05,11,08,59,03. ,09,00039
3301030,1,2020,05,19,12,18,11. ,07,00034
3301030,2,2020,06,01,06,02,30. ,19,00108
3301030,1,2020,06,04,05,31,46. ,08,00045
3301030,1,2020,06,25,04,48,13. ,13,00047
3301030,3,2020,07,09,06,05,39. ,32,00927
3301030,2,2020,08,30,14,37,53. ,22,00324
3301030,1,2020,09,12,11,45,44. ,09,00033
3301030,1,2020,09,20,09,05,26. ,07,00033
3301030,1,2020,10,28,15,58,46. ,10,00045
3301030,2,2020,11,22,19,06,19. ,21,00194
3301030,2,2020,11,25,11,20,29. ,18,00137
3301030,1,2020,12,17,16,42,55. ,13,00086
3301030,2,2020,12,30,09,35,47. ,23,00247
