station,intensity,year,month,day,hour,minute,second,intensity_equip,acceleration_max_comb
4310630,1,2000,03,24,23,00,40. ,14,00071
4310630,2,2000,06,07,06,17,22. ,19,00061
4310630,1,2000,07,20,06,56,30. ,13,00237
4310630,2,2000,10,06,13,31,21. ,17,00039
4310630,2,2000,10,31,01,43,17. ,23,00182
4310630,1,2001,01,12,08,01,13. ,08,00018
4310630,2,2001,02,23,07,23,23. ,24,00315
4310630,2,2001,04,03,23,57,30. ,21,00135
4310630,1,2001,06,01,00,42,06. ,12,00063
4310630,1,2001,06,01,11,17,15. ,05,00032
4310630,1,2001,06,03,11,34,16. ,08,00034
4310630,1,2002,04,28,10,34,57. ,12,00068
4310630,4,2005,01,09,18,59,35. ,40,02381
4310630,2,2005,06,20,14,04,41. ,21,00205
4310630,1,2005,06,20,21,38,38. ,05,00032
4310630,2,2005,08,16,11,48,56. ,15,00022
4310630,3,2005,12,24,11,02,03. ,33,01136
4310630,1,2005,12,28,14,52,29. ,07,00078
4310630,1,2006,01,09,14,49,02. ,06,00055
4310630,1,2006,02,18,16,21,31. ,07,00040
4310630,1,2006,06,24,23,11,02. ,07,00057
4310630,2,2006,08,25,21,32,07. ,20,00428
4310630,1,2006,12,14,21,56,01. ,07,00048
4310630,2,2006,12,19,18,33,09. ,19,00265
4310630,3,2007,01,05,03,06,42. ,28,01064
4310630,2,2007,03,25,09,42,38. ,24,00131
4310630,2,2007,04,15,12,19,49. ,18,00098
4310630,1,2007,04,28,09,27,40. ,11,00057
4310630,1,2007,07,16,10,14,42. ,14,00033
4310630,1,2007,07,16,17,25,06. ,06,00036
4310630,1,2007,08,23,08,53,10. ,07,00103
4310630,1,2007,08,31,10,51,27. ,05,00033
4310630,1,2007,09,12,22,00,13. ,10,00120
4310630,1,2007,12,10,02,30,16. ,06,00088
4310630,2,2008,03,19,02,08,10. ,16,00296
4310630,1,2008,04,20,01,00,30. ,09,00058
4310630,1,2008,06,13,11,21,56. ,07,00066
4310630,1,2008,09,10,19,03,39. ,08,00064
4310630,1,2008,11,24,06,15,44. ,07,00091
4310630,2,2009,02,18,06,47,21. ,17,00160
4310630,1,2009,04,28,05,35,06. ,06,00146
4310630,1,2009,05,07,21,03,35. ,05,00131
4310630,1,2009,05,25,20,26,52. ,12,00045
4310630,1,2009,07,14,03,57,44. ,12,00117
4310630,1,2009,07,27,09,44,36. ,13,00132
4310630,3,2009,08,11,05,07,31. ,31,00320
4310630,1,2010,06,23,22,17,42. ,12,00208
4310630,2,2010,07,21,06,20,09. ,17,00078
4310630,1,2010,08,03,23,11,19. ,06,00130
4310630,1,2010,08,11,05,56,02. ,06,00162
4310630,1,2010,08,20,15,35,10. ,10,00145
4310630,1,2010,08,26,05,54,48. ,09,00046
4310630,1,2010,09,22,02,49,45. ,05,00160
4310630,1,2010,12,28,03,13,07. ,06,00051
4310630,1,2010,12,28,22,07,51. ,06,00064
4310630,1,2011,02,27,02,19,15. ,09,00075
4310630,2,2011,02,27,05,38,18. ,20,00182
4310630,3,2011,03,11,14,50,20. ,25,00092
4310630,2,2011,03,11,15,16,50. ,15,00027
4310630,1,2011,03,11,15,28,50. ,05,00010
4310630,1,2011,03,12,04,00,13. ,10,00039
4310630,1,2011,03,12,04,32,57. ,07,00018
4310630,2,2011,03,15,22,32,12. ,21,00105
4310630,1,2011,04,11,17,17,50. ,10,00017
4310630,1,2011,06,30,08,17,11. ,05,00023
4310630,1,2011,07,11,19,29,05. ,06,00062
4310630,2,2011,08,01,23,58,36. ,19,00094
4310630,1,2011,11,10,18,56,06. ,14,00137
4310630,1,2011,11,18,03,58,13. ,10,00058
4310630,3,2011,12,14,13,01,16. ,31,00946
4310630,1,2012,01,15,07,12,54. ,11,00192
4310630,1,2012,01,28,07,43,57. ,10,00024
4310630,2,2012,05,05,18,57,01. ,23,00412
4310630,1,2012,12,07,17,21,04. ,12,00022
4310630,1,2013,02,01,19,45,08. ,05,00080
4310630,2,2013,02,06,13,42,16. ,17,00209
4310630,1,2013,02,15,18,19,10. ,13,00089
4310630,1,2013,04,13,05,34,16. ,10,00022
4310630,1,2013,04,20,00,48,52. ,11,00157
4310630,1,2013,07,17,20,32,11. ,11,00231
4310630,1,2013,08,03,09,56,31. ,14,00070
4310630,1,2014,02,10,23,34,25. ,07,00216
4310630,1,2014,03,14,02,09,00. ,13,00038
4310630,2,2014,04,06,01,24,31. ,16,00222
4310630,1,2014,09,14,15,57,52. ,10,00099
4310630,1,2014,09,16,12,29,33. ,12,00026
4310630,1,2014,11,22,22,08,47. ,14,00032
4310630,1,2014,11,23,19,22,06. ,08,00194
4310630,2,2014,12,03,23,19,58. ,22,00574
4310630,3,2015,03,04,00,04,28. ,34,01567
4310630,1,2015,08,04,05,13,53. ,05,00048
4310630,1,2016,04,01,11,40,00. ,14,00024
4310630,2,2016,04,25,10,00,37. ,16,00148
4310630,1,2016,09,15,14,13,20. ,08,00108
4310630,1,2016,10,21,14,08,41. ,14,00031
4310630,1,2016,11,19,11,48,51. ,13,00034
4310630,1,2016,12,24,12,44,33. ,11,00182
4310630,1,2017,01,10,06,52,38. ,09,00074
4310630,2,2017,05,10,23,11,47. ,18,00537
4310630,1,2017,05,27,22,50,49. ,05,00021
4310630,2,2017,06,25,07,02,28. ,24,00257
4310630,1,2017,06,25,09,24,18. ,07,00048
4310630,1,2017,06,25,15,17,29. ,06,00047
4310630,1,2017,12,06,00,14,29. ,05,00018
4310630,1,2018,02,13,14,40,04. ,06,00052
4310630,1,2018,04,14,15,13,39. ,11,00061
4310630,1,2018,06,06,22,41,27. ,08,00125
4310630,2,2018,06,18,07,58,59. ,23,00121
4310630,3,2018,10,07,10,14,31. ,25,00320
4310630,3,2019,03,09,01,08,12. ,27,00948
4310630,1,2019,03,13,13,49,55. ,09,00021
4310630,1,2019,04,13,12,23,25. ,06,00049
4310630,1,2019,07,10,20,33,09. ,06,00087
4310630,1,2019,08,31,18,03,48. ,09,00071
4310630,1,2020,03,13,02,19,46. ,08,00019
4310630,1,2020,03,21,13,58,45. ,08,00079
4310630,1,2020,04,23,13,44,45. ,07,00025
4310630,1,2020,04,23,20,47,13. ,13,00146
4310630,2,2020,08,27,08,55,13. ,17,00218
4310630,1,2020,09,04,09,11,19. ,07,00037
4310630,3,2020,09,27,13,13,55. ,26,00274
4310630,2,2020,10,19,03,28,08. ,15,00143
