station,intensity,year,month,day,hour,minute,intensity_equip,acceleration_max_comb
4513730,1,1998,02,10,01,21,09,00049
4513730,2,1998,04,22,20,32,19,00135
4513730,1,1998,11,09,09,13,10,00057
4513730,1,1999,01,28,10,26,11,00036
4513730,2,1999,03,16,16,43,20,00093
4513730,1,1999,05,07,21,48,11,00026
4513730,2,1999,08,21,05,33,22,00098
4513730,2,1999,11,07,03,34,18,00071
4513730,3,1999,11,29,21,34,26,00302
4513730,1,1999,12,31,14,20,08,00082
4513730,1,2000,03,03,09,23,10,00108
4513730,1,2000,03,24,23,00,05,00025
4513730,1,2000,03,29,15,56,05,00033
4513730,1,2000,06,05,09,55,08,00034
4513730,2,2000,06,07,06,17,17,00045
4513730,1,2000,07,01,16,02,11,00021
4513730,1,2000,07,09,03,58,08,00011
4513730,2,2000,07,15,10,31,16,00031
4513730,1,2000,07,20,06,56,07,00051
4513730,2,2000,07,21,03,41,15,00022
4513730,1,2000,07,30,21,26,11,00021
4513730,1,2000,09,11,07,50,06,00013
4513730,2,2000,10,06,13,32,21,00061
4513730,3,2000,10,31,01,43,25,00133
4513730,3,2001,01,06,11,48,28,00371
4513730,2,2001,01,12,08,01,16,00039
4513730,3,2001,02,23,07,24,25,00233
4513730,1,2001,03,24,15,28,09,00017
4513730,2,2001,04,03,23,57,24,00131
4513730,1,2001,06,01,00,42,13,00040
4513730,1,2001,06,01,11,17,07,00021
4513730,1,2001,06,03,11,34,10,00023
4513730,1,2001,06,21,08,34,08,00088
4513730,1,2001,08,25,22,21,11,00036
4513730,1,2001,09,22,18,11,10,00063
4513730,2,2001,09,27,18,14,20,00436
4513730,1,2001,10,25,20,13,09,00103
4513730,1,2001,12,09,13,07,05,00014
4513730,1,2002,04,11,23,16,08,00050
4513730,1,2002,04,28,10,34,10,00041
4513730,1,2002,05,12,18,18,05,00036
4513730,1,2002,05,12,18,52,10,00102
4513730,1,2002,07,06,06,58,13,00164
4513730,1,2002,08,11,07,56,06,00034
4513730,1,2002,09,22,09,36,09,00047
4513730,1,2003,01,19,04,51,08,00021
4513730,1,2003,03,04,23,42,05,00023
4513730,1,2003,05,18,03,22,06,00031
4513730,1,2003,05,26,18,25,13,00019
4513730,1,2003,11,11,07,54,06,00036
4513730,1,2003,12,23,14,33,05,00021
4513730,2,2004,01,06,14,50,19,00106
4513730,1,2004,04,01,07,59,05,00051
4513730,1,2004,07,27,00,55,10,00061
4513730,3,2004,09,05,19,07,27,00146
4513730,3,2004,09,05,23,57,29,00270
4513730,1,2004,09,06,05,31,06,00022
4513730,2,2004,09,07,08,30,20,00077
4513730,1,2004,09,08,03,37,13,00036
4513730,2,2004,09,08,23,59,18,00046
4513730,1,2004,10,05,08,34,13,00074
4513730,2,2004,10,23,17,57,16,00027
4513730,2,2004,10,23,18,35,18,00037
4513730,1,2004,10,27,10,42,12,00018
4513730,1,2004,11,09,00,08,08,00019
4513730,3,2005,01,09,18,59,29,00805
4513730,1,2005,01,29,23,24,08,00070
4513730,1,2005,03,20,10,56,11,00015
4513730,1,2005,04,11,07,23,11,00014
4513730,1,2005,06,20,14,04,08,00036
4513730,1,2005,07,23,16,36,12,00018
4513730,2,2005,08,16,11,48,24,00063
4513730,3,2005,12,24,11,02,26,/////
4513730,1,2005,12,28,14,52,09,00089
4513730,1,2006,01,09,14,48,05,00035
4513730,2,2006,03,16,06,24,23,00501
4513730,1,2006,04,21,02,51,11,00015
4513730,1,2006,06,12,05,03,10,00016
4513730,1,2006,07,16,16,38,09,00103
4513730,1,2006,08,25,21,31,09,00088
4513730,1,2007,01,05,03,06,08,00077
4513730,1,2007,01,22,02,16,06,00025
4513730,2,2007,03,25,09,42,23,00072
4513730,2,2007,04,15,12,19,21,00096
4513730,1,2007,04,15,18,35,10,00024
4513730,2,2007,07,16,10,14,22,00055
4513730,1,2007,07,16,17,24,07,00022
4513730,1,2007,08,31,23,37,06,00026
4513730,1,2008,03,19,02,08,05,00083
4513730,1,2008,04,20,01,00,10,00035
4513730,2,2008,05,08,01,47,17,00024
4513730,1,2008,07,19,11,42,12,00018
4513730,1,2008,10,01,09,25,07,00039
4513730,1,2009,02,18,06,47,13,00057
4513730,2,2009,05,25,20,26,16,00059
4513730,1,2009,07,14,03,57,08,00045
4513730,1,2009,07,27,09,44,11,00061
4513730,4,2009,08,11,05,07,35,00352
4513730,1,2010,01,10,01,45,07,00034
4513730,2,2010,07,21,06,19,21,00076
4513730,1,2010,12,28,03,13,05,00075
4513730,1,2010,12,28,22,07,09,00064
4513730,1,2011,02,21,15,47,07,00017
4513730,1,2011,02,27,02,19,08,00021
4513730,2,2011,02,27,05,38,19,00093
4513730,1,2011,03,09,11,48,12,00016
4513730,3,2011,03,11,14,50,33,00166
4513730,2,2011,03,11,14,53,18,00031
4513730,2,2011,03,11,15,17,23,00056
4513730,1,2011,03,11,15,28,11,00018
4513730,1,2011,03,11,16,17,11,00018
4513730,1,2011,03,11,16,30,10,00012
4513730,1,2011,03,11,17,21,12,00017
4513730,2,2011,03,12,04,00,16,00045
4513730,1,2011,03,12,04,33,11,00020
4513730,2,2011,03,15,22,32,24,00111
4513730,1,2011,03,22,18,21,10,00013
4513730,2,2011,04,07,23,35,16,00026
4513730,2,2011,04,11,17,18,18,00038
4513730,1,2011,04,11,20,44,08,00011
4513730,1,2011,04,16,11,20,11,00015
4513730,1,2011,06,30,08,17,07,00017
4513730,1,2011,07,10,09,59,09,00014
4513730,1,2011,07,24,23,32,06,00016
4513730,1,2011,07,31,03,55,09,00013
4513730,3,2011,08,01,23,58,26,00085
4513730,1,2011,08,12,04,38,08,00017
4513730,2,2011,11,10,18,56,16,00177
4513730,1,2011,11,18,03,58,09,00034
4513730,3,2011,12,14,13,01,27,00314
4513730,1,2012,01,15,07,13,06,00036
4513730,1,2012,01,28,07,44,13,00022
4513730,2,2012,05,05,18,57,21,00199
4513730,2,2012,12,07,17,21,20,00043
4513730,1,2013,02,06,13,42,10,00086
4513730,1,2013,02,15,18,19,06,00018
4513730,1,2013,04,13,05,34,13,00028
4513730,1,2013,04,20,00,48,10,00053
4513730,1,2013,07,17,20,32,10,00069
4513730,2,2013,08,03,09,56,18,00078
4513730,2,2014,03,14,02,08,18,00050
4513730,1,2014,04,06,01,24,08,00093
4513730,1,2014,05,05,05,19,12,00021
4513730,1,2014,07,12,04,24,13,00018
4513730,1,2014,09,14,15,57,07,00049
4513730,1,2014,09,16,12,29,14,00027
4513730,2,2014,11,22,22,08,19,00047
4513730,2,2014,12,03,23,19,20,00359
4513730,1,2015,01,08,12,02,12,00064
4513730,2,2015,03,04,00,04,20,00321
4513730,1,2015,05,30,20,27,13,00019
4513730,2,2016,04,01,11,39,20,00043
4513730,1,2016,04,16,01,28,14,00024
4513730,1,2016,04,25,10,00,11,00047
4513730,2,2016,10,21,14,08,21,00053
4513730,2,2016,11,19,11,48,16,00043
4513730,2,2016,11,22,06,01,16,00025
4513730,1,2017,05,10,23,11,08,00101
4513730,1,2017,05,27,22,50,06,00018
4513730,2,2017,06,25,07,02,20,00100
4513730,2,2018,04,14,15,13,16,00082
4513730,1,2018,05,12,12,41,06,00035
4513730,3,2018,06,18,07,58,25,00098
4513730,2,2018,10,07,10,14,20,00103
4513730,3,2019,03,09,01,08,25,00431
4513730,1,2019,03,13,13,49,13,00027
4513730,1,2019,08,04,19,25,10,00016
4513730,1,2020,03,13,02,19,07,00012
4513730,1,2020,04,23,13,45,05,00014
4513730,1,2020,09,04,09,11,08,00026
4513730,2,2020,09,27,13,13,22,00099
4513730,1,2020,10,19,03,28,11,00121
