station,intensity,year,month,day,hour,minute,intensity_equip,acceleration_max_comb
5111830,1,1998,12,21,08,06,11,00214
5111830,1,1999,01,09,23,00,07,00068
5111830,2,1999,02,12,03,16,23,00368
5111830,1,1999,02,18,17,45,05,00035
5111830,1,1999,03,12,23,24,13,00147
5111830,2,1999,03,16,16,43,21,00156
5111830,1,1999,04,17,17,31,09,00060
5111830,1,1999,06,14,04,42,10,00076
5111830,3,1999,08,21,05,33,25,00126
5111830,2,1999,11,07,03,34,17,00096
5111830,2,2000,01,06,20,40,20,00280
5111830,1,2000,02,27,00,03,13,00124
5111830,2,2000,04,12,20,18,17,00274
5111830,1,2000,04,15,02,41,13,00036
5111830,2,2000,05,16,04,09,23,00279
5111830,1,2000,05,16,05,43,12,00095
5111830,2,2000,05,20,23,39,23,00549
5111830,3,2000,05,21,10,42,28,00803
5111830,1,2000,06,05,09,55,06,00031
5111830,2,2000,06,07,06,17,17,00049
5111830,2,2000,08,21,15,18,20,00401
5111830,1,2000,08,27,13,13,10,00040
5111830,1,2000,09,11,01,05,07,00037
5111830,3,2000,10,06,13,30,33,00218
5111830,3,2000,10,31,01,43,30,00243
5111830,1,2000,12,17,13,37,11,00173
5111830,2,2001,01,12,08,00,20,00084
5111830,2,2001,01,26,08,42,19,00291
5111830,1,2001,02,09,07,10,08,00112
5111830,1,2001,02,23,07,24,14,00043
5111830,2,2001,03,24,15,28,20,00052
5111830,1,2001,04,03,23,58,12,00023
5111830,1,2001,04,16,19,05,05,00044
5111830,4,2001,08,25,22,21,37,00951
5111830,1,2002,02,26,23,04,06,00055
5111830,1,2002,04,28,10,34,10,00057
5111830,1,2002,07,16,20,09,09,00064
5111830,1,2002,09,20,20,16,07,00061
5111830,1,2002,11,19,18,36,08,00069
5111830,3,2003,02,06,02,37,27,00571
5111830,1,2003,09,29,14,09,06,00045
5111830,2,2003,10,08,23,35,17,00174
5111830,1,2003,12,23,14,35,12,00076
5111830,2,2004,01,06,14,51,19,00097
5111830,1,2004,04,16,12,07,08,00051
5111830,1,2004,04,18,06,49,05,00089
5111830,1,2004,05,19,23,43,13,00221
5111830,1,2004,07,27,00,55,12,00050
5111830,4,2004,09,05,19,07,36,00364
5111830,4,2004,09,05,23,58,37,00433
5111830,3,2004,09,07,08,30,28,00177
5111830,2,2004,09,08,03,37,18,00063
5111830,2,2004,09,08,23,59,16,00055
5111830,1,2004,10,05,08,34,14,00060
5111830,1,2004,10,18,11,48,06,00047
5111830,3,2004,12,01,23,30,26,00894
5111830,1,2004,12,14,18,54,05,00065
5111830,1,2005,02,14,00,22,09,00048
5111830,2,2005,03,20,10,56,17,00031
5111830,1,2005,06,20,14,05,13,00054
5111830,1,2005,12,24,11,02,11,00039
5111830,1,2006,02,16,23,11,07,00034
5111830,1,2006,05,15,01,42,09,00042
5111830,1,2006,11,03,06,24,09,00037
5111830,1,2007,01,22,02,16,09,00054
5111830,2,2007,03,25,09,42,23,00074
5111830,3,2007,04,15,12,19,25,00206
5111830,1,2007,04,15,18,35,09,00035
5111830,1,2007,05,05,10,25,05,00056
5111830,2,2007,07,16,10,15,19,00040
5111830,2,2007,07,16,17,24,19,00107
5111830,1,2007,08,31,23,37,06,00022
5111830,1,2007,09,05,00,20,08,00068
5111830,1,2007,09,21,23,58,07,00061
5111830,1,2007,11,06,10,02,11,00048
5111830,1,2007,12,21,14,23,06,00034
5111830,1,2008,04,17,00,58,07,00056
5111830,1,2008,05,04,02,43,08,00121
5111830,2,2008,08,06,06,26,15,00122
5111830,1,2008,08,08,04,35,08,00067
5111830,1,2008,08,21,17,48,09,00086
5111830,1,2008,08,30,18,28,14,00133
5111830,1,2008,10,01,09,25,07,00071
5111830,1,2009,01,14,07,18,13,00137
5111830,2,2009,02,18,06,47,17,00122
5111830,1,2009,03,08,06,02,12,00104
5111830,1,2009,05,28,12,01,05,00039
5111830,2,2009,08,11,05,07,23,00073
5111830,1,2009,09,19,01,46,11,00125
5111830,1,2009,09,21,10,17,07,00081
5111830,2,2009,10,25,05,50,21,00346
5111830,1,2009,11,18,13,13,08,00064
5111830,1,2009,12,09,08,13,11,00134
5111830,1,2009,12,09,09,16,09,00126
5111830,1,2010,01,21,04,18,10,00066
5111830,2,2010,02,16,07,34,16,00133
5111830,2,2010,07,21,06,19,19,00074
5111830,1,2010,11,29,15,53,07,00035
5111830,1,2010,11,30,10,20,05,00048
5111830,2,2011,01,03,13,19,16,00173
5111830,1,2011,02,21,15,46,13,00067
5111830,2,2011,02,27,05,39,15,00035
5111830,3,2011,03,11,14,50,27,00103
5111830,1,2011,03,11,15,10,05,00013
5111830,2,2011,03,11,15,18,21,00043
5111830,1,2011,03,11,15,29,05,00009
5111830,1,2011,03,11,19,10,05,00022
5111830,2,2011,03,15,22,33,16,00036
5111830,1,2011,04,07,23,35,10,00018
5111830,1,2011,04,11,17,18,10,00014
5111830,1,2011,06,03,17,20,07,00058
5111830,1,2011,06,14,09,16,05,00097
5111830,2,2011,07,05,19,19,15,00031
5111830,2,2011,07,15,10,31,15,00121
5111830,2,2011,07,24,23,32,19,00080
5111830,2,2011,08,01,23,59,15,00026
5111830,1,2011,08,10,08,13,11,00029
5111830,1,2011,09,16,07,15,08,00027
5111830,1,2011,10,09,16,18,10,00066
5111830,1,2011,11,18,03,58,14,00052
5111830,1,2011,11,21,19,17,12,00019
5111830,1,2011,12,14,13,01,12,00041
5111830,1,2012,01,01,14,30,09,00011
5111830,1,2012,01,09,00,37,09,00024
5111830,1,2012,05,10,00,20,11,00098
5111830,1,2012,10,13,11,21,07,00078
5111830,1,2012,12,07,17,21,14,00022
5111830,1,2012,12,12,15,32,05,00103
5111830,1,2013,01,09,15,49,10,00093
5111830,1,2013,01,24,12,53,06,00080
5111830,3,2013,04,13,05,33,30,00412
5111830,2,2013,05,20,23,38,19,00251
5111830,1,2013,06,08,15,18,11,00111
5111830,1,2013,08,03,09,57,08,00015
5111830,2,2013,08,27,03,42,24,00502
5111830,1,2013,09,06,16,27,12,00131
5111830,1,2013,09,14,10,48,11,00118
5111830,1,2013,10,06,12,02,12,00107
5111830,1,2013,12,01,23,23,09,00156
5111830,2,2013,12,15,00,13,16,00189
5111830,2,2014,03,14,02,08,20,00054
5111830,1,2014,04,04,12,55,07,00086
5111830,1,2014,04,24,17,22,14,00128
5111830,1,2014,05,05,05,20,08,00011
5111830,2,2014,06,11,19,52,20,00259
5111830,2,2014,08,06,01,17,19,00205
5111830,1,2014,08,26,03,42,11,00067
5111830,1,2014,09,14,15,57,08,00036
5111830,1,2014,10,03,01,17,06,00100
5111830,1,2014,11,22,22,09,11,00014
5111830,1,2014,12,26,22,30,09,00166
5111830,2,2015,01,14,21,02,17,00262
5111830,1,2015,01,24,19,20,06,00046
5111830,1,2015,02,06,10,26,08,00015
5111830,1,2015,03,04,00,04,10,00047
5111830,2,2015,05,30,20,27,20,00036
5111830,2,2015,06,01,19,16,17,00142
5111830,2,2015,09,24,19,58,24,00593
5111830,3,2015,11,24,13,07,27,01115
5111830,1,2016,03,07,05,59,07,00041
5111830,3,2016,04,01,11,39,25,00097
5111830,2,2016,04,10,01,22,15,00164
5111830,2,2016,04,16,01,27,24,00066
5111830,3,2016,10,21,14,07,27,00169
5111830,1,2016,10,21,14,54,06,00016
5111830,2,2016,11,06,17,08,15,00164
5111830,2,2016,11,19,11,48,24,00165
5111830,1,2016,11,22,06,02,12,00029
5111830,2,2017,05,27,22,50,16,00089
5111830,2,2017,06,25,07,03,21,00086
5111830,1,2017,06,25,09,25,05,00024
5111830,1,2018,01,23,14,59,07,00071
5111830,1,2018,04,09,01,33,14,00028
5111830,1,2018,04,14,15,14,07,00027
5111830,B,2018,06,18,07,58,53,03563
5111830,1,2018,06,18,08,00,11,00047
5111830,2,2018,06,18,08,01,16,00234
5111830,1,2018,06,18,08,02,09,00121
5111830,2,2018,06,18,08,08,16,00268
5111830,1,2018,06,18,08,11,05,00095
5111830,1,2018,06,18,08,18,09,00090
5111830,2,2018,06,18,08,42,20,00281
5111830,1,2018,06,18,08,50,05,00081
5111830,1,2018,06,18,10,03,05,00060
5111830,1,2018,06,18,10,59,06,00107
5111830,2,2018,06,18,12,36,16,00226
5111830,1,2018,06,18,12,41,11,00141
5111830,1,2018,06,18,12,52,08,00109
5111830,1,2018,06,18,13,11,09,00158
5111830,1,2018,06,18,13,56,11,00146
5111830,2,2018,06,18,16,31,24,00414
5111830,1,2018,06,18,17,18,06,00101
5111830,3,2018,06,19,00,31,33,01298
5111830,1,2018,06,19,00,35,07,00064
5111830,1,2018,06,19,03,34,06,00063
5111830,1,2018,06,19,04,06,12,00155
5111830,3,2018,06,19,04,53,30,00972
5111830,2,2018,06,19,06,50,23,00452
5111830,3,2018,06,19,07,52,26,00597
5111830,1,2018,06,19,11,49,08,00086
5111830,2,2018,06,19,14,15,16,00247
5111830,2,2018,06,20,03,47,22,00340
5111830,2,2018,06,20,05,28,20,00269
5111830,1,2018,06,21,19,13,07,00116
5111830,1,2018,06,22,04,19,05,00059
5111830,3,2018,06,23,23,08,28,00766
5111830,1,2018,06,28,17,53,06,00110
5111830,2,2018,07,01,12,42,21,00276
5111830,1,2018,07,03,01,07,05,00069
5111830,2,2018,07,08,15,45,18,00278
5111830,2,2018,07,15,01,59,20,00517
5111830,1,2018,07,16,23,22,07,00069
5111830,1,2018,07,19,17,42,07,00062
5111830,1,2018,07,20,12,43,05,00122
5111830,1,2018,07,28,04,52,10,00118
5111830,1,2018,07,29,18,43,07,00074
5111830,3,2018,08,28,19,53,31,00741
5111830,1,2018,09,15,09,51,11,00224
5111830,1,2018,10,07,10,14,10,00030
5111830,1,2018,10,07,23,45,07,00148
5111830,1,2018,10,09,07,33,10,00102
5111830,1,2018,10,16,22,26,06,00103
5111830,1,2018,10,27,20,52,11,00043
5111830,2,2018,11,02,16,54,21,00107
5111830,1,2018,11,05,08,19,12,00055
5111830,1,2018,11,05,20,56,05,00066
5111830,1,2018,12,07,14,10,05,00066
5111830,2,2018,12,14,04,15,19,00429
5111830,1,2018,12,25,04,02,05,00091
5111830,2,2019,03,13,13,49,18,00063
5111830,1,2019,04,12,15,50,09,00172
5111830,1,2019,04,14,20,28,05,00073
5111830,2,2019,05,21,07,17,21,00356
5111830,1,2019,06,16,08,59,13,00168
5111830,2,2019,08,20,09,30,15,00356
5111830,1,2019,10,26,21,32,07,00079
5111830,2,2019,10,27,19,03,22,00665
5111830,1,2019,10,30,04,32,08,00069
5111830,2,2019,11,13,01,07,17,00185
5111830,1,2020,03,19,10,21,06,00077
5111830,1,2020,06,17,15,03,07,00020
5111830,1,2020,08,09,14,46,06,00089
5111830,1,2020,09,04,00,12,05,00074
5111830,1,2020,09,04,09,11,10,00026
5111830,1,2020,09,27,13,14,10,00020
5111830,2,2020,10,12,01,32,15,00227
5111830,1,2020,12,17,03,43,13,00162
