station,intensity,year,month,day,hour,minute,second,intensity_equip,acceleration_max_comb
7432039,2,2011,05,29,05,19,13. ,17,00043
7432039,2,2011,06,28,21,18,49. ,19,00067
7432039,2,2011,10,05,23,33,52. ,16,00061
7432039,2,2011,12,20,09,13,29. ,15,00081
7432039,1,2012,01,30,03,19,14. ,13,00029
7432039,3,2012,08,17,08,46,56. ,28,00178
7432039,2,2013,10,20,15,35,36. ,15,00083
7432039,2,2014,03,13,13,35,55. ,17,00066
7432039,3,2014,03,14,02,07,25. ,27,00135
7432039,1,2014,07,12,00,04,14. ,13,00051
7432039,1,2014,07,12,04,04,26. ,12,00049
7432039,3,2014,08,29,04,15,15. ,28,00152
7432039,1,2014,10,22,07,56,00. ,08,00034
7432039,2,2014,12,19,12,35,10. ,20,00067
7432039,1,2015,04,12,04,56,32. ,14,00039
7432039,2,2015,05,30,20,25,31. ,15,00037
7432039,1,2015,06,09,18,20,34. ,10,00097
7432039,3,2015,07,13,02,52,39. ,26,00111
7432039,2,2015,08,26,07,52,26. ,16,00045
7432039,1,2015,10,03,04,10,13. ,12,00040
7432039,3,2015,11,14,05,52,17. ,33,00274
7432039,2,2015,11,15,04,21,02. ,18,00055
7432039,1,2016,02,23,13,42,04. ,10,00032
7432039,A,2016,04,14,21,26,46. ,47,01515
7432039,2,2016,04,14,21,28,40. ,15,00058
7432039,1,2016,04,14,21,41,23. ,12,00032
7432039,3,2016,04,14,21,42,35. ,26,00164
7432039,1,2016,04,14,21,43,30. ,12,00043
7432039,1,2016,04,14,21,55,23. ,13,00045
7432039,3,2016,04,14,22,07,09. ,27,00192
7432039,4,2016,04,14,22,08,00. ,35,00322
7432039,1,2016,04,14,22,09,57. ,13,00038
7432039,1,2016,04,14,22,16,32. ,13,00029
7432039,2,2016,04,14,22,22,36. ,21,00079
7432039,3,2016,04,14,22,38,54. ,34,00334
7432039,2,2016,04,14,22,43,33. ,15,00041
7432039,1,2016,04,14,23,02,23. ,12,00043
7432039,2,2016,04,14,23,28,35. ,20,00082
7432039,2,2016,04,14,23,30,19. ,20,00073
7432039,3,2016,04,14,23,43,54. ,27,00176
7432039,4,2016,04,15,00,03,58. ,37,00493
7432039,2,2016,04,15,00,06,34. ,24,00121
7432039,3,2016,04,15,00,34,35. ,25,00144
7432039,2,2016,04,15,00,50,51. ,16,00079
7432039,2,2016,04,15,01,53,19. ,22,00083
7432039,2,2016,04,15,03,37,17. ,15,00054
7432039,1,2016,04,15,05,10,57. ,14,00065
7432039,2,2016,04,15,07,30,19. ,17,00051
7432039,1,2016,04,15,07,47,12. ,14,00046
7432039,1,2016,04,15,09,53,21. ,12,00054
7432039,2,2016,04,15,13,50,19. ,15,00046
7432039,2,2016,04,15,15,28,16. ,16,00046
7432039,1,2016,04,15,18,48,31. ,11,00039
7432039,C,2016,04,16,01,25,16. ,55,03039
7432039,3,2016,04,16,01,27,10. ,28,00151
7432039,2,2016,04,16,01,28,10. ,19,00066
7432039,2,2016,04,16,01,29,24. ,21,00098
7432039,3,2016,04,16,01,30,30. ,32,00305
7432039,2,2016,04,16,01,33,42. ,20,00106
7432039,2,2016,04,16,01,34,41. ,17,00053
7432039,1,2016,04,16,01,37,08. ,13,00047
7432039,3,2016,04,16,01,38,33. ,27,00142
7432039,1,2016,04,16,01,43,32. ,11,00054
7432039,4,2016,04,16,01,44,30. ,39,00656
7432039,4,2016,04,16,01,46,10. ,44,01296
7432039,3,2016,04,16,01,56,35. ,26,00166
7432039,2,2016,04,16,01,59,53. ,17,00115
7432039,1,2016,04,16,02,03,07. ,07,00034
7432039,4,2016,04,16,02,04,25. ,37,00431
7432039,1,2016,04,16,02,14,36. ,12,00055
7432039,1,2016,04,16,02,17,32. ,12,00042
7432039,1,2016,04,16,02,35,14. ,13,00037
7432039,4,2016,04,16,03,03,32. ,37,00521
7432039,2,2016,04,16,03,10,00. ,17,00053
7432039,3,2016,04,16,03,56,16. ,32,00285
7432039,1,2016,04,16,03,58,05. ,11,00029
7432039,2,2016,04,16,04,06,11. ,15,00037
7432039,2,2016,04,16,04,18,47. ,16,00039
7432039,2,2016,04,16,04,51,43. ,18,00061
7432039,2,2016,04,16,05,34,30. ,15,00039
7432039,2,2016,04,16,05,53,24. ,16,00049
7432039,2,2016,04,16,07,24,14. ,19,00066
7432039,2,2016,04,16,07,42,52. ,20,00075
7432039,2,2016,04,16,08,09,13. ,15,00042
7432039,2,2016,04,16,08,20,57. ,24,00123
7432039,2,2016,04,16,09,16,42. ,23,00088
7432039,3,2016,04,16,09,48,47. ,29,00243
7432039,2,2016,04,16,09,49,54. ,21,00095
7432039,1,2016,04,16,10,26,38. ,12,00027
7432039,2,2016,04,16,10,39,10. ,18,00057
7432039,2,2016,04,16,11,03,11. ,19,00072
7432039,1,2016,04,16,11,38,41. ,09,00043
7432039,1,2016,04,16,13,15,46. ,12,00042
7432039,1,2016,04,16,13,17,32. ,12,00037
7432039,2,2016,04,16,14,27,15. ,19,00066
7432039,2,2016,04,16,15,48,29. ,18,00077
7432039,3,2016,04,16,16,02,12. ,31,00283
7432039,2,2016,04,16,17,40,37. ,15,00062
7432039,3,2016,04,16,21,05,25. ,25,00163
7432039,1,2016,04,16,21,51,02. ,12,00034
7432039,1,2016,04,17,00,04,38. ,09,00043
7432039,3,2016,04,17,00,15,21. ,33,00322
7432039,1,2016,04,17,00,56,26. ,10,00028
7432039,2,2016,04,17,04,47,07. ,19,00079
7432039,1,2016,04,17,09,40,59. ,11,00026
7432039,2,2016,04,17,10,59,30. ,17,00059
7432039,2,2016,04,17,12,27,48. ,20,00085
7432039,1,2016,04,17,19,00,25. ,08,00031
7432039,3,2016,04,17,19,23,57. ,31,00231
7432039,1,2016,04,18,07,53,52. ,10,00039
7432039,1,2016,04,18,08,36,08. ,08,00030
7432039,4,2016,04,18,20,42,20. ,36,00444
7432039,1,2016,04,18,21,18,44. ,10,00029
7432039,1,2016,04,19,12,52,34. ,12,00040
7432039,4,2016,04,19,17,52,21. ,36,00403
7432039,1,2016,04,19,17,57,34. ,11,00027
7432039,2,2016,04,19,18,03,07. ,22,00102
7432039,1,2016,04,19,18,09,57. ,13,00037
7432039,3,2016,04,19,20,47,11. ,29,00192
7432039,2,2016,04,20,00,29,44. ,17,00060
7432039,2,2016,04,20,03,39,12. ,18,00092
7432039,2,2016,04,20,16,01,52. ,17,00087
7432039,1,2016,04,21,21,52,25. ,14,00042
7432039,1,2016,04,22,10,37,28. ,12,00029
7432039,1,2016,04,24,16,52,34. ,12,00029
7432039,2,2016,04,25,00,44,23. ,22,00136
7432039,1,2016,04,26,21,50,37. ,10,00038
7432039,2,2016,04,28,02,38,15. ,17,00062
7432039,1,2016,04,28,08,30,02. ,10,00039
7432039,1,2016,04,28,12,56,50. ,11,00030
7432039,3,2016,04,28,15,31,00. ,26,00148
7432039,1,2016,04,29,23,27,45. ,11,00039
7432039,1,2016,04,30,03,59,29. ,10,00033
7432039,2,2016,05,02,15,35,20. ,18,00153
7432039,1,2016,05,03,06,05,34. ,10,00051
7432039,2,2016,05,04,07,52,21. ,16,00043
7432039,3,2016,05,05,10,32,02. ,27,00160
7432039,3,2016,05,05,10,40,44. ,27,00172
7432039,1,2016,05,07,18,17,05. ,12,00026
7432039,2,2016,05,10,04,41,28. ,15,00065
7432039,1,2016,05,10,05,06,15. ,12,00031
7432039,1,2016,05,11,22,43,59. ,13,00067
7432039,2,2016,05,12,17,04,42. ,15,00059
7432039,2,2016,05,13,01,03,34. ,19,00088
7432039,1,2016,05,14,18,45,24. ,11,00059
7432039,1,2016,05,19,02,38,06. ,14,00048
7432039,1,2016,05,20,06,10,17. ,10,00053
7432039,1,2016,05,21,03,56,24. ,10,00029
7432039,1,2016,06,05,13,55,24. ,11,00029
7432039,2,2016,06,12,22,08,30. ,20,00067
7432039,2,2016,06,18,20,47,12. ,17,00071
7432039,1,2016,06,22,05,38,55. ,12,00041
7432039,1,2016,06,23,15,15,43. ,11,00048
7432039,1,2016,06,29,23,14,52. ,13,00037
7432039,1,2016,07,02,03,18,31. ,12,00047
7432039,1,2016,07,03,16,51,57. ,12,00038
7432039,2,2016,07,09,17,52,23. ,15,00041
7432039,3,2016,07,09,18,05,34. ,28,00171
7432039,3,2016,08,31,19,46,13. ,26,00203
7432039,3,2016,09,01,06,34,02. ,30,00422
7432039,1,2016,09,04,06,18,00. ,12,00034
7432039,1,2016,09,07,01,56,17. ,14,00037
7432039,1,2016,09,08,15,16,05. ,10,00044
7432039,1,2016,10,12,15,56,28. ,11,00036
7432039,2,2016,11,11,10,13,06. ,19,00091
7432039,1,2016,12,28,05,12,50. ,13,00032
7432039,1,2017,01,26,23,34,47. ,13,00033
7432039,2,2017,03,02,23,54,15. ,21,00076
7432039,1,2017,03,06,05,26,26. ,12,00036
7432039,2,2017,04,19,12,46,41. ,24,00112
7432039,2,2017,05,04,13,08,31. ,16,00040
7432039,3,2017,05,11,20,21,40. ,29,00201
7432039,2,2017,06,09,23,36,31. ,17,00053
7432039,2,2017,06,20,23,28,29. ,16,00038
7432039,2,2017,07,11,11,57,14. ,18,00053
7432039,2,2017,08,08,21,28,15. ,16,00062
7432039,1,2017,09,08,14,20,28. ,12,00047
7432039,1,2017,10,08,12,05,51. ,08,00037
7432039,2,2017,10,28,11,50,57. ,21,00100
7432039,1,2018,02,19,03,32,42. ,13,00027
7432039,1,2018,05,06,21,13,35. ,11,00042
7432039,2,2018,06,03,18,32,00. ,15,00041
7432039,2,2018,06,12,04,55,22. ,15,00034
7432039,2,2018,07,05,23,55,12. ,15,00062
7432039,2,2018,07,25,07,31,48. ,17,00041
7432039,2,2018,08,22,18,23,54. ,23,00169
7432039,1,2018,09,09,16,31,08. ,12,00038
7432039,2,2018,10,15,09,13,08. ,16,00081
7432039,1,2018,10,19,05,06,37. ,13,00070
7432039,2,2019,01,03,18,10,40. ,24,00140
7432039,2,2019,01,26,14,16,53. ,22,00129
7432039,3,2019,02,23,14,30,55. ,33,00351
7432039,2,2019,03,27,09,12,20. ,16,00036
7432039,2,2019,03,27,15,39,00. ,17,00048
7432039,2,2019,05,10,07,44,18. ,16,00039
7432039,3,2019,05,10,08,49,13. ,34,00309
7432039,1,2019,05,10,20,41,32. ,12,00028
7432039,1,2019,05,11,09,00,44. ,13,00031
7432039,2,2019,07,22,10,39,24. ,18,00068
7432039,2,2019,09,28,02,33,25. ,20,00091
7432039,1,2019,09,29,16,48,00. ,11,00031
7432039,1,2020,01,30,19,56,04. ,09,00046
7432039,1,2020,02,19,04,16,01. ,09,00046
7432039,1,2020,04,08,02,54,17. ,11,00026
7432039,2,2020,05,03,20,55,13. ,18,00054
7432039,1,2020,06,01,09,34,05. ,11,00025
7432039,1,2020,07,17,14,55,00. ,11,00032
