station,intensity,year,month,day,hour,minute,intensity_equip,acceleration_max_comb
3212631,2,2010,03,13,21,47,15,00038
3212631,1,2010,03,14,17,08,14,00039
3212631,1,2010,03,31,06,18,06,00079
3212631,2,2010,04,30,19,33,18,00407
3212631,1,2010,05,01,18,21,12,00082
3212631,1,2010,06,13,12,33,13,00051
3212631,1,2010,07,23,06,07,05,00024
3212631,1,2010,08,03,07,31,05,00045
3212631,1,2010,11,05,19,14,13,00119
3212631,1,2010,11,30,12,28,10,00018
3212631,1,2011,03,09,11,47,14,/////
3212631,1,2011,03,10,06,25,10,00018
3212631,4,2011,03,11,14,49,43,/////
3212631,2,2011,03,11,14,52,24,/////
3212631,2,2011,03,11,14,55,20,/////
3212631,1,2011,03,11,14,57,11,/////
3212631,1,2011,03,11,14,58,05,00027
3212631,1,2011,03,11,15,06,08,00042
3212631,2,2011,03,11,15,08,15,00042
3212631,1,2011,03,11,15,09,14,00030
3212631,1,2011,03,11,15,11,11,00040
3212631,1,2011,03,11,15,13,14,00069
3212631,3,2011,03,11,15,16,32,00491
3212631,2,2011,03,11,15,18,20,/////
3212631,1,2011,03,11,15,19,10,/////
3212631,1,2011,03,11,15,21,10,/////
3212631,2,2011,03,11,15,27,21,00187
3212631,2,2011,03,11,15,26,18,00249
3212631,1,2011,03,11,15,29,05,00015
3212631,1,2011,03,11,15,30,06,00064
3212631,1,2011,03,11,15,34,08,00030
3212631,1,2011,03,11,15,36,05,00021
3212631,1,2011,03,11,15,45,11,00096
3212631,1,2011,03,11,15,55,05,00057
3212631,1,2011,03,11,15,58,09,00018
3212631,1,2011,03,11,16,00,05,00038
3212631,1,2011,03,11,16,01,05,00024
3212631,2,2011,03,11,16,16,17,00041
3212631,1,2011,03,11,16,17,07,00019
3212631,1,2011,03,11,16,19,10,00020
3212631,1,2011,03,11,16,27,10,00042
3212631,1,2011,03,11,16,30,12,00058
3212631,1,2011,03,11,16,45,06,00029
3212631,2,2011,03,11,17,12,15,00054
3212631,2,2011,03,11,17,20,20,00062
3212631,1,2011,03,11,17,31,11,00046
3212631,1,2011,03,11,17,35,06,00060
3212631,2,2011,03,11,17,41,15,00082
3212631,1,2011,03,11,19,22,06,00020
3212631,1,2011,03,11,20,21,05,00023
3212631,1,2011,03,11,20,38,06,00026
3212631,1,2011,03,11,20,47,06,00034
3212631,1,2011,03,11,21,14,08,00019
3212631,1,2011,03,11,22,17,09,00023
3212631,1,2011,03,11,23,01,09,00059
3212631,1,2011,03,11,23,57,06,00020
3212631,1,2011,03,12,00,14,13,00023
3212631,1,2011,03,12,00,20,10,00015
3212631,1,2011,03,12,00,24,11,00093
3212631,1,2011,03,12,03,12,10,00017
3212631,1,2011,03,12,03,44,08,00041
3212631,2,2011,03,12,03,59,24,/////
3212631,1,2011,03,12,04,09,09,00073
3212631,1,2011,03,12,04,25,05,00017
3212631,1,2011,03,12,04,33,05,00010
3212631,2,2011,03,12,04,32,15,00094
3212631,1,2011,03,12,05,35,06,00030
3212631,1,2011,03,12,10,48,07,/////
3212631,1,2011,03,12,10,49,06,00018
3212631,1,2011,03,12,22,16,11,00056
3212631,1,2011,03,13,07,13,06,00022
3212631,1,2011,03,13,08,26,09,00018
3212631,1,2011,03,13,10,27,08,00016
3212631,2,2011,03,14,10,03,16,00082
3212631,1,2011,03,15,03,41,07,00023
3212631,1,2011,03,15,22,29,09,00017
3212631,2,2011,03,15,22,32,20,00055
3212631,1,2011,03,16,12,52,14,00059
3212631,1,2011,03,16,13,15,06,00029
3212631,1,2011,03,16,22,39,12,00048
3212631,1,2011,03,17,21,55,11,00058
3212631,1,2011,03,19,08,50,05,00021
3212631,3,2011,03,19,18,57,26,00211
3212631,1,2011,03,20,10,31,06,00032
3212631,1,2011,03,22,16,20,09,00035
3212631,1,2011,03,22,18,19,13,00050
3212631,1,2011,03,22,21,05,08,00015
3212631,1,2011,03,23,07,13,13,00056
3212631,1,2011,03,23,07,35,14,00046
3212631,2,2011,03,23,07,37,16,00064
3212631,1,2011,03,24,08,57,08,00076
3212631,1,2011,03,28,07,25,10,00024
3212631,1,2011,03,29,19,55,08,00023
3212631,1,2011,03,30,22,19,06,00065
3212631,1,2011,04,02,16,56,13,00250
3212631,1,2011,04,06,21,57,08,00031
3212631,2,2011,04,07,23,34,23,00150
3212631,1,2011,04,11,06,36,07,00054
3212631,3,2011,04,11,17,16,31,/////
3212631,1,2011,04,11,17,18,13,00059
3212631,1,2011,04,11,17,27,07,00021
3212631,1,2011,04,11,17,58,09,00030
3212631,1,2011,04,11,18,05,13,00040
3212631,2,2011,04,11,20,43,17,00080
3212631,1,2011,04,12,07,26,09,00062
3212631,1,2011,04,12,08,08,14,00034
3212631,2,2011,04,12,14,08,20,00112
3212631,2,2011,04,13,10,08,18,00081
3212631,1,2011,04,14,07,36,09,00039
3212631,1,2011,04,14,12,09,09,00031
3212631,3,2011,04,16,11,19,26,00214
3212631,2,2011,04,19,23,10,16,00161
3212631,1,2011,04,21,22,37,12,00027
3212631,1,2011,04,22,01,12,08,00023
3212631,2,2011,04,26,21,12,15,00146
3212631,1,2011,04,28,18,28,07,00022
3212631,1,2011,05,14,08,36,08,00026
3212631,1,2011,05,20,09,47,08,00016
3212631,1,2011,05,22,07,07,11,00026
3212631,1,2011,05,26,19,57,05,00019
3212631,1,2011,06,03,09,06,06,00022
3212631,1,2011,06,04,01,00,06,00033
3212631,1,2011,06,09,19,39,06,00021
3212631,1,2011,06,18,20,32,10,00017
3212631,1,2011,07,08,03,36,08,00031
3212631,2,2011,07,10,09,59,16,/////
3212631,2,2011,07,15,21,01,16,00113
3212631,1,2011,07,25,03,52,13,00031
3212631,1,2011,07,29,23,54,07,00012
3212631,2,2011,07,31,03,54,20,00118
3212631,2,2011,08,01,23,58,16,00033
3212631,1,2011,08,07,12,35,05,00022
3212631,2,2011,08,12,03,22,17,00059
3212631,1,2011,08,15,15,27,06,00038
3212631,2,2011,08,19,14,37,15,00053
3212631,1,2011,09,15,17,00,13,00036
3212631,1,2011,09,21,22,31,12,00053
3212631,1,2011,09,29,19,05,08,00017
3212631,1,2011,10,10,11,46,06,00027
3212631,1,2011,11,20,10,24,10,00043
3212631,1,2011,11,24,04,25,07,00036
3212631,1,2011,11,28,23,33,06,00063
3212631,1,2011,12,23,23,44,07,00072
3212631,2,2012,01,01,14,30,19,00128
3212631,1,2012,01,12,12,21,08,00035
3212631,1,2012,01,17,12,30,12,00128
3212631,1,2012,01,23,20,46,07,00026
3212631,1,2012,01,28,07,43,06,00021
3212631,1,2012,02,11,10,27,09,00088
3212631,1,2012,02,14,15,23,09,00015
3212631,1,2012,02,19,14,55,11,00035
3212631,1,2012,02,28,14,21,06,00022
3212631,1,2012,02,29,18,01,05,00018
3212631,2,2012,03,01,07,32,15,00148
3212631,2,2012,03,10,02,25,15,00055
3212631,1,2012,03,14,21,05,14,00061
3212631,1,2012,03,16,04,20,14,00138
3212631,1,2012,04,01,23,04,11,00043
3212631,1,2012,04,12,23,52,07,00014
3212631,1,2012,04,13,19,10,09,00025
3212631,1,2012,04,25,05,22,10,00024
3212631,1,2012,04,29,19,29,07,00014
3212631,1,2012,05,18,17,19,14,00197
3212631,1,2012,05,29,01,37,10,00039
3212631,1,2012,06,01,17,48,14,00144
3212631,1,2012,06,17,16,13,08,00090
3212631,2,2012,07,16,04,31,24,00539
3212631,1,2012,08,03,22,19,07,00091
3212631,1,2012,08,20,20,43,07,00016
3212631,1,2012,08,30,04,17,05,00063
3212631,1,2012,09,14,02,22,12,00044
3212631,1,2012,10,31,15,50,06,00062
3212631,1,2012,11,24,00,52,06,00072
3212631,1,2012,11,24,18,00,05,00043
3212631,3,2012,12,07,17,20,28,00251
3212631,1,2012,12,07,17,32,05,00023
3212631,1,2012,12,20,05,16,05,00025
3212631,1,2013,02,01,01,05,09,00110
3212631,1,2013,02,25,16,25,09,00014
3212631,1,2013,04,14,10,22,05,00044
3212631,1,2013,05,02,22,04,09,00127
3212631,1,2013,05,18,14,49,08,00022
3212631,2,2013,09,04,09,21,17,00040
3212631,2,2013,09,20,02,25,15,00060
3212631,1,2013,10,12,02,43,09,00078
3212631,2,2013,10,26,02,12,20,00125
3212631,1,2013,11,03,14,25,06,00046
3212631,1,2013,11,29,01,15,05,00049
3212631,1,2013,12,03,18,17,05,00020
3212631,1,2013,12,21,01,11,14,00091
3212631,1,2013,12,31,10,03,10,00044
3212631,1,2014,02,19,00,29,09,00111
3212631,2,2014,04,18,07,53,15,00244
3212631,2,2014,05,05,05,18,20,00077
3212631,1,2014,06,16,05,15,09,00033
3212631,2,2014,07,12,04,22,18,00043
3212631,3,2014,09,16,12,28,31,00551
3212631,1,2014,11,12,09,53,12,00091
3212631,1,2014,11,20,10,52,07,00029
3212631,2,2014,11,22,22,08,19,/////
3212631,1,2014,12,20,18,31,07,00018
3212631,1,2015,01,26,07,20,07,00039
3212631,1,2015,01,30,20,32,05,00036
3212631,1,2015,05,13,06,14,11,00022
3212631,2,2015,05,25,14,28,19,00207
3212631,2,2015,05,30,01,07,19,00248
3212631,2,2015,05,30,20,27,23,00062
3212631,1,2015,07,06,18,30,06,00109
3212631,1,2015,08,06,18,22,13,00089
3212631,1,2015,09,12,05,49,10,00036
3212631,1,2015,10,21,15,05,09,00054
3212631,1,2015,11,07,22,45,14,00128
3212631,1,2016,02,07,19,27,05,00070
3212631,1,2016,04,16,01,29,05,/////
3212631,1,2016,05,16,21,23,11,00081
3212631,1,2016,06,27,07,58,07,00015
3212631,1,2016,07,17,13,24,10,00110
3212631,1,2016,07,20,07,25,08,00066
3212631,1,2016,07,27,23,47,14,00062
3212631,1,2016,08,15,16,05,06,00019
3212631,1,2016,08,19,21,08,11,00030
3212631,1,2016,09,13,19,12,05,00063
3212631,1,2016,10,20,20,12,09,00146
3212631,2,2016,11,22,06,00,24,00134
3212631,1,2016,11,22,23,05,07,00018
3212631,1,2016,11,24,06,24,12,00027
3212631,2,2016,12,28,21,39,23,00125
3212631,1,2017,01,05,00,44,09,00050
3212631,1,2017,01,05,02,54,09,00018
3212631,1,2017,02,19,18,20,07,00017
3212631,1,2017,02,28,16,49,07,00031
3212631,1,2017,04,12,03,11,07,00110
3212631,1,2017,07,20,09,12,08,00024
3212631,2,2017,08,02,02,02,17,00073
3212631,1,2017,08,03,13,45,05,00073
3212631,1,2017,08,10,09,36,07,00027
3212631,1,2017,10,06,17,01,06,00022
3212631,1,2017,10,06,23,57,11,00043
3212631,1,2018,02,08,23,34,08,00084
3212631,1,2018,02,26,01,29,11,00027
3212631,1,2018,03,30,08,17,10,00105
3212631,1,2018,05,25,21,13,05,00022
3212631,3,2018,06,17,15,27,29,01045
3212631,1,2018,07,07,20,24,10,00018
3212631,1,2018,09,05,05,11,08,00067
3212631,1,2018,09,14,14,36,09,00030
3212631,1,2018,11,27,08,34,13,00125
3212631,2,2019,01,14,13,23,16,00229
3212631,1,2019,01,18,21,46,09,00027
3212631,1,2019,06,17,08,00,06,00042
3212631,2,2019,06,18,22,23,15,00038
3212631,1,2019,07,28,03,33,09,00024
3212631,2,2019,08,04,19,23,17,00046
3212631,1,2019,11,22,05,24,08,00109
3212631,2,2019,12,03,10,18,24,00558
3212631,1,2019,12,04,10,39,08,00041
