station,intensity,year,month,day,hour,minute,intensity_equip,acceleration_max_comb
3015520,1,2006,06,25,04,53,06,00047
3015520,1,2006,06,28,09,40,13,00089
3015520,1,2006,07,06,15,17,14,00137
3015520,1,2006,07,09,09,06,13,00102
3015520,1,2006,07,19,22,36,07,00051
3015520,1,2006,07,30,02,19,06,00071
3015520,1,2006,07,31,23,20,08,00084
3015520,2,2006,08,01,22,12,16,00198
3015520,2,2006,08,31,17,18,20,00168
3015520,1,2006,09,07,03,06,10,00042
3015520,2,2006,09,07,10,57,16,00106
3015520,2,2006,10,14,06,38,15,00068
3015520,1,2006,10,15,19,58,06,00042
3015520,1,2006,10,18,07,53,08,00048
3015520,1,2006,11,09,06,06,05,00060
3015520,1,2006,11,15,17,39,08,00087
3015520,1,2006,11,24,01,08,12,00078
3015520,2,2006,12,04,06,08,18,00128
3015520,1,2006,12,09,12,11,05,00032
3015520,1,2006,12,09,12,29,10,00058
3015520,1,2006,12,14,19,13,08,00067
3015520,1,2006,12,24,11,25,07,00064
3015520,1,2006,12,31,08,30,10,00037
3015520,1,2007,01,04,00,40,12,00108
3015520,1,2007,01,05,06,41,11,00058
3015520,1,2007,01,08,19,00,07,00026
3015520,1,2007,01,09,13,18,11,00063
3015520,2,2007,01,16,03,18,16,00099
3015520,1,2007,01,24,10,30,12,00127
3015520,1,2007,02,04,20,59,10,00044
3015520,1,2007,02,10,17,31,05,00039
3015520,1,2007,03,14,22,39,14,00079
3015520,2,2007,03,22,10,29,15,00156
3015520,1,2007,04,01,11,53,05,00024
3015520,1,2007,04,03,09,54,06,00044
3015520,1,2007,04,14,05,42,14,00077
3015520,1,2007,05,08,21,01,14,00130
3015520,1,2007,05,09,02,09,07,00056
3015520,1,2007,06,01,00,56,06,00048
3015520,1,2007,06,01,07,29,14,00108
3015520,2,2007,06,02,14,43,24,00359
3015520,1,2007,06,04,13,34,11,00098
3015520,1,2007,06,09,20,28,09,00061
3015520,2,2007,06,23,23,53,16,00131
3015520,1,2007,07,03,23,31,13,00056
3015520,3,2007,07,16,10,14,28,00140
3015520,1,2007,07,16,15,38,09,00029
3015520,2,2007,07,16,23,18,16,00157
3015520,1,2007,07,21,16,36,11,00076
3015520,1,2007,08,01,17,18,09,00033
3015520,3,2007,08,16,04,15,28,00347
3015520,1,2007,08,16,07,47,05,00036
3015520,1,2007,08,16,08,20,13,00060
3015520,1,2007,08,16,08,32,06,00038
3015520,1,2007,08,16,09,22,13,00074
3015520,1,2007,08,18,04,14,13,00069
3015520,1,2007,08,18,13,36,10,00039
3015520,2,2007,08,18,16,55,20,00143
3015520,1,2007,08,18,17,07,10,00055
3015520,1,2007,08,29,22,38,05,00039
3015520,1,2007,09,21,07,55,09,00016
3015520,1,2007,10,07,22,36,12,00062
3015520,1,2007,10,17,22,33,12,00098
3015520,1,2007,10,28,23,37,05,00047
3015520,2,2007,11,11,19,49,15,00134
3015520,1,2007,11,12,09,21,06,00037
3015520,1,2007,11,26,22,52,14,00070
3015520,1,2007,11,27,08,06,09,00070
3015520,3,2007,11,30,18,37,25,00253
3015520,2,2007,12,02,09,24,15,00165
3015520,1,2007,12,25,23,05,07,00031
3015520,1,2008,01,09,04,20,05,00048
3015520,1,2008,01,10,20,32,06,00085
3015520,1,2008,01,16,02,56,09,00047
3015520,1,2008,02,09,07,07,12,00065
3015520,2,2008,03,02,18,33,16,00152
3015520,3,2008,03,08,01,55,25,00323
3015520,2,2008,03,09,06,14,18,00271
3015520,1,2008,03,20,01,36,12,00104
3015520,2,2008,03,24,12,40,18,00093
3015520,3,2008,04,04,19,02,27,00498
3015520,2,2008,04,06,21,56,18,00159
3015520,2,2008,04,17,04,21,15,00107
3015520,2,2008,04,25,18,52,15,00093
3015520,2,2008,05,01,07,34,19,00111
3015520,1,2008,05,05,09,27,08,00043
3015520,2,2008,05,08,01,02,23,00172
3015520,2,2008,05,08,01,04,17,00053
3015520,1,2008,05,08,01,13,10,00031
3015520,1,2008,05,08,01,17,14,00055
3015520,3,2008,05,08,01,45,32,00455
3015520,1,2008,05,08,02,32,09,00035
3015520,1,2008,05,08,04,20,09,00044
3015520,1,2008,05,09,07,43,11,00061
3015520,1,2008,05,09,08,21,14,00034
3015520,1,2008,05,09,08,58,10,00074
3015520,1,2008,05,31,14,04,08,00034
3015520,1,2008,05,31,16,56,08,00029
3015520,1,2008,06,04,23,33,10,00081
3015520,1,2008,06,05,20,37,05,00054
3015520,1,2008,06,12,02,25,07,00065
3015520,3,2008,06,14,08,44,26,00105
3015520,1,2008,06,22,10,29,05,00041
3015520,2,2008,06,22,12,48,15,00093
3015520,3,2008,07,05,16,49,26,00386
3015520,1,2008,07,14,19,41,08,00056
3015520,2,2008,07,19,11,40,21,00075
3015520,1,2008,07,21,20,31,14,00041
3015520,3,2008,07,24,00,28,27,00320
3015520,2,2008,08,20,15,13,23,00407
3015520,3,2008,08,22,20,00,29,00650
3015520,1,2008,08,26,15,16,06,00032
3015520,1,2008,08,28,17,31,07,00046
3015520,1,2008,09,06,00,14,06,00013
3015520,1,2008,09,11,12,14,12,00071
3015520,2,2008,09,21,07,17,17,00131
3015520,1,2008,09,22,16,34,05,00028
3015520,1,2008,10,08,15,08,11,00050
3015520,1,2008,10,12,10,04,06,00035
3015520,1,2008,10,14,12,37,06,00039
3015520,1,2008,10,16,09,23,06,00049
3015520,1,2008,10,25,15,02,07,00031
3015520,1,2008,10,29,01,52,05,00039
3015520,1,2008,10,30,00,49,08,00064
3015520,1,2008,11,20,04,26,05,00024
3015520,1,2008,11,21,19,10,09,00063
3015520,2,2008,11,22,21,13,23,00447
3015520,1,2008,11,25,08,00,08,00041
3015520,1,2009,01,29,08,56,10,00055
3015520,2,2009,02,01,06,52,24,00253
3015520,1,2009,02,17,04,54,09,00033
3015520,1,2009,02,17,09,13,08,00043
3015520,1,2009,02,19,06,05,07,00055
3015520,2,2009,02,20,18,17,19,00219
3015520,1,2009,02,28,02,30,10,00097
3015520,1,2009,03,04,19,04,10,00047
3015520,1,2009,03,25,15,26,13,00117
3015520,1,2009,04,09,04,20,08,00054
3015520,1,2009,04,13,10,34,07,00063
3015520,1,2009,04,14,01,59,07,00039
3015520,1,2009,04,16,16,19,07,00081
3015520,1,2009,04,21,07,54,14,00087
3015520,1,2009,04,21,18,58,12,00061
3015520,2,2009,04,28,06,37,19,00171
3015520,1,2009,05,29,14,39,08,00058
3015520,2,2009,06,06,14,52,20,00106
3015520,1,2009,06,10,13,06,08,00039
3015520,2,2009,07,22,03,57,15,00109
3015520,1,2009,08,03,16,20,07,00035
3015520,3,2009,08,09,19,57,28,00344
3015520,2,2009,08,11,05,07,19,00057
3015520,1,2009,08,13,07,49,13,00047
3015520,1,2009,08,17,02,21,06,00037
3015520,2,2009,08,18,06,59,23,00306
3015520,1,2009,08,21,08,51,07,00036
3015520,1,2009,08,29,15,30,08,00082
3015520,1,2009,08,31,00,46,12,00084
3015520,1,2009,09,01,21,02,12,00059
3015520,2,2009,09,04,11,30,17,00175
3015520,2,2009,09,05,10,59,15,00137
3015520,1,2009,09,08,10,03,06,00033
3015520,1,2009,09,10,00,22,09,00071
3015520,2,2009,10,01,19,43,22,00315
3015520,1,2009,10,16,06,57,05,00050
3015520,1,2009,10,17,18,26,07,00052
3015520,2,2009,10,23,10,28,18,00127
3015520,1,2009,11,07,04,23,08,00049
3015520,1,2009,11,21,15,40,12,00063
3015520,1,2009,12,02,15,15,06,00030
3015520,1,2009,12,06,10,15,07,00080
3015520,3,2009,12,18,05,41,26,00428
3015520,1,2009,12,20,20,52,05,00026
3015520,2,2010,01,04,06,44,15,00202
3015520,1,2010,01,17,15,05,07,00031
3015520,1,2010,02,17,04,59,08,00032
3015520,1,2010,02,21,09,57,09,00042
3015520,2,2010,02,22,18,53,20,00280
3015520,1,2010,03,12,16,08,11,00108
3015520,2,2010,03,13,21,46,22,00202
3015520,3,2010,03,14,17,08,25,00194
3015520,1,2010,03,16,07,30,08,00035
3015520,2,2010,03,19,19,27,15,00183
3015520,1,2010,03,29,10,29,14,00126
3015520,3,2010,03,31,06,18,25,00480
3015520,1,2010,04,16,21,32,08,00044
3015520,1,2010,04,26,06,23,10,00066
3015520,1,2010,04,29,07,22,12,00099
3015520,1,2010,04,30,19,34,06,00050
3015520,1,2010,05,02,08,59,05,00032
3015520,1,2010,05,05,10,59,10,00073
3015520,1,2010,05,07,04,38,10,00100
3015520,1,2010,05,24,09,32,06,00067
3015520,1,2010,06,06,07,19,11,00077
3015520,2,2010,06,13,12,33,24,00252
3015520,2,2010,06,16,19,44,15,00156
3015520,1,2010,06,27,15,24,07,00051
3015520,2,2010,07,04,15,03,15,00096
3015520,1,2010,07,05,06,57,08,00013
3015520,1,2010,07,07,09,02,08,00057
3015520,1,2010,07,11,11,00,06,00042
3015520,4,2010,07,23,06,06,38,01713
3015520,2,2010,07,23,06,08,18,00228
3015520,1,2010,07,27,21,13,05,00047
3015520,2,2010,08,03,07,31,21,00292
3015520,1,2010,08,04,23,11,09,00054
3015520,1,2010,08,13,06,52,14,00129
3015520,2,2010,09,14,22,11,20,00250
3015520,1,2010,09,21,12,43,10,00089
3015520,2,2010,09,22,05,32,23,00356
3015520,1,2010,09,27,02,55,13,00076
3015520,1,2010,09,29,12,02,07,00038
3015520,2,2010,09,29,17,00,17,00084
3015520,1,2010,09,30,21,47,13,00110
3015520,1,2010,10,04,20,32,12,00073
3015520,2,2010,10,09,15,12,24,00378
3015520,2,2010,10,10,10,00,22,00243
3015520,2,2010,10,10,10,05,19,00203
3015520,2,2010,10,14,14,30,15,00208
3015520,1,2010,10,17,17,20,05,00037
3015520,2,2010,10,19,22,24,16,00153
3015520,2,2010,10,24,13,50,21,00282
3015520,1,2010,10,26,21,06,05,00048
3015520,2,2010,11,05,07,31,15,00091
3015520,2,2010,11,05,19,14,21,00247
3015520,1,2010,11,09,10,06,05,00027
3015520,2,2010,11,24,20,09,23,00281
3015520,1,2010,11,27,08,55,07,00047
3015520,2,2010,11,30,12,28,21,00068
3015520,1,2010,12,06,03,20,09,00039
3015520,1,2010,12,09,08,54,06,00039
3015520,1,2010,12,22,02,23,08,00021
3015520,1,2011,01,01,08,01,10,00075
3015520,2,2011,01,09,11,21,17,00217
3015520,1,2011,01,17,16,14,06,00049
3015520,1,2011,01,20,04,27,05,00048
3015520,1,2011,01,25,14,25,07,00018
3015520,1,2011,01,28,16,42,07,00065
3015520,1,2011,02,05,10,56,11,00036
3015520,1,2011,02,10,12,11,05,00040
3015520,1,2011,02,10,13,20,07,00034
3015520,2,2011,02,10,22,03,17,00107
3015520,1,2011,02,13,12,15,10,00107
3015520,1,2011,02,16,10,30,07,00034
3015520,1,2011,02,27,00,39,07,00028
3015520,1,2011,03,07,05,11,09,00086
3015520,2,2011,03,09,11,47,20,00053
3015520,1,2011,03,10,03,17,14,00023
3015520,2,2011,03,10,06,25,15,00029
3015520,B,2011,03,11,14,48,53,05534
3015520,3,2011,03,11,14,52,31,00230
3015520,2,2011,03,11,14,56,20,00102
3015520,1,2011,03,11,15,01,14,00099
3015520,2,2011,03,11,15,05,20,00188
3015520,3,2011,03,11,15,08,25,00195
3015520,2,2011,03,11,15,07,19,00118
3015520,3,2011,03,11,15,09,26,00234
3015520,2,2011,03,11,15,11,23,00243
3015520,2,2011,03,11,15,13,23,00209
3015520,A,2011,03,11,15,16,46,02329
3015520,3,2011,03,11,15,18,27,00160
3015520,3,2011,03,11,15,19,26,00319
3015520,2,2011,03,11,15,20,23,00134
3015520,2,2011,03,11,15,21,20,00081
3015520,2,2011,03,11,15,22,17,00081
3015520,3,2011,03,11,15,27,27,00355
3015520,2,2011,03,11,15,26,17,00184
3015520,3,2011,03,11,15,29,25,00275
3015520,1,2011,03,11,15,30,14,00061
3015520,1,2011,03,11,15,31,14,00103
3015520,1,2011,03,11,15,33,14,00060
3015520,1,2011,03,11,15,36,14,00045
3015520,2,2011,03,11,15,35,23,00178
3015520,1,2011,03,11,15,37,09,00044
3015520,2,2011,03,11,15,38,15,00095
3015520,1,2011,03,11,15,39,13,00073
3015520,1,2011,03,11,15,43,08,00029
3015520,3,2011,03,11,15,45,27,00379
3015520,1,2011,03,11,15,48,10,00072
3015520,1,2011,03,11,15,50,11,00040
3015520,1,2011,03,11,15,49,10,00067
3015520,1,2011,03,11,15,51,05,00020
3015520,1,2011,03,11,15,53,06,00029
3015520,2,2011,03,11,15,54,15,00108
3015520,2,2011,03,11,15,56,16,00107
3015520,3,2011,03,11,15,57,27,00234
3015520,1,2011,03,11,16,00,12,00068
3015520,2,2011,03,11,16,02,17,00104
3015520,1,2011,03,11,16,04,08,00032
3015520,1,2011,03,11,16,09,07,00034
3015520,1,2011,03,11,16,11,06,00023
3015520,1,2011,03,11,16,13,07,00035
3015520,2,2011,03,11,16,14,17,00065
3015520,2,2011,03,11,16,15,24,00158
3015520,1,2011,03,11,16,17,13,00045
3015520,2,2011,03,11,16,18,21,00230
3015520,1,2011,03,11,16,20,07,00021
3015520,1,2011,03,11,16,23,09,00058
3015520,1,2011,03,11,16,25,05,00031
3015520,2,2011,03,11,16,27,15,00088
3015520,2,2011,03,11,16,31,24,00272
3015520,2,2011,03,11,16,30,19,00157
3015520,1,2011,03,11,16,32,14,00046
3015520,1,2011,03,11,16,33,12,00091
3015520,1,2011,03,11,16,34,08,00030
3015520,2,2011,03,11,16,43,24,00446
3015520,1,2011,03,11,16,44,09,00047
3015520,2,2011,03,11,16,45,24,00294
3015520,1,2011,03,11,16,46,14,00054
3015520,1,2011,03,11,16,48,06,00029
3015520,1,2011,03,11,16,50,13,00048
3015520,1,2011,03,11,16,52,06,00027
3015520,1,2011,03,11,16,55,07,00031
3015520,1,2011,03,11,16,56,10,00039
3015520,1,2011,03,11,17,00,11,00051
3015520,1,2011,03,11,17,02,09,00042
3015520,1,2011,03,11,17,03,11,00050
3015520,1,2011,03,11,17,05,12,00059
3015520,2,2011,03,11,17,10,18,00098
3015520,2,2011,03,11,17,12,24,00167
3015520,2,2011,03,11,17,16,15,00081
3015520,1,2011,03,11,17,17,08,00033
3015520,3,2011,03,11,17,19,30,00279
3015520,2,2011,03,11,17,28,17,00125
3015520,1,2011,03,11,17,29,12,00027
3015520,2,2011,03,11,17,32,24,00265
3015520,1,2011,03,11,17,34,10,00058
3015520,3,2011,03,11,17,35,27,00347
3015520,1,2011,03,11,17,38,05,00026
3015520,1,2011,03,11,17,39,05,00025
3015520,3,2011,03,11,17,41,29,00478
3015520,1,2011,03,11,17,44,11,00029
3015520,1,2011,03,11,17,47,08,00038
3015520,1,2011,03,11,17,56,14,00095
3015520,2,2011,03,11,18,04,18,00113
3015520,1,2011,03,11,18,06,06,00024
3015520,1,2011,03,11,18,15,09,00063
3015520,2,2011,03,11,18,20,18,00119
3015520,1,2011,03,11,18,35,09,00052
3015520,1,2011,03,11,18,36,06,00053
3015520,2,2011,03,11,18,37,17,00097
3015520,1,2011,03,11,18,38,08,00048
3015520,1,2011,03,11,18,49,13,00114
3015520,1,2011,03,11,18,48,08,00059
3015520,1,2011,03,11,18,50,06,00039
3015520,1,2011,03,11,18,51,05,00046
3015520,1,2011,03,11,18,53,06,00031
3015520,2,2011,03,11,18,55,16,00125
3015520,1,2011,03,11,18,57,13,00115
3015520,1,2011,03,11,19,13,07,00039
3015520,2,2011,03,11,19,16,18,00184
3015520,2,2011,03,11,19,21,16,00078
3015520,1,2011,03,11,19,25,05,00025
3015520,1,2011,03,11,19,29,05,00041
3015520,2,2011,03,11,19,36,17,00129
3015520,1,2011,03,11,19,43,07,00042
3015520,2,2011,03,11,19,45,18,00099
3015520,1,2011,03,11,19,46,13,00070
3015520,1,2011,03,11,19,53,05,00034
3015520,1,2011,03,11,20,01,14,00073
3015520,1,2011,03,11,20,02,06,00038
3015520,1,2011,03,11,20,03,12,00076
3015520,2,2011,03,11,20,07,15,00113
3015520,1,2011,03,11,20,13,13,00052
3015520,1,2011,03,11,20,17,13,00062
3015520,2,2011,03,11,20,21,24,00191
3015520,2,2011,03,11,20,26,16,00137
3015520,1,2011,03,11,20,38,13,00039
3015520,1,2011,03,11,20,39,08,00035
3015520,2,2011,03,11,20,46,23,00186
3015520,1,2011,03,11,20,51,05,00032
3015520,1,2011,03,11,20,56,11,00046
3015520,2,2011,03,11,21,13,19,00122
3015520,1,2011,03,11,21,21,09,00047
3015520,1,2011,03,11,21,25,10,00041
3015520,1,2011,03,11,21,29,07,00030
3015520,1,2011,03,11,21,49,10,00042
3015520,1,2011,03,11,21,52,06,00053
3015520,1,2011,03,11,21,54,07,00049
3015520,1,2011,03,11,22,10,07,00043
3015520,1,2011,03,11,22,16,09,00054
3015520,2,2011,03,11,22,17,21,00113
3015520,1,2011,03,11,22,29,07,00042
3015520,1,2011,03,11,22,34,06,00048
3015520,1,2011,03,11,22,35,12,00047
3015520,1,2011,03,11,22,36,05,00027
3015520,1,2011,03,11,22,37,06,00045
3015520,2,2011,03,11,22,48,15,00105
3015520,1,2011,03,11,22,57,06,00033
3015520,3,2011,03,11,23,00,28,00428
3015520,1,2011,03,11,23,27,07,00044
3015520,1,2011,03,11,23,32,14,00129
3015520,2,2011,03,11,23,44,16,00125
3015520,1,2011,03,11,23,54,10,00030
3015520,3,2011,03,11,23,56,27,00315
3015520,1,2011,03,12,00,08,10,00050
3015520,3,2011,03,12,00,13,25,00235
3015520,1,2011,03,12,00,15,12,00031
3015520,2,2011,03,12,00,20,18,00070
3015520,1,2011,03,12,00,23,14,00072
3015520,1,2011,03,12,00,25,13,00081
3015520,1,2011,03,12,00,26,06,00049
3015520,1,2011,03,12,00,33,07,00035
3015520,1,2011,03,12,00,39,05,00029
3015520,2,2011,03,12,00,42,18,00092
3015520,1,2011,03,12,00,57,06,00035
3015520,1,2011,03,12,01,06,08,00044
3015520,1,2011,03,12,01,07,12,00098
3015520,1,2011,03,12,01,19,11,00058
3015520,1,2011,03,12,01,30,08,00040
3015520,1,2011,03,12,01,49,13,00071
3015520,1,2011,03,12,01,52,05,00051
3015520,1,2011,03,12,01,57,11,00064
3015520,1,2011,03,12,02,08,13,00122
3015520,1,2011,03,12,02,18,11,00017
3015520,1,2011,03,12,02,24,06,00022
3015520,1,2011,03,12,02,31,09,00043
3015520,1,2011,03,12,02,56,09,00059
3015520,1,2011,03,12,02,57,08,00050
3015520,1,2011,03,20,19,59,13,00089
3015520,1,2011,03,20,23,49,11,00031
3015520,1,2011,03,21,04,54,14,00103
3015520,1,2011,03,21,05,06,12,00078
3015520,1,2011,03,21,05,34,06,00044
3015520,2,2011,03,21,05,44,15,00178
3015520,1,2011,03,21,14,08,13,00057
3015520,2,2011,03,21,19,55,22,00198
3015520,1,2011,03,21,22,49,12,00071
3015520,1,2011,03,21,23,54,06,00042
3015520,1,2011,03,22,00,08,06,00046
3015520,1,2011,03,22,03,24,08,00051
3015520,1,2011,03,22,04,27,06,00038
3015520,1,2011,03,22,09,33,13,00121
3015520,1,2011,03,22,10,14,07,00031
3015520,1,2011,03,22,10,20,08,00056
3015520,2,2011,03,22,12,38,19,00068
3015520,1,2011,03,22,13,25,09,00080
3015520,1,2011,03,22,15,00,10,00039
3015520,2,2011,03,22,16,19,24,00214
3015520,2,2011,03,22,17,33,15,00100
3015520,2,2011,03,22,18,19,23,00176
3015520,2,2011,03,22,21,04,18,00066
3015520,1,2011,03,22,21,57,08,00049
3015520,1,2011,03,22,22,43,06,00032
3015520,2,2011,03,22,22,51,22,00132
3015520,1,2011,03,23,00,04,12,00059
3015520,1,2011,03,23,01,06,08,00028
3015520,2,2011,03,23,01,12,15,00054
3015520,1,2011,03,23,02,50,05,00020
3015520,1,2011,03,23,04,08,07,00052
3015520,1,2011,03,23,04,10,08,00035
3015520,3,2011,03,23,07,12,25,00317
3015520,3,2011,03,23,07,35,26,00346
3015520,3,2011,03,23,07,37,27,00446
3015520,1,2011,03,23,07,54,06,00030
3015520,1,2011,03,23,08,04,05,00030
3015520,1,2011,03,23,08,47,05,00023
3015520,1,2011,03,23,13,40,06,00040
3015520,1,2011,03,23,16,17,05,00038
3015520,1,2011,03,23,18,55,05,00033
3015520,1,2011,03,23,19,44,11,00045
3015520,1,2011,03,24,01,54,11,00077
3015520,2,2011,03,24,05,29,18,00116
3015520,2,2011,03,24,05,33,22,00207
3015520,3,2011,03,24,05,43,28,00413
3015520,3,2011,03,24,08,56,29,00531
3015520,1,2011,03,24,11,33,10,00087
3015520,1,2011,03,24,14,04,09,00051
3015520,1,2011,03,24,16,04,06,00022
3015520,1,2011,03,24,17,22,14,00077
3015520,1,2011,03,24,21,11,06,00045
3015520,1,2011,03,25,02,08,12,00076
3015520,1,2011,03,25,03,14,10,00080
3015520,1,2011,03,25,03,17,11,00075
3015520,1,2011,03,25,08,47,06,00052
3015520,1,2011,03,25,20,37,12,00046
3015520,1,2011,03,26,00,46,08,00054
3015520,1,2011,03,26,01,10,08,00061
3015520,2,2011,03,26,05,52,21,00196
3015520,1,2011,03,26,16,18,06,00043
3015520,1,2011,03,26,16,19,13,00067
3015520,1,2011,03,26,16,52,09,00044
3015520,1,2011,03,26,16,56,09,00044
3015520,1,2011,03,26,19,19,07,00031
3015520,1,2011,03,26,19,30,11,00058
3015520,1,2011,03,26,19,43,05,00022
3015520,1,2011,03,26,19,54,05,00035
3015520,1,2011,03,26,23,11,09,00045
3015520,1,2011,03,26,23,19,10,00059
3015520,1,2011,03,27,01,07,09,00050
3015520,1,2011,03,27,02,32,11,00047
3015520,1,2011,03,27,02,42,11,00112
3015520,2,2011,03,27,04,52,17,00190
3015520,1,2011,03,27,04,57,07,00088
3015520,1,2011,03,27,05,30,05,00056
3015520,1,2011,03,27,14,32,07,00048
3015520,1,2011,03,27,19,23,05,00021
3015520,1,2011,03,28,06,12,13,00097
3015520,2,2011,03,28,07,24,16,00084
3015520,1,2011,03,28,11,41,05,00044
3015520,1,2011,03,28,14,45,07,00019
3015520,1,2011,03,29,00,06,06,00040
3015520,1,2011,03,29,16,05,07,00032
3015520,1,2011,03,29,16,14,06,00051
3015520,2,2011,03,29,19,55,15,00063
3015520,1,2011,03,29,20,14,06,00070
3015520,1,2011,03,29,21,25,10,00060
3015520,1,2011,03,30,02,46,08,00054
3015520,1,2011,03,30,05,21,05,00044
3015520,1,2011,03,30,06,04,07,00059
3015520,2,2011,03,30,17,52,18,00153
3015520,1,2011,03,30,20,39,06,00047
3015520,1,2011,03,30,21,51,14,00037
3015520,2,2011,03,30,22,19,23,00289
3015520,2,2011,03,30,22,57,15,00124
3015520,1,2011,03,30,23,45,12,00061
3015520,1,2011,03,31,05,00,08,00058
3015520,1,2011,03,31,16,17,06,00024
3015520,1,2011,04,01,02,22,05,00036
3015520,1,2011,04,01,08,22,06,00046
3015520,1,2011,04,01,17,35,06,00045
3015520,1,2011,04,01,23,44,08,00036
3015520,1,2011,04,01,23,59,07,00065
3015520,1,2011,04,02,13,09,05,00024
3015520,1,2011,04,02,14,08,13,00092
3015520,1,2011,04,02,14,34,05,00038
3015520,3,2011,04,02,16,56,33,00906
3015520,1,2011,04,02,18,05,11,00077
3015520,1,2011,04,02,19,23,07,00043
3015520,1,2011,04,02,22,42,08,00058
3015520,1,2011,04,02,23,38,06,00036
3015520,2,2011,04,03,11,49,18,00203
3015520,1,2011,04,03,16,39,13,00080
3015520,1,2011,04,03,20,57,10,00073
3015520,1,2011,04,03,21,58,08,00042
3015520,1,2011,04,04,20,46,14,00121
3015520,1,2011,04,05,03,46,08,00042
3015520,1,2011,04,05,04,30,08,00081
3015520,1,2011,04,05,04,50,05,00037
3015520,1,2011,04,05,05,44,13,00113
3015520,2,2011,04,05,13,32,15,00161
3015520,1,2011,04,05,18,09,14,00079
3015520,1,2011,04,05,23,41,14,00084
3015520,1,2011,04,06,06,24,07,00069
3015520,3,2011,04,06,19,09,27,00568
3015520,2,2011,04,06,21,57,19,00174
3015520,1,2011,04,06,22,55,14,00084
3015520,2,2011,04,07,11,41,19,00176
3015520,1,2011,04,07,19,52,11,00062
3015520,3,2011,04,07,23,33,34,00731
3015520,1,2011,04,08,04,46,13,00189
3015520,1,2011,04,08,05,47,10,00060
3015520,1,2011,04,08,11,57,14,00085
3015520,2,2011,04,09,03,57,16,00163
3015520,1,2011,04,09,12,33,10,00062
3015520,2,2011,04,09,17,02,23,00325
3015520,2,2011,04,10,06,23,15,00090
3015520,1,2011,04,10,09,51,08,00066
3015520,1,2011,04,10,12,38,09,00054
3015520,1,2011,04,10,13,12,09,00059
3015520,1,2011,04,11,02,45,11,00058
3015520,1,2011,04,11,05,20,09,00066
3015520,3,2011,04,11,06,36,25,00267
3015520,1,2011,04,11,13,52,14,00131
3015520,4,2011,04,11,17,16,40,01323
3015520,2,2011,04,11,17,18,23,00210
3015520,1,2011,04,11,17,20,14,00072
3015520,2,2011,04,11,17,27,20,00220
3015520,1,2011,04,11,17,34,13,00071
3015520,1,2011,04,11,17,45,13,00097
3015520,1,2011,04,11,17,51,10,00049
3015520,2,2011,04,11,17,58,18,00140
3015520,1,2011,04,11,18,00,11,00066
3015520,2,2011,04,11,18,05,23,00209
3015520,2,2011,04,11,18,13,15,00115
3015520,1,2011,04,11,18,31,10,00056
3015520,1,2011,04,11,18,36,14,00117
3015520,1,2011,04,11,19,00,14,00082
3015520,1,2011,04,11,20,01,10,00057
3015520,3,2011,04,11,20,42,29,00365
3015520,2,2011,04,11,22,06,19,00143
3015520,1,2011,04,12,00,43,11,00066
3015520,1,2011,04,12,00,58,13,00068
3015520,1,2011,04,12,02,18,09,00060
3015520,4,2011,04,12,08,08,38,01147
3015520,1,2011,04,12,08,47,08,00045
3015520,1,2011,04,12,08,48,13,00092
3015520,1,2011,04,12,09,20,10,00055
3015520,2,2011,04,12,11,24,16,00106
3015520,3,2011,04,12,14,08,34,00749
3015520,1,2011,04,12,14,27,12,00072
3015520,2,2011,04,12,17,49,18,00133
3015520,1,2011,04,12,19,16,14,00098
3015520,1,2011,04,12,20,47,07,00066
3015520,1,2011,04,13,02,00,12,00080
3015520,1,2011,04,13,07,36,08,00046
3015520,2,2011,04,13,08,36,23,00255
3015520,3,2011,04,13,10,08,26,00282
3015520,1,2011,04,13,21,58,09,00049
3015520,1,2011,04,14,06,43,10,00061
3015520,2,2011,04,14,07,36,24,00332
3015520,2,2011,04,14,12,09,21,00172
3015520,1,2011,04,15,11,59,07,00052
3015520,3,2011,04,16,11,19,33,00728
3015520,2,2011,04,17,05,21,17,00134
3015520,2,2011,04,17,13,39,19,00315
3015520,3,2011,04,17,15,49,25,00348
3015520,1,2011,04,18,01,57,12,00097
3015520,1,2011,04,18,03,09,13,00076
3015520,1,2011,04,19,00,44,09,00058
3015520,3,2011,04,19,23,10,30,00701
3015520,1,2011,04,20,04,02,12,00056
3015520,1,2011,04,20,05,21,07,00068
3015520,1,2011,04,20,06,38,12,00083
3015520,1,2011,04,20,09,51,13,00076
3015520,1,2011,04,20,17,30,13,00087
3015520,2,2011,04,21,00,30,17,00165
3015520,3,2011,04,21,22,37,32,00451
3015520,2,2011,04,21,22,47,18,00100
3015520,1,2011,04,21,22,54,13,00071
3015520,1,2011,04,22,00,07,11,00052
3015520,2,2011,04,22,01,12,21,00219
3015520,1,2011,04,22,10,17,12,00107
3015520,1,2011,04,22,15,35,14,00119
3015520,1,2011,04,23,00,26,13,00077
3015520,1,2011,04,23,19,14,11,00063
3015520,2,2011,04,23,23,31,16,00153
3015520,2,2011,04,24,12,25,16,00150
3015520,3,2011,04,25,18,00,33,00887
3015520,2,2011,04,26,21,12,24,00425
3015520,2,2011,04,28,18,28,18,00133
3015520,2,2011,04,30,02,04,19,00178
3015520,2,2011,04,30,14,07,15,00119
3015520,1,2011,04,30,14,47,11,00070
3015520,2,2011,05,01,02,12,23,00206
3015520,1,2011,05,01,08,08,12,00080
3015520,1,2011,05,01,11,49,11,00097
3015520,2,2011,05,01,16,04,20,00184
3015520,1,2011,05,03,22,57,10,00058
3015520,1,2011,05,04,17,47,10,00088
3015520,1,2011,05,05,00,09,08,00081
3015520,1,2011,05,05,19,21,09,00059
3015520,1,2011,05,09,19,53,12,00120
3015520,1,2011,05,10,13,02,11,00128
3015520,2,2011,05,11,02,02,16,00143
3015520,1,2011,05,11,04,22,13,00096
3015520,2,2011,05,11,05,24,23,00162
3015520,2,2011,05,13,05,52,15,00100
3015520,1,2011,05,13,06,31,12,00133
3015520,2,2011,05,13,22,51,17,00102
3015520,2,2011,05,13,22,54,16,00101
3015520,2,2011,05,14,06,49,23,00229
3015520,2,2011,05,14,08,36,21,00167
3015520,2,2011,05,17,22,41,20,00218
3015520,1,2011,05,19,21,12,12,00111
3015520,3,2011,05,20,09,46,25,00209
3015520,2,2011,05,20,16,29,16,00082
3015520,2,2011,05,20,17,53,23,00238
3015520,1,2011,05,21,17,52,11,00055
3015520,3,2011,05,22,07,06,31,00486
3015520,2,2011,05,24,20,49,16,00139
3015520,2,2011,05,25,09,19,24,00350
3015520,1,2011,05,26,19,57,13,00103
3015520,1,2011,05,27,14,23,10,00109
3015520,1,2011,05,27,17,04,10,00067
3015520,1,2011,05,28,00,02,12,00077
3015520,2,2011,05,28,10,57,19,00128
3015520,2,2011,05,28,11,14,16,00134
3015520,1,2011,05,28,21,28,10,00068
3015520,1,2011,05,29,13,24,08,00080
3015520,2,2011,05,31,04,37,15,00073
3015520,1,2011,05,31,16,50,10,00056
3015520,1,2011,06,03,09,06,12,00088
3015520,2,2011,06,03,10,33,20,00187
3015520,3,2011,06,04,01,00,25,00322
3015520,3,2011,06,09,19,38,26,00234
3015520,1,2011,06,10,17,18,11,00053
3015520,2,2011,06,11,15,19,16,00118
3015520,2,2011,06,12,09,38,18,00196
3015520,1,2011,06,12,17,10,10,00071
3015520,1,2011,06,17,04,00,07,00019
3015520,1,2011,06,17,13,48,05,00039
3015520,1,2011,06,18,13,39,09,00060
3015520,1,2011,06,18,18,58,13,00077
3015520,2,2011,06,18,20,31,18,00133
3015520,1,2011,06,19,15,53,08,00036
3015520,1,2011,06,20,03,59,05,00057
3015520,1,2011,06,20,10,46,11,00040
3015520,2,2011,06,21,17,49,17,00118
3015520,1,2011,06,21,23,31,05,00028
3015520,1,2011,06,22,06,16,09,00036
3015520,1,2011,06,23,03,19,13,00121
3015520,1,2011,06,23,06,53,13,00024
3015520,1,2011,06,23,08,34,06,00047
3015520,1,2011,06,23,17,23,06,00033
3015520,1,2011,06,23,19,36,05,00029
3015520,1,2011,06,24,01,54,07,00050
3015520,1,2011,06,24,10,00,07,00056
3015520,1,2011,06,24,15,54,14,00107
3015520,1,2011,06,24,23,47,05,00038
3015520,1,2011,06,25,16,06,13,00076
3015520,1,2011,06,26,07,58,06,00059
3015520,2,2011,06,28,00,04,16,00151
3015520,2,2011,06,30,07,14,15,00087
3015520,1,2011,06,30,19,23,05,00029
3015520,2,2011,07,01,20,04,18,00132
3015520,1,2011,07,01,20,11,09,00055
3015520,1,2011,07,03,11,40,06,00060
3015520,1,2011,07,04,01,48,06,00048
3015520,1,2011,07,04,12,24,12,00095
3015520,1,2011,07,05,16,52,07,00049
3015520,2,2011,07,07,00,15,18,00090
3015520,2,2011,07,08,03,36,24,00357
3015520,2,2011,07,10,09,58,23,00286
3015520,1,2011,07,10,13,18,08,00071
3015520,1,2011,07,13,02,55,09,00075
3015520,1,2011,07,14,13,11,05,00019
3015520,1,2011,07,15,12,25,07,00031
3015520,1,2011,07,15,17,53,06,00047
3015520,3,2011,07,15,21,01,33,00738
3015520,1,2011,07,16,14,18,07,00047
3015520,1,2011,07,16,17,56,05,00055
3015520,1,2011,07,16,17,58,09,00079
3015520,1,2011,07,16,18,28,05,00038
3015520,1,2011,07,17,01,27,05,00036
3015520,1,2011,07,17,09,56,10,00062
3015520,1,2011,07,17,21,19,06,00044
3015520,1,2011,07,22,10,36,11,00095
3015520,1,2011,07,22,11,01,10,00085
3015520,1,2011,07,23,13,35,09,00034
3015520,1,2011,07,23,23,22,09,00093
3015520,2,2011,07,25,03,52,24,00216
3015520,1,2011,07,25,04,16,11,00080
3015520,2,2011,07,25,20,55,16,00036
3015520,2,2011,07,26,05,35,16,00193
3015520,1,2011,07,26,20,44,10,00092
3015520,2,2011,07,26,22,35,15,00165
3015520,1,2011,07,27,04,07,06,00046
3015520,1,2011,07,28,05,23,12,00072
3015520,2,2011,07,29,07,12,15,00103
3015520,1,2011,07,29,10,59,09,00044
3015520,1,2011,07,29,19,59,10,00072
3015520,1,2011,07,29,23,54,12,00021
3015520,1,2011,07,30,02,07,05,00037
3015520,1,2011,07,30,08,26,08,00047
3015520,1,2011,07,30,13,07,09,00045
3015520,4,2011,07,31,03,54,37,00985
3015520,1,2011,08,01,23,59,11,00020
3015520,1,2011,08,02,12,37,09,00049
3015520,1,2011,08,03,04,26,11,00062
3015520,1,2011,08,03,08,33,09,00073
3015520,2,2011,08,05,02,45,20,00229
3015520,1,2011,08,05,20,16,08,00043
3015520,2,2011,08,06,16,15,17,00080
3015520,1,2011,08,06,21,38,07,00060
3015520,1,2011,08,07,12,34,13,00112
3015520,1,2011,08,09,12,55,07,00054
3015520,1,2011,08,10,04,35,09,00042
3015520,1,2011,08,10,15,17,08,00060
3015520,1,2011,08,11,10,26,13,00084
3015520,1,2011,08,11,22,32,05,00028
3015520,3,2011,08,12,03,22,30,00482
3015520,2,2011,08,15,15,26,17,00142
3015520,2,2011,08,15,16,18,16,00093
3015520,1,2011,08,16,19,16,12,00062
3015520,2,2011,08,17,09,23,16,00108
3015520,1,2011,08,17,10,51,10,00085
3015520,1,2011,08,17,16,56,06,00025
3015520,1,2011,08,17,17,46,06,00024
3015520,1,2011,08,17,20,45,08,00043
3015520,1,2011,08,18,01,32,10,00063
3015520,2,2011,08,19,00,39,16,00179
3015520,1,2011,08,19,04,54,14,00109
3015520,1,2011,08,19,10,42,07,00054
3015520,3,2011,08,19,14,37,25,00305
3015520,2,2011,08,21,13,47,19,00262
3015520,1,2011,08,22,07,06,06,00039
3015520,1,2011,08,22,11,21,10,00048
3015520,2,2011,08,22,17,36,20,00162
3015520,2,2011,08,22,20,24,15,00064
3015520,1,2011,08,22,21,22,07,00045
3015520,1,2011,08,23,00,26,05,00043
3015520,1,2011,08,23,07,05,08,00057
3015520,2,2011,08,23,11,14,20,00258
3015520,1,2011,08,23,17,27,05,00039
3015520,1,2011,08,25,17,39,09,00068
3015520,1,2011,08,25,21,03,12,00085
3015520,1,2011,08,26,21,26,09,00114
3015520,1,2011,08,27,11,35,09,00049
3015520,1,2011,08,27,14,05,12,00084
3015520,1,2011,08,30,03,22,11,00061
3015520,2,2011,08,31,02,20,15,00120
3015520,1,2011,08,31,18,33,11,00049
3015520,1,2011,08,31,21,43,05,00036
3015520,1,2011,09,01,11,51,07,00034
3015520,1,2011,09,02,07,39,05,00038
3015520,1,2011,09,03,21,41,07,00048
3015520,1,2011,09,04,05,53,13,00055
3015520,1,2011,09,04,14,25,05,00035
3015520,1,2011,09,05,17,04,11,00081
3015520,1,2011,09,05,21,04,06,00034
3015520,1,2011,09,07,02,55,06,00032
3015520,2,2011,09,08,17,22,16,00213
3015520,1,2011,09,08,22,39,08,00044
3015520,3,2011,09,10,15,00,28,00378
3015520,2,2011,09,11,03,35,16,00207
3015520,2,2011,09,11,19,09,15,00096
3015520,2,2011,09,13,02,42,16,00134
3015520,3,2011,09,15,17,00,25,00180
3015520,1,2011,09,16,14,27,11,00042
3015520,1,2011,09,17,18,05,07,00059
3015520,1,2011,09,19,03,33,07,00042
3015520,2,2011,09,19,18,36,15,00172
3015520,1,2011,09,19,18,38,07,00067
3015520,1,2011,09,20,15,13,05,00036
3015520,1,2011,09,20,23,59,09,00051
3015520,3,2011,09,21,22,31,28,00487
3015520,1,2011,09,22,09,50,05,00032
3015520,1,2011,09,22,19,43,11,00068
3015520,1,2011,09,23,05,00,13,00086
3015520,2,2011,09,23,17,16,16,00116
3015520,1,2011,09,24,20,17,09,00068
3015520,1,2011,09,25,15,09,07,00066
3015520,1,2011,09,28,20,26,06,00054
3015520,2,2011,09,29,19,05,17,00143
3015520,2,2011,10,01,02,20,15,00096
3015520,1,2011,10,02,03,28,05,00056
3015520,1,2011,10,03,06,49,12,00075
3015520,1,2011,10,04,20,58,10,00048
3015520,1,2011,10,04,22,00,06,00034
3015520,1,2011,10,05,03,52,05,00039
3015520,2,2011,10,09,01,08,19,00164
3015520,1,2011,10,10,06,58,06,00042
3015520,2,2011,10,10,11,46,22,00177
3015520,1,2011,10,14,18,27,09,00056
3015520,1,2011,10,19,16,05,10,00050
3015520,1,2011,10,19,22,46,09,00057
3015520,1,2011,10,20,06,22,10,00059
3015520,1,2011,10,20,07,21,07,00056
3015520,1,2011,10,26,02,09,14,00106
3015520,1,2011,10,26,13,19,07,00049
3015520,1,2011,10,29,02,12,12,00089
3015520,1,2011,10,29,05,02,07,00054
3015520,1,2011,10,31,10,31,06,00031
3015520,3,2011,11,03,19,34,29,00376
3015520,2,2011,11,04,11,59,18,00115
3015520,1,2011,11,04,23,56,10,00062
3015520,1,2011,11,05,18,57,05,00043
3015520,1,2011,11,09,14,24,08,00054
3015520,1,2011,11,16,04,56,05,00044
3015520,1,2011,11,17,18,43,09,00034
3015520,1,2011,11,18,23,41,12,00105
3015520,1,2011,11,20,04,27,14,00052
3015520,2,2011,11,20,10,23,21,00212
3015520,1,2011,11,20,10,26,05,00030
3015520,1,2011,11,23,14,33,13,00097
3015520,2,2011,11,24,04,25,20,00182
3015520,1,2011,11,24,10,16,06,00059
3015520,1,2011,11,24,21,06,05,00047
3015520,1,2011,11,27,11,26,08,00046
3015520,1,2011,11,27,13,06,06,00050
3015520,2,2011,11,28,23,33,16,00154
3015520,1,2011,12,01,09,59,06,00042
3015520,1,2011,12,02,17,16,11,00071
3015520,2,2011,12,03,05,55,23,00143
3015520,1,2011,12,03,06,03,06,00038
3015520,1,2011,12,05,10,01,07,00027
3015520,1,2011,12,07,11,46,08,00059
3015520,1,2011,12,08,07,11,11,00072
3015520,1,2011,12,10,00,23,05,00036
3015520,1,2011,12,10,13,19,07,00044
3015520,2,2011,12,11,20,16,18,00173
3015520,1,2011,12,12,04,51,14,00099
3015520,3,2011,12,12,14,13,25,00376
3015520,1,2011,12,13,23,23,05,00035
3015520,1,2011,12,15,07,45,13,00089
3015520,1,2011,12,16,15,12,11,00068
3015520,1,2011,12,17,22,51,11,00095
3015520,1,2011,12,18,18,02,11,00038
3015520,1,2011,12,19,16,02,11,00056
3015520,1,2011,12,20,02,23,05,00032
3015520,1,2011,12,20,02,25,11,00061
3015520,2,2011,12,22,05,11,16,00112
3015520,1,2011,12,22,17,41,05,00033
3015520,1,2011,12,23,23,44,14,00142
3015520,1,2011,12,25,12,37,07,00050
3015520,1,2011,12,26,02,41,10,00064
3015520,1,2011,12,31,08,11,09,00059
3015520,3,2012,01,01,14,29,28,00245
3015520,1,2012,01,01,16,33,09,00061
3015520,1,2012,01,03,03,29,12,00045
3015520,1,2012,01,06,05,55,12,00066
3015520,1,2012,01,06,08,06,07,00042
3015520,1,2012,01,07,19,43,08,00048
3015520,1,2012,01,08,08,52,06,00047
3015520,1,2012,01,08,23,14,05,00037
3015520,1,2012,01,09,17,50,05,00034
3015520,1,2012,01,11,21,47,06,00044
3015520,2,2012,01,12,10,40,16,00132
3015520,2,2012,01,12,12,21,21,00193
3015520,1,2012,01,14,21,52,08,00079
3015520,1,2012,01,16,15,29,05,00029
3015520,2,2012,01,17,12,30,20,00188
3015520,1,2012,01,18,03,08,10,00066
3015520,1,2012,01,18,10,25,11,00063
3015520,1,2012,01,19,20,50,06,00045
3015520,1,2012,01,19,21,23,06,00035
3015520,1,2012,01,19,22,10,13,00096
3015520,1,2012,01,22,10,20,13,00129
3015520,1,2012,01,22,12,09,07,00024
3015520,2,2012,01,23,20,46,20,00186
3015520,1,2012,01,26,05,44,06,00030
3015520,3,2012,01,27,13,19,26,00448
3015520,2,2012,01,27,14,27,17,00110
3015520,2,2012,01,28,07,43,15,00071
3015520,1,2012,01,28,14,21,10,00052
3015520,1,2012,01,29,16,47,07,00030
3015520,1,2012,02,02,02,02,08,00081
3015520,1,2012,02,04,19,22,08,00051
3015520,2,2012,02,05,08,59,15,00136
3015520,1,2012,02,06,07,06,08,00027
3015520,1,2012,02,07,04,19,07,00046
3015520,1,2012,02,07,22,38,12,00062
3015520,1,2012,02,08,06,41,07,00046
3015520,2,2012,02,11,10,27,21,00223
3015520,1,2012,02,12,00,58,06,00050
3015520,1,2012,02,14,12,28,13,00061
3015520,2,2012,02,14,15,22,19,00117
3015520,1,2012,02,14,20,15,06,00047
3015520,1,2012,02,14,21,41,06,00038
3015520,1,2012,02,15,04,15,13,00075
3015520,1,2012,02,15,15,29,05,00025
3015520,2,2012,02,16,02,32,19,00145
3015520,1,2012,02,18,14,13,05,00031
3015520,2,2012,02,18,23,20,18,00100
3015520,3,2012,02,19,14,55,28,00478
3015520,1,2012,02,19,22,12,05,00042
3015520,2,2012,02,21,09,34,17,00209
3015520,1,2012,02,22,22,10,06,00038
3015520,1,2012,02,24,11,45,05,00045
3015520,1,2012,02,24,13,10,13,00083
3015520,2,2012,02,28,14,21,19,00126
3015520,2,2012,02,29,18,00,17,00088
3015520,2,2012,02,29,23,33,19,00092
3015520,3,2012,03,01,07,32,31,00705
3015520,1,2012,03,01,12,25,05,00034
3015520,1,2012,03,05,23,15,11,00125
3015520,1,2012,03,07,06,58,07,00037
3015520,2,2012,03,08,03,51,20,00200
3015520,2,2012,03,10,02,25,21,00224
3015520,1,2012,03,14,18,11,13,00067
3015520,4,2012,03,14,21,05,40,01468
3015520,1,2012,03,14,21,27,07,00053
3015520,2,2012,03,14,22,30,16,00127
3015520,1,2012,03,14,22,52,06,00049
3015520,1,2012,03,15,00,23,05,00052
3015520,1,2012,03,15,01,52,09,00052
3015520,1,2012,03,15,06,39,07,00025
3015520,2,2012,03,16,04,20,20,00129
3015520,1,2012,03,16,09,15,09,00054
3015520,1,2012,03,17,08,18,11,00056
3015520,1,2012,03,17,14,12,07,00054
3015520,1,2012,03,17,18,11,06,00048
3015520,1,2012,03,17,20,25,10,00068
3015520,2,2012,03,18,06,42,18,00143
3015520,2,2012,03,18,22,16,18,00114
3015520,1,2012,03,19,16,54,05,00047
3015520,1,2012,03,21,05,43,08,00055
3015520,1,2012,03,23,22,56,14,00104
3015520,1,2012,03,24,14,14,07,00079
3015520,1,2012,03,24,14,56,05,00052
3015520,1,2012,03,25,22,23,11,00055
3015520,2,2012,03,27,19,22,15,00091
3015520,1,2012,03,30,13,39,11,00068
3015520,3,2012,04,01,23,04,25,00322
3015520,1,2012,04,02,15,22,05,00041
3015520,1,2012,04,04,21,12,06,00035
3015520,1,2012,04,05,23,23,07,00053
3015520,1,2012,04,07,17,31,09,00061
3015520,1,2012,04,09,17,25,06,00042
3015520,2,2012,04,12,20,20,20,00143
3015520,1,2012,04,12,23,51,14,00060
3015520,2,2012,04,13,19,10,22,00217
3015520,1,2012,04,13,21,12,07,00042
3015520,1,2012,04,13,21,30,06,00047
3015520,1,2012,04,14,11,10,07,00060
3015520,1,2012,04,14,17,46,08,00049
3015520,1,2012,04,17,01,21,07,00079
3015520,1,2012,04,18,07,13,14,00134
3015520,1,2012,04,19,12,34,13,00056
3015520,1,2012,04,22,07,01,06,00051
3015520,1,2012,04,24,10,13,06,00041
3015520,3,2012,04,25,05,22,26,00281
3015520,1,2012,04,25,13,08,06,00045
3015520,1,2012,04,26,05,46,06,00038
3015520,3,2012,04,29,19,29,28,00349
3015520,1,2012,04,29,21,17,11,00061
3015520,1,2012,05,01,04,54,11,00069
3015520,1,2012,05,02,01,14,07,00055
3015520,1,2012,05,04,11,54,11,00051
3015520,1,2012,05,04,12,02,05,00026
3015520,1,2012,05,08,04,00,05,00032
3015520,2,2012,05,10,18,44,15,00093
3015520,1,2012,05,16,01,01,05,00028
3015520,3,2012,05,18,17,19,29,00543
3015520,1,2012,05,18,20,21,10,00054
3015520,1,2012,05,20,22,01,08,00073
3015520,1,2012,05,24,10,09,10,00061
3015520,1,2012,05,26,17,36,06,00046
3015520,1,2012,05,26,21,35,10,00073
3015520,3,2012,05,29,01,36,25,00253
3015520,1,2012,05,31,14,50,11,00056
3015520,3,2012,06,01,17,48,26,00351
3015520,1,2012,06,04,18,34,07,00061
3015520,1,2012,06,05,19,32,10,00055
3015520,2,2012,06,06,04,32,16,00033
3015520,1,2012,06,07,10,00,12,00098
3015520,1,2012,06,08,13,54,06,00070
3015520,1,2012,06,08,23,13,09,00097
3015520,1,2012,06,09,10,23,10,00087
3015520,1,2012,06,09,19,20,11,00069
3015520,1,2012,06,10,13,22,12,00090
3015520,1,2012,06,12,16,40,05,00055
3015520,1,2012,06,13,18,49,06,00029
3015520,1,2012,06,15,14,10,08,00047
3015520,1,2012,06,16,01,34,05,00031
3015520,2,2012,06,17,16,13,22,00257
3015520,1,2012,06,18,05,33,11,00038
3015520,1,2012,06,19,09,21,11,00059
3015520,1,2012,06,19,13,04,12,00064
3015520,1,2012,06,21,01,47,13,00086
3015520,1,2012,06,28,13,55,06,00029
3015520,2,2012,06,28,14,52,19,00164
3015520,2,2012,06,28,15,17,19,00255
3015520,1,2012,06,29,07,01,09,00050
3015520,1,2012,06,29,16,02,14,00114
3015520,1,2012,06,30,06,05,05,00043
3015520,1,2012,06,30,15,34,05,00037
3015520,1,2012,07,01,03,12,09,00080
3015520,1,2012,07,03,11,31,13,00046
3015520,1,2012,07,06,02,05,05,00030
3015520,1,2012,07,08,12,09,11,00120
3015520,2,2012,07,11,19,54,19,00143
3015520,2,2012,07,12,13,54,18,00197
3015520,2,2012,07,16,04,31,21,00250
3015520,1,2012,07,20,05,08,05,00032
3015520,2,2012,07,26,19,30,18,00179
3015520,1,2012,07,27,23,40,10,00092
3015520,1,2012,07,31,06,16,05,00030
3015520,2,2012,08,03,22,19,20,00267
3015520,1,2012,08,06,00,50,06,00037
3015520,1,2012,08,06,11,34,06,00035
3015520,1,2012,08,07,06,12,07,00044
3015520,1,2012,08,14,17,21,06,00043
3015520,1,2012,08,17,20,38,12,00071
3015520,2,2012,08,20,20,42,22,00119
3015520,1,2012,08,20,21,02,10,00082
3015520,1,2012,08,21,01,43,09,00072
3015520,2,2012,08,26,03,37,20,00253
3015520,1,2012,08,28,22,55,08,00026
3015520,1,2012,08,30,04,06,09,00045
3015520,2,2012,08,30,04,17,21,00389
3015520,1,2012,09,02,13,34,13,00106
3015520,1,2012,09,13,00,38,11,00082
3015520,3,2012,09,14,02,22,32,00825
3015520,1,2012,09,14,02,45,09,00092
3015520,1,2012,09,16,01,09,09,00047
3015520,1,2012,09,19,04,11,07,00075
3015520,1,2012,09,25,01,13,07,00071
3015520,1,2012,09,25,11,56,08,00049
3015520,1,2012,09,28,14,47,06,00048
3015520,1,2012,09,30,22,40,05,00040
3015520,1,2012,10,01,14,18,11,00070
3015520,1,2012,10,02,03,41,14,00044
3015520,1,2012,10,02,06,27,12,00077
3015520,2,2012,10,02,10,10,16,00147
3015520,1,2012,10,06,13,23,07,00037
3015520,1,2012,10,07,08,43,06,00046
3015520,1,2012,10,08,20,04,11,00089
3015520,1,2012,10,09,05,55,14,00078
3015520,1,2012,10,11,16,06,07,00048
3015520,3,2012,10,12,13,57,33,00925
3015520,1,2012,10,12,23,36,07,00049
3015520,1,2012,10,13,23,02,10,00109
3015520,1,2012,10,17,09,44,05,00055
3015520,1,2012,10,19,13,11,06,00048
3015520,1,2012,10,19,20,59,11,00057
3015520,2,2012,10,24,16,05,21,00366
3015520,1,2012,10,24,16,56,07,00060
3015520,1,2012,10,25,19,33,13,00058
3015520,1,2012,10,28,18,44,12,00095
3015520,1,2012,10,30,19,14,06,00043
3015520,2,2012,10,31,15,50,19,00371
3015520,1,2012,11,01,16,53,10,00074
3015520,1,2012,11,03,07,35,12,00067
3015520,1,2012,11,05,05,50,13,00130
3015520,1,2012,11,06,06,59,09,00055
3015520,1,2012,11,07,00,01,10,00059
3015520,1,2012,11,07,00,04,10,00061
3015520,1,2012,11,08,08,55,09,00055
3015520,2,2012,11,09,12,52,16,00091
3015520,1,2012,11,15,02,19,06,00029
3015520,2,2012,11,16,17,26,15,00070
3015520,1,2012,11,24,00,51,14,00128
3015520,2,2012,11,24,17,59,22,00215
3015520,1,2012,12,03,13,57,07,00048
3015520,2,2012,12,06,19,17,19,00202
3015520,2,2012,12,07,05,32,15,00088
3015520,4,2012,12,07,17,20,35,00800
3015520,1,2012,12,07,17,32,11,00054
3015520,1,2012,12,07,18,02,12,00066
3015520,1,2012,12,12,09,20,08,00048
3015520,1,2012,12,13,20,56,10,00051
3015520,1,2012,12,15,13,27,14,00087
3015520,2,2012,12,15,14,46,17,00127
3015520,1,2012,12,19,05,31,08,00043
3015520,1,2012,12,20,05,16,13,00063
3015520,1,2012,12,27,06,17,08,00052
3015520,1,2012,12,28,16,30,09,00062
3015520,1,2012,12,29,16,20,14,00089
3015520,1,2012,12,30,08,05,10,00060
3015520,1,2013,01,02,15,16,09,00054
3015520,1,2013,01,04,13,43,10,00063
3015520,1,2013,01,04,22,53,08,00041
3015520,1,2013,01,07,14,55,06,00038
3015520,1,2013,01,08,13,47,05,00050
3015520,1,2013,01,10,21,49,08,00045
3015520,1,2013,01,14,15,54,11,00062
3015520,1,2013,01,17,12,46,08,00084
3015520,1,2013,01,21,23,19,09,00048
3015520,3,2013,01,22,04,47,30,00696
3015520,1,2013,01,24,03,29,06,00050
3015520,1,2013,01,26,09,15,05,00029
3015520,3,2013,01,28,03,42,29,00617
3015520,1,2013,01,31,19,57,06,00044
3015520,1,2013,01,31,23,54,13,00075
3015520,1,2013,02,01,01,04,13,00121
3015520,2,2013,02,01,23,07,15,00089
3015520,1,2013,02,02,05,53,08,00058
3015520,1,2013,02,02,12,42,06,00045
3015520,2,2013,02,02,23,20,17,00086
3015520,1,2013,02,06,14,04,12,00146
3015520,1,2013,02,06,18,31,11,00064
3015520,2,2013,02,09,13,43,17,00103
3015520,1,2013,02,13,10,33,13,00115
3015520,1,2013,02,13,21,41,10,00058
3015520,1,2013,02,18,21,26,05,00031
3015520,2,2013,02,19,21,27,17,00046
3015520,1,2013,02,24,13,39,05,00039
3015520,1,2013,02,24,13,55,07,00045
3015520,2,2013,02,25,16,24,15,00090
3015520,1,2013,03,03,20,14,12,00066
3015520,1,2013,03,03,20,24,06,00034
3015520,2,2013,03,11,17,10,16,00108
3015520,1,2013,03,14,05,03,12,00055
3015520,2,2013,03,18,06,53,21,00263
3015520,3,2013,03,21,14,34,25,00370
3015520,2,2013,03,26,20,48,23,00286
3015520,2,2013,03,26,20,55,23,00346
3015520,1,2013,03,29,00,48,11,00058
3015520,1,2013,03,31,12,30,05,00043
3015520,3,2013,04,04,13,42,26,00370
3015520,2,2013,04,06,05,01,16,00091
3015520,1,2013,04,07,23,09,08,00032
3015520,1,2013,04,12,08,45,08,00046
3015520,2,2013,04,14,10,22,15,00083
3015520,2,2013,04,14,22,25,19,00129
3015520,1,2013,04,17,21,04,12,00050
3015520,1,2013,04,19,12,11,08,00029
3015520,2,2013,04,19,23,11,20,00168
3015520,1,2013,04,22,10,24,10,00058
3015520,2,2013,04,29,22,01,23,00202
3015520,1,2013,04,30,22,09,12,00079
3015520,1,2013,05,02,05,44,10,00099
3015520,1,2013,05,02,22,05,06,00042
3015520,1,2013,05,08,20,18,08,00040
3015520,1,2013,05,13,22,59,05,00035
3015520,1,2013,05,15,01,41,05,00045
3015520,1,2013,05,15,06,21,10,00080
3015520,1,2013,05,15,18,35,07,00047
3015520,1,2013,05,16,16,13,06,00041
3015520,2,2013,05,18,14,48,19,00121
3015520,1,2013,05,24,17,34,06,00027
3015520,1,2013,05,25,11,12,05,00035
3015520,2,2013,06,03,14,56,15,00171
3015520,1,2013,06,04,17,34,08,00053
3015520,2,2013,06,06,12,29,20,00167
3015520,1,2013,06,06,13,26,12,00041
3015520,1,2013,06,13,12,19,13,00088
3015520,1,2013,06,15,01,04,09,00050
3015520,1,2013,06,21,04,28,09,00074
3015520,1,2013,07,05,03,57,12,00097
3015520,3,2013,07,06,07,00,26,00412
3015520,2,2013,07,07,10,51,17,00124
3015520,1,2013,07,16,10,44,06,00045
3015520,1,2013,07,17,22,56,06,00030
3015520,1,2013,07,20,01,40,13,00062
3015520,1,2013,07,20,15,06,13,00042
3015520,1,2013,07,20,19,28,07,00059
3015520,2,2013,07,21,16,03,15,00095
3015520,1,2013,07,21,18,53,06,00018
3015520,1,2013,07,23,12,02,11,00057
3015520,1,2013,07,30,01,06,10,00089
3015520,1,2013,07,30,21,39,06,00056
3015520,2,2013,08,04,12,29,16,00100
3015520,1,2013,08,04,14,51,06,00055
3015520,1,2013,08,07,06,30,08,00047
3015520,2,2013,08,10,07,56,15,00111
3015520,1,2013,08,12,22,00,06,00040
3015520,1,2013,08,15,07,54,09,00060
3015520,1,2013,08,16,04,03,06,00027
3015520,1,2013,08,20,23,12,08,00061
3015520,1,2013,08,22,01,14,06,00044
3015520,1,2013,08,28,06,41,14,00097
3015520,2,2013,09,04,09,21,23,00095
3015520,1,2013,09,07,23,38,07,00051
3015520,1,2013,09,09,09,04,11,00077
3015520,1,2013,09,09,15,07,08,00066
3015520,2,2013,09,13,04,49,16,00114
3015520,1,2013,09,13,08,26,10,00067
3015520,1,2013,09,14,17,44,06,00020
3015520,3,2013,09,20,02,25,29,00463
3015520,2,2013,09,30,22,37,17,00166
3015520,1,2013,10,03,16,41,06,00043
3015520,1,2013,10,10,01,39,07,00055
3015520,2,2013,10,12,02,43,23,00257
3015520,1,2013,10,14,08,46,05,00043
3015520,2,2013,10,20,10,07,23,00318
3015520,1,2013,10,22,10,19,08,00043
3015520,3,2013,10,26,02,12,26,00318
3015520,1,2013,10,28,03,14,05,00028
3015520,1,2013,10,30,12,22,08,00046
3015520,3,2013,11,03,14,25,29,00471
3015520,1,2013,11,04,07,57,05,00060
3015520,1,2013,11,04,16,13,07,00056
3015520,1,2013,11,09,17,58,09,00049
3015520,4,2013,11,10,07,38,37,01202
3015520,1,2013,11,12,14,05,09,00064
3015520,2,2013,11,13,19,11,16,00191
3015520,1,2013,11,14,16,55,05,00051
3015520,3,2013,11,16,20,44,25,00264
3015520,1,2013,11,16,20,46,08,00040
3015520,1,2013,11,17,00,46,06,00035
3015520,1,2013,11,17,02,00,08,00038
3015520,1,2013,11,19,04,11,08,00071
3015520,1,2013,11,19,14,10,05,00041
3015520,1,2013,11,21,16,23,06,00054
3015520,2,2013,11,29,01,15,19,00156
3015520,1,2013,12,02,07,15,05,00045
3015520,1,2013,12,03,06,26,14,00087
3015520,2,2013,12,03,15,58,19,00300
3015520,1,2013,12,03,18,17,13,00050
3015520,1,2013,12,05,03,44,05,00035
3015520,1,2013,12,07,23,48,05,00050
3015520,1,2013,12,08,04,00,06,00067
3015520,1,2013,12,08,11,12,05,00039
3015520,3,2013,12,14,13,06,25,00212
3015520,1,2013,12,16,00,54,12,00094
3015520,1,2013,12,16,04,34,08,00073
3015520,3,2013,12,21,01,10,28,00462
3015520,2,2013,12,21,10,34,22,00147
3015520,1,2013,12,27,10,32,13,00095
3015520,2,2013,12,31,10,03,22,00202
3015520,1,2014,01,01,23,39,08,00050
3015520,1,2014,01,02,22,11,14,00072
3015520,1,2014,01,03,10,50,07,00054
3015520,2,2014,01,09,03,57,17,00156
3015520,1,2014,01,14,19,50,05,00038
3015520,1,2014,01,17,18,38,05,00037
3015520,1,2014,01,17,18,53,13,00071
3015520,2,2014,01,18,14,32,17,00156
3015520,1,2014,01,24,01,11,06,00062
3015520,1,2014,01,28,17,35,05,00037
3015520,1,2014,02,08,02,19,08,00039
3015520,1,2014,02,08,11,35,05,00030
3015520,1,2014,02,11,04,15,10,00033
3015520,1,2014,02,13,20,15,09,00057
3015520,1,2014,02,14,19,04,10,00080
3015520,1,2014,02,18,09,30,07,00042
3015520,1,2014,02,18,21,03,13,00120
3015520,1,2014,02,19,00,29,05,00044
3015520,1,2014,02,20,00,42,09,00062
3015520,2,2014,02,22,07,31,16,00103
3015520,1,2014,02,25,19,55,09,00068
3015520,1,2014,03,01,05,22,06,00044
3015520,1,2014,03,06,14,53,10,00074
3015520,1,2014,03,08,03,34,10,00046
3015520,2,2014,03,12,05,04,17,00131
3015520,1,2014,03,16,09,05,06,00039
3015520,2,2014,03,22,03,34,17,00134
3015520,1,2014,03,29,10,54,10,00042
3015520,1,2014,03,30,04,28,06,00052
3015520,1,2014,03,30,12,23,07,00033
3015520,1,2014,04,03,08,24,07,00024
3015520,1,2014,04,10,13,17,11,00072
3015520,1,2014,04,10,13,19,11,00067
3015520,1,2014,04,11,12,45,06,00047
3015520,1,2014,04,13,18,16,13,00069
3015520,1,2014,04,16,03,36,11,00069
3015520,1,2014,04,17,03,18,10,00038
3015520,2,2014,04,18,07,53,22,00343
3015520,1,2014,04,22,06,23,14,00073
3015520,1,2014,04,24,11,55,08,00040
3015520,2,2014,04,25,08,43,15,00121
3015520,2,2014,04,26,04,15,18,00172
3015520,1,2014,04,27,15,32,06,00066
3015520,1,2014,05,05,05,02,13,00122
3015520,3,2014,05,05,05,18,25,00224
3015520,2,2014,05,13,08,35,20,00142
3015520,2,2014,05,13,10,33,21,00277
3015520,1,2014,06,04,02,22,11,00079
3015520,2,2014,06,07,00,12,15,00141
3015520,1,2014,06,09,06,11,06,00042
3015520,1,2014,06,10,02,17,05,00050
3015520,1,2014,06,13,14,20,05,00050
3015520,1,2014,06,15,02,33,05,00022
3015520,1,2014,06,16,03,19,13,00064
3015520,2,2014,06,16,05,15,20,00195
3015520,1,2014,06,17,02,43,09,00038
3015520,1,2014,06,20,01,44,06,00033
3015520,1,2014,06,28,16,12,12,00073
3015520,1,2014,07,03,07,30,09,00043
3015520,1,2014,07,03,07,58,12,00118
3015520,2,2014,07,07,02,48,15,00137
3015520,1,2014,07,08,07,58,09,00052
3015520,1,2014,07,09,11,31,05,00036
3015520,2,2014,07,10,17,59,15,00119
3015520,3,2014,07,12,04,23,26,00102
3015520,1,2014,07,13,04,00,05,00048
3015520,1,2014,07,16,17,25,08,00043
3015520,1,2014,07,16,18,27,05,00043
3015520,1,2014,07,18,02,31,08,00089
3015520,2,2014,07,19,10,43,15,00136
3015520,2,2014,07,20,10,25,19,00175
3015520,1,2014,07,20,19,47,08,00062
3015520,1,2014,07,24,14,24,05,00034
3015520,1,2014,07,28,03,09,06,00026
3015520,1,2014,08,21,04,40,07,00029
3015520,1,2014,08,24,17,27,12,00068
3015520,2,2014,08,26,11,23,16,00123
3015520,1,2014,08,26,16,39,09,00066
3015520,1,2014,08,29,13,05,07,00056
3015520,1,2014,08,29,16,35,06,00025
3015520,2,2014,09,02,16,32,16,00129
3015520,1,2014,09,03,16,24,12,00070
3015520,1,2014,09,03,19,11,06,00023
3015520,1,2014,09,04,05,35,06,00036
3015520,1,2014,09,05,23,11,06,00056
3015520,1,2014,09,09,11,43,10,00071
3015520,3,2014,09,16,12,28,32,01069
3015520,2,2014,09,24,21,46,15,00106
3015520,2,2014,09,24,22,31,16,00100
3015520,1,2014,09,28,15,09,11,00102
3015520,1,2014,09,30,19,24,08,00059
3015520,1,2014,10,11,11,35,05,00052
3015520,1,2014,10,12,05,28,12,00076
3015520,1,2014,10,14,00,41,10,00063
3015520,2,2014,10,17,18,58,15,00089
3015520,2,2014,10,27,15,36,20,00187
3015520,1,2014,10,29,02,37,06,00044
3015520,1,2014,11,04,23,10,07,00043
3015520,2,2014,11,12,09,53,20,00184
3015520,1,2014,11,17,09,00,06,00045
3015520,1,2014,11,19,06,16,08,00061
3015520,2,2014,11,20,10,52,19,00125
3015520,1,2014,11,22,22,09,09,00014
3015520,1,2014,11,27,06,18,14,00096
3015520,1,2014,12,01,04,05,08,00062
3015520,1,2014,12,02,20,53,14,00112
3015520,1,2014,12,04,12,35,14,00090
3015520,1,2014,12,09,20,11,08,00067
3015520,1,2014,12,13,16,20,06,00040
3015520,1,2014,12,18,10,42,09,00063
3015520,2,2014,12,20,18,30,20,00112
3015520,1,2014,12,24,03,36,11,00110
3015520,1,2014,12,25,08,06,07,00031
3015520,2,2014,12,25,20,32,20,00302
3015520,1,2014,12,31,23,23,07,00054
3015520,1,2014,12,31,23,50,09,00055
3015520,1,2015,01,01,15,57,08,00050
3015520,1,2015,01,02,10,51,12,00113
3015520,1,2015,01,03,04,55,10,00102
3015520,1,2015,01,08,07,58,12,00093
3015520,1,2015,01,15,00,39,05,00043
3015520,1,2015,01,18,10,54,06,00032
3015520,1,2015,01,23,18,12,09,00071
3015520,4,2015,01,26,07,20,38,01612
3015520,3,2015,01,26,07,21,29,00569
3015520,1,2015,01,26,07,34,12,00149
3015520,3,2015,01,30,20,31,25,00464
3015520,1,2015,01,30,20,34,06,00058
3015520,2,2015,02,02,18,06,19,00165
3015520,1,2015,02,06,18,07,13,00137
3015520,1,2015,02,07,15,19,07,00054
3015520,1,2015,02,09,08,10,07,00074
3015520,1,2015,02,09,19,49,06,00044
3015520,1,2015,02,17,08,08,09,00016
3015520,1,2015,02,23,17,00,11,00045
3015520,2,2015,02,28,17,40,15,00084
3015520,1,2015,03,12,20,03,06,00027
3015520,1,2015,03,14,04,47,14,00178
3015520,1,2015,03,17,23,48,05,00044
3015520,1,2015,03,18,11,29,11,00101
3015520,1,2015,03,20,01,56,05,00040
3015520,1,2015,03,20,19,54,05,00028
3015520,2,2015,03,24,13,53,16,00129
3015520,1,2015,03,25,16,26,11,00082
3015520,1,2015,03,26,06,28,09,00061
3015520,1,2015,03,31,13,00,05,00053
3015520,1,2015,04,23,02,24,07,00052
3015520,1,2015,05,03,13,03,10,00046
3015520,2,2015,05,03,15,54,18,00222
3015520,2,2015,05,13,06,14,18,00069
3015520,2,2015,05,13,22,45,19,00243
3015520,1,2015,05,15,12,31,08,00049
3015520,1,2015,05,20,19,06,06,00043
3015520,1,2015,05,24,06,41,06,00056
3015520,4,2015,05,25,14,28,35,01072
3015520,1,2015,05,27,10,58,05,00043
3015520,2,2015,05,30,01,07,20,00295
3015520,3,2015,05,30,20,27,27,00129
3015520,2,2015,06,09,05,44,22,00249
3015520,1,2015,06,10,19,25,10,00072
3015520,1,2015,06,22,05,31,06,00036
3015520,1,2015,07,06,18,30,10,00091
3015520,1,2015,07,09,08,38,07,00046
3015520,2,2015,07,10,01,15,19,00201
3015520,1,2015,07,10,09,40,10,00093
3015520,1,2015,07,12,21,35,06,00071
3015520,1,2015,07,20,07,05,05,00051
3015520,1,2015,07,21,18,17,09,00049
3015520,1,2015,07,23,03,50,08,00042
3015520,1,2015,07,25,04,31,08,00033
3015520,1,2015,07,29,21,35,07,00052
3015520,1,2015,08,03,14,31,05,00031
3015520,1,2015,08,05,20,57,09,00053
3015520,1,2015,08,06,10,45,08,00038
3015520,3,2015,08,06,18,22,28,00595
3015520,1,2015,08,10,18,44,12,00102
3015520,1,2015,08,13,09,42,05,00048
3015520,2,2015,08,14,05,14,17,00127
3015520,1,2015,08,22,08,43,09,00086
3015520,2,2015,08,28,23,46,20,00212
3015520,1,2015,09,02,16,17,12,00102
3015520,1,2015,09,07,01,45,07,00042
3015520,1,2015,09,09,05,22,07,00044
3015520,3,2015,09,12,05,49,25,00320
3015520,1,2015,09,12,11,45,10,00064
3015520,3,2015,09,16,05,53,25,00528
3015520,1,2015,09,22,05,55,08,00063
3015520,1,2015,09,26,20,22,09,00063
3015520,1,2015,09,27,12,54,05,00037
3015520,1,2015,09,28,12,04,13,00179
3015520,1,2015,10,01,20,10,12,00080
3015520,1,2015,10,15,05,35,08,00057
3015520,3,2015,10,21,15,05,26,00492
3015520,1,2015,10,31,23,20,13,00051
3015520,2,2015,11,04,08,56,15,00132
3015520,2,2015,11,07,22,45,17,00113
3015520,1,2015,11,11,02,45,09,00066
3015520,1,2015,11,19,18,33,13,00080
3015520,2,2015,11,22,08,20,24,00238
3015520,1,2015,12,02,01,07,11,00093
3015520,1,2015,12,03,21,21,12,00080
3015520,1,2015,12,04,09,37,09,00067
3015520,2,2015,12,08,01,22,15,00082
3015520,1,2016,01,14,12,28,06,00020
3015520,2,2016,01,15,04,29,20,00269
3015520,2,2016,01,24,06,33,20,00203
3015520,1,2016,01,25,00,13,13,00067
3015520,1,2016,01,30,12,34,05,00039
3015520,1,2016,02,04,03,00,07,00039
3015520,1,2016,02,05,07,42,10,00052
3015520,1,2016,02,07,10,10,07,00053
3015520,3,2016,02,07,19,27,25,00490
3015520,1,2016,02,21,14,22,06,00047
3015520,1,2016,02,24,04,02,08,00053
3015520,1,2016,03,10,22,47,05,00031
3015520,1,2016,03,15,20,14,11,00066
3015520,2,2016,03,22,14,34,17,00142
3015520,1,2016,03,26,22,33,12,00151
3015520,2,2016,03,31,11,48,21,00277
3015520,1,2016,03,31,12,11,05,00072
3015520,1,2016,04,15,00,27,05,00032
3015520,1,2016,04,16,01,30,08,00013
3015520,1,2016,04,17,20,34,08,00052
3015520,1,2016,04,19,19,05,10,00054
3015520,1,2016,04,20,21,20,12,00056
3015520,1,2016,04,22,07,59,12,00098
3015520,4,2016,05,16,21,23,38,01745
3015520,1,2016,05,17,06,55,08,00070
3015520,1,2016,05,17,06,57,14,00120
3015520,1,2016,05,23,23,17,09,00067
3015520,1,2016,05,24,01,43,07,00035
3015520,1,2016,05,28,18,10,13,00135
3015520,1,2016,06,07,13,02,05,00048
3015520,3,2016,06,12,07,54,27,00463
3015520,1,2016,06,16,18,35,14,00179
3015520,1,2016,06,18,08,50,13,00104
3015520,1,2016,06,27,07,58,11,00028
3015520,1,2016,06,29,11,35,10,00090
3015520,1,2016,07,01,06,26,08,00077
3015520,1,2016,07,02,08,49,06,00046
3015520,1,2016,07,04,14,36,06,00082
3015520,2,2016,07,04,22,49,16,00154
3015520,1,2016,07,05,12,46,09,00036
3015520,1,2016,07,06,08,47,14,00102
3015520,2,2016,07,17,13,24,23,00437
3015520,2,2016,07,19,12,58,19,00112
3015520,1,2016,07,19,23,55,08,00092
3015520,3,2016,07,20,07,25,26,00391
3015520,1,2016,07,20,11,38,08,00108
3015520,3,2016,07,27,23,47,26,00380
3015520,2,2016,07,30,16,40,21,00236
3015520,1,2016,08,03,01,10,11,00076
3015520,1,2016,08,17,04,14,05,00047
3015520,2,2016,08,19,21,07,23,00189
3015520,1,2016,08,27,22,46,10,00089
3015520,1,2016,08,31,05,05,08,00027
3015520,1,2016,09,07,07,46,06,00058
3015520,3,2016,09,07,13,28,28,00576
3015520,2,2016,09,09,20,53,18,00135
3015520,1,2016,09,09,23,18,11,00077
3015520,2,2016,09,12,13,33,16,00159
3015520,1,2016,09,12,20,49,12,00080
3015520,1,2016,09,13,08,30,11,00074
3015520,2,2016,09,13,19,12,21,00213
3015520,2,2016,09,17,16,36,18,00150
3015520,1,2016,10,02,21,23,05,00036
3015520,1,2016,10,06,11,23,09,00074
3015520,1,2016,10,09,16,14,05,00058
3015520,1,2016,10,10,07,15,06,00048
3015520,1,2016,10,19,23,40,12,00113
3015520,3,2016,10,20,11,50,33,00761
3015520,1,2016,10,24,10,54,08,00042
3015520,1,2016,10,26,19,12,09,00052
3015520,1,2016,10,28,22,55,09,00073
3015520,1,2016,11,09,07,09,08,00054
3015520,1,2016,11,12,06,43,14,00071
3015520,2,2016,11,15,01,15,16,00082
3015520,1,2016,11,17,01,02,07,00030
3015520,3,2016,11,21,06,59,27,00361
3015520,1,2016,11,21,14,42,08,00072
3015520,3,2016,11,22,06,01,34,00227
3015520,1,2016,11,22,06,40,07,00023
3015520,1,2016,11,22,06,43,07,00028
3015520,1,2016,11,22,23,04,11,00050
3015520,2,2016,11,24,06,24,22,00153
3015520,1,2016,11,28,07,17,05,00043
3015520,1,2016,11,28,17,46,05,00036
3015520,1,2016,12,03,05,16,05,00037
3015520,1,2016,12,08,17,16,05,00028
3015520,1,2016,12,15,14,27,14,00156
3015520,1,2016,12,19,16,21,10,00087
3015520,1,2016,12,24,02,25,07,00025
3015520,2,2016,12,26,04,52,15,00090
3015520,1,2016,12,28,19,29,08,00083
3015520,3,2016,12,28,21,39,33,00792
3015520,1,2016,12,28,21,53,08,00038
3015520,1,2016,12,29,13,41,06,00044
3015520,1,2016,12,31,05,09,10,00055
3015520,1,2016,12,31,15,49,05,00035
3015520,3,2017,01,05,00,44,25,00299
3015520,2,2017,01,05,02,53,18,00097
3015520,1,2017,01,12,09,36,07,00062
3015520,2,2017,01,13,12,25,17,00146
3015520,2,2017,01,18,17,19,24,00387
3015520,1,2017,02,06,15,24,10,00075
3015520,1,2017,02,07,20,04,07,00044
3015520,1,2017,02,09,14,07,08,00082
3015520,1,2017,02,11,06,06,10,00053
3015520,3,2017,02,19,18,19,28,00313
3015520,2,2017,02,26,05,11,15,00137
3015520,1,2017,02,26,23,55,06,00040
3015520,2,2017,02,27,00,04,16,00140
3015520,1,2017,02,27,08,26,13,00088
3015520,2,2017,02,28,16,49,22,00195
3015520,1,2017,03,01,15,43,09,00055
3015520,1,2017,03,05,10,19,12,00060
3015520,1,2017,03,05,13,18,10,00065
3015520,1,2017,03,13,14,13,05,00036
3015520,1,2017,03,14,03,54,11,00081
3015520,1,2017,03,15,16,30,10,00068
3015520,1,2017,03,17,22,00,10,00053
3015520,1,2017,03,22,22,50,09,00056
3015520,2,2017,03,24,01,30,17,00199
3015520,1,2017,04,09,07,21,09,00036
3015520,1,2017,04,10,21,37,06,00056
3015520,2,2017,04,12,03,10,24,00294
3015520,1,2017,04,15,00,46,07,00046
3015520,1,2017,04,20,02,14,07,00049
3015520,1,2017,05,13,22,22,06,00053
3015520,1,2017,05,23,18,23,13,00088
3015520,1,2017,05,28,15,18,07,00030
3015520,1,2017,06,04,09,56,07,00044
3015520,1,2017,06,04,11,10,06,00038
3015520,2,2017,06,08,09,25,15,00067
3015520,1,2017,06,10,17,00,08,00041
3015520,1,2017,06,13,22,51,05,00039
3015520,1,2017,06,15,15,54,09,00085
3015520,1,2017,06,19,01,24,11,00075
3015520,1,2017,06,19,05,52,11,00053
3015520,1,2017,07,07,21,49,12,00073
3015520,2,2017,07,20,09,11,19,00125
3015520,2,2017,07,21,16,07,19,00161
3015520,1,2017,08,02,00,38,07,00050
3015520,3,2017,08,02,02,02,30,00559
3015520,3,2017,08,02,07,16,25,00421
3015520,2,2017,08,03,13,45,20,00395
3015520,1,2017,08,05,07,55,08,00053
3015520,2,2017,08,10,09,36,21,00197
3015520,1,2017,08,13,02,07,06,00044
3015520,1,2017,08,14,18,11,14,00073
3015520,1,2017,08,26,04,21,10,00092
3015520,1,2017,08,27,11,26,14,00104
3015520,1,2017,09,14,09,27,09,00045
3015520,1,2017,09,20,05,18,10,00047
3015520,1,2017,09,21,01,38,10,00067
3015520,1,2017,09,28,16,12,06,00034
3015520,1,2017,10,01,10,25,09,00052
3015520,1,2017,10,03,04,01,12,00077
3015520,1,2017,10,06,17,00,11,00063
3015520,3,2017,10,06,23,57,25,00251
3015520,1,2017,10,15,19,43,08,00088
3015520,1,2017,10,16,20,47,09,00067
3015520,2,2017,10,18,07,40,15,00181
3015520,1,2017,10,19,21,51,06,00054
3015520,1,2017,11,02,22,31,14,00092
3015520,2,2017,11,03,21,38,20,00227
3015520,2,2017,11,05,16,30,16,00192
3015520,1,2017,11,10,00,38,06,00045
3015520,1,2017,11,15,01,22,14,00206
3015520,1,2017,11,17,10,03,06,00030
3015520,1,2017,11,21,09,25,08,00073
3015520,1,2017,11,26,15,56,06,00040
3015520,1,2017,11,30,22,02,12,00121
3015520,2,2017,12,02,00,12,16,00151
3015520,1,2017,12,06,00,22,08,00054
3015520,1,2017,12,23,21,54,08,00088
3015520,1,2017,12,27,22,05,07,00034
3015520,2,2018,01,01,04,42,19,00188
3015520,1,2018,01,02,19,48,11,00058
3015520,1,2018,01,05,11,02,12,00065
3015520,2,2018,01,06,00,54,21,00202
3015520,1,2018,01,07,18,20,09,00059
3015520,1,2018,01,10,07,30,11,00034
3015520,1,2018,01,19,08,22,05,00044
3015520,1,2018,01,24,02,32,10,00092
3015520,1,2018,01,24,13,26,07,00057
3015520,1,2018,01,25,09,37,07,00062
3015520,1,2018,01,31,10,15,06,00037
3015520,1,2018,02,06,22,57,09,00073
3015520,1,2018,02,08,23,34,05,00037
3015520,1,2018,02,11,04,14,05,00037
3015520,1,2018,02,18,19,02,05,00050
3015520,1,2018,02,19,15,45,06,00055
3015520,2,2018,02,26,01,29,21,00110
3015520,2,2018,02,27,08,08,19,00196
3015520,1,2018,03,05,15,31,05,00031
3015520,1,2018,03,12,10,16,06,00039
3015520,2,2018,03,13,15,46,18,00139
3015520,1,2018,03,19,11,45,09,00021
3015520,2,2018,03,26,18,44,16,00239
3015520,3,2018,03,30,08,17,29,00510
3015520,2,2018,04,21,18,47,18,00101
3015520,1,2018,05,04,02,07,10,00052
3015520,1,2018,05,04,02,17,05,00033
3015520,1,2018,05,05,23,46,08,00073
3015520,1,2018,05,12,06,21,05,00051
3015520,2,2018,05,17,12,12,24,00205
3015520,1,2018,05,22,21,55,05,00035
3015520,1,2018,05,29,21,01,07,00065
3015520,1,2018,06,06,15,07,07,00037
3015520,1,2018,06,06,16,23,06,00055
3015520,2,2018,06,07,14,58,15,00111
3015520,1,2018,06,07,18,37,08,00089
3015520,1,2018,06,07,21,18,06,00034
3015520,1,2018,06,08,05,03,05,00037
3015520,1,2018,06,12,05,09,07,00022
3015520,1,2018,06,16,11,09,09,00045
3015520,2,2018,06,17,15,27,19,00192
3015520,1,2018,06,26,19,46,14,00081
3015520,3,2018,07,07,20,24,25,00161
3015520,3,2018,07,17,04,34,25,00317
3015520,2,2018,07,17,04,43,15,00126
3015520,1,2018,07,18,16,45,07,00032
3015520,1,2018,07,19,20,52,05,00042
3015520,1,2018,07,29,15,21,08,00074
3015520,1,2018,07,31,17,42,13,00071
3015520,1,2018,08,01,13,02,05,00044
3015520,1,2018,08,07,05,11,05,00028
3015520,1,2018,08,08,00,14,05,00028
3015520,1,2018,08,08,18,08,06,00045
3015520,1,2018,08,11,06,11,12,00100
3015520,1,2018,08,14,12,36,09,00038
3015520,1,2018,08,21,02,47,13,00152
3015520,1,2018,08,29,07,36,10,00079
3015520,1,2018,08,29,14,30,13,00105
3015520,2,2018,09,05,05,11,24,00287
3015520,1,2018,09,10,23,59,06,00023
3015520,1,2018,09,14,10,55,05,00031
3015520,2,2018,09,14,14,35,18,00174
3015520,1,2018,09,14,17,27,09,00060
3015520,2,2018,09,18,17,11,15,00089
3015520,1,2018,09,19,09,02,05,00033
3015520,2,2018,09,24,00,05,16,00148
3015520,2,2018,09,24,06,48,22,00402
3015520,1,2018,09,29,20,56,10,00077
3015520,1,2018,10,02,12,28,13,00089
3015520,2,2018,10,04,00,15,22,00253
3015520,1,2018,10,04,02,13,09,00053
3015520,2,2018,10,12,13,15,22,00164
3015520,1,2018,10,18,14,18,14,00053
3015520,1,2018,10,21,20,03,10,00050
3015520,1,2018,10,22,19,48,08,00044
3015520,1,2018,10,26,03,37,11,00056
3015520,1,2018,10,27,09,08,12,00054
3015520,1,2018,10,29,02,32,05,00033
3015520,1,2018,10,29,21,25,10,00056
3015520,1,2018,11,21,07,29,10,00064
3015520,2,2018,11,23,23,30,17,00127
3015520,2,2018,11,27,08,34,24,00388
3015520,1,2018,11,28,20,15,11,00075
3015520,1,2018,12,08,08,14,06,00029
3015520,2,2018,12,08,10,54,15,00093
3015520,2,2018,12,12,17,50,17,00150
3015520,1,2018,12,31,23,11,05,00032
3015520,1,2019,01,02,07,05,06,00027
3015520,1,2019,01,02,18,44,06,00108
3015520,3,2019,01,14,13,23,27,00485
3015520,3,2019,01,18,21,46,27,00247
3015520,1,2019,01,19,14,22,08,00089
3015520,1,2019,02,03,04,10,07,00026
3015520,1,2019,02,19,17,06,10,00099
3015520,1,2019,02,20,20,25,07,00061
3015520,1,2019,03,02,06,03,07,00048
3015520,1,2019,03,05,19,09,05,00064
3015520,1,2019,03,14,20,59,08,00035
3015520,1,2019,03,17,06,07,13,00130
3015520,1,2019,03,29,17,47,05,00040
3015520,1,2019,05,01,00,44,06,00056
3015520,1,2019,05,24,12,40,06,00035
3015520,2,2019,05,25,15,20,20,00116
3015520,1,2019,05,27,04,04,11,00063
3015520,1,2019,06,01,07,58,07,00025
3015520,1,2019,06,06,05,15,12,00100
3015520,2,2019,06,07,19,08,20,00254
3015520,2,2019,06,08,12,46,16,00176
3015520,1,2019,06,11,10,59,10,00050
3015520,3,2019,06,17,08,00,28,00581
3015520,1,2019,06,18,22,23,13,00026
3015520,1,2019,06,19,05,04,05,00045
3015520,2,2019,06,24,09,12,16,00106
3015520,1,2019,06,30,10,13,06,00035
3015520,1,2019,07,07,03,52,10,00045
3015520,1,2019,07,15,01,31,06,00028
3015520,1,2019,07,17,00,26,05,00037
3015520,1,2019,07,20,10,27,05,00032
3015520,1,2019,07,23,09,10,08,00035
3015520,1,2019,07,24,10,23,06,00066
3015520,1,2019,07,25,07,14,12,00054
3015520,2,2019,07,28,03,33,20,00115
3015520,2,2019,07,29,00,35,19,00217
3015520,1,2019,07,30,05,39,05,00018
3015520,3,2019,08,04,19,23,25,00209
3015520,1,2019,09,14,11,54,05,00026
3015520,1,2019,09,19,08,49,10,00068
3015520,2,2019,09,30,01,02,15,00133
3015520,1,2019,10,09,04,58,12,00064
3015520,1,2019,10,12,18,22,13,00040
3015520,1,2019,10,16,03,02,07,00063
3015520,1,2019,10,19,21,10,06,00062
3015520,1,2019,10,31,11,06,08,00051
3015520,1,2019,11,02,22,43,06,00038
3015520,1,2019,11,03,14,03,05,00035
3015520,1,2019,11,08,18,18,10,00059
3015520,1,2019,11,11,18,50,06,00052
3015520,1,2019,11,12,21,56,09,00068
3015520,1,2019,11,15,09,39,05,00043
3015520,1,2019,11,18,08,00,07,00048
3015520,1,2019,11,18,18,34,08,00081
3015520,2,2019,11,22,05,23,19,00286
3015520,2,2019,12,03,10,18,22,00266
3015520,3,2019,12,04,10,39,26,00355
3015520,2,2019,12,04,18,13,16,00160
3015520,2,2019,12,04,19,35,15,00105
3015520,1,2019,12,05,15,01,07,00046
3015520,1,2019,12,05,22,35,14,00085
3015520,1,2019,12,11,18,40,09,00045
3015520,1,2019,12,19,09,23,12,00064
