station,intensity,year,month,day,hour,minute,intensity_equip,acceleration_max_comb
3500550,2,2000,04,10,06,30,21,00138
3500550,1,2000,05,16,19,40,10,00043
3500550,3,2000,06,03,17,55,28,00148
3500550,1,2000,07,15,10,31,14,00026
3500550,2,2000,07,21,03,39,23,00080
3500550,2,2000,08,14,16,34,16,00070
3500550,2,2000,09,29,08,56,18,00051
3500550,1,2000,10,11,15,16,09,00033
3500550,2,2000,10,24,08,11,24,00167
3500550,1,2000,10,24,08,40,11,00033
3500550,1,2000,11,12,14,15,12,00073
3500550,2,2000,11,14,04,13,18,00077
3500550,1,2000,12,05,01,48,13,00023
3500550,1,2000,12,22,19,17,06,00011
3500550,1,2001,03,06,14,32,05,00021
3500550,1,2001,03,31,06,10,07,00017
3500550,1,2001,04,03,23,58,12,00024
3500550,1,2001,04,10,10,04,09,00036
3500550,1,2001,04,17,09,40,09,00016
3500550,1,2001,04,20,01,45,06,00033
3500550,1,2001,05,24,13,23,09,00025
3500550,1,2001,05,31,08,59,09,00030
3500550,1,2001,06,25,01,27,10,00063
3500550,1,2001,07,20,06,02,14,00061
3500550,1,2001,07,26,03,33,08,00026
3500550,1,2001,09,18,04,24,13,00106
3500550,1,2001,10,02,17,21,07,00016
3500550,1,2001,10,18,06,30,07,00019
3500550,2,2001,11,17,01,32,16,00056
3500550,1,2001,12,02,22,03,12,00032
3500550,1,2001,12,08,04,08,10,00024
3500550,1,2001,12,19,00,07,06,00017
3500550,1,2002,02,11,10,10,10,00018
3500550,2,2002,02,12,22,45,17,00071
3500550,1,2002,05,04,20,35,14,00035
3500550,2,2002,06,14,11,43,21,00083
3500550,2,2002,07,13,21,46,21,00079
3500550,1,2002,10,21,01,06,11,00022
3500550,1,2002,11,03,12,39,14,00026
3500550,1,2003,01,31,17,53,08,00028
3500550,2,2003,05,10,11,46,24,00152
3500550,3,2003,05,12,00,57,30,00186
3500550,2,2003,05,17,23,33,18,00045
3500550,3,2003,05,26,18,26,27,00139
3500550,1,2003,08,04,20,57,10,00072
3500550,3,2003,08,18,18,59,31,00266
3500550,3,2003,09,20,12,55,25,00121
3500550,3,2003,10,15,16,30,33,00356
3500550,2,2003,10,31,10,07,16,00028
3500550,2,2003,11,12,17,28,21,00084
3500550,2,2003,11,15,03,44,17,00054
3500550,2,2004,04,04,08,02,18,00056
3500550,2,2004,04,06,22,05,15,00051
3500550,1,2004,04,07,22,47,07,00016
3500550,1,2004,05,29,12,48,12,00019
3500550,2,2004,08,06,03,23,23,00150
3500550,1,2004,08,25,01,49,11,00098
3500550,1,2004,09,01,11,50,07,00024
3500550,2,2004,09,05,19,08,15,00024
3500550,2,2004,09,05,23,59,19,00043
3500550,1,2004,09,07,08,31,11,00015
3500550,4,2004,10,06,23,40,38,00448
3500550,1,2004,10,17,02,20,13,00027
3500550,1,2004,10,17,03,55,14,00029
3500550,3,2004,10,23,17,56,30,00224
3500550,1,2004,10,23,18,00,13,00026
3500550,2,2004,10,23,18,03,22,00078
3500550,2,2004,10,23,18,12,19,00081
3500550,3,2004,10,23,18,34,31,00163
3500550,1,2004,10,23,18,37,11,00023
3500550,1,2004,10,23,18,58,09,00019
3500550,1,2004,10,23,19,37,11,00027
3500550,1,2004,10,23,19,46,13,00025
3500550,2,2004,10,23,23,35,16,00051
3500550,1,2004,10,25,00,29,12,00034
3500550,2,2004,10,25,06,05,18,00045
3500550,2,2004,10,27,10,41,22,00073
3500550,2,2004,11,08,11,16,15,00030
3500550,1,2005,01,01,05,14,09,00028
3500550,2,2005,02,08,11,29,15,00047
3500550,3,2005,02,16,04,46,27,00221
3500550,1,2005,02,16,09,38,05,00031
3500550,1,2005,03,12,12,20,08,00042
3500550,1,2005,04,04,02,58,08,00016
3500550,3,2005,04,11,07,22,29,00132
3500550,1,2005,04,11,15,35,14,00048
3500550,1,2005,04,17,20,09,05,00032
3500550,1,2005,05,07,04,52,07,00025
3500550,1,2005,05,08,15,05,11,00029
3500550,1,2005,05,15,15,55,13,00035
3500550,1,2005,05,19,10,14,13,00024
3500550,1,2005,06,01,20,44,06,00068
3500550,2,2005,06,09,09,29,15,00086
3500550,1,2005,06,10,15,26,09,00027
3500550,3,2005,06,20,01,15,25,00094
3500550,4,2005,07,23,16,35,41,00723
3500550,1,2005,07,23,16,42,09,00032
3500550,2,2005,07,28,19,15,18,00073
3500550,2,2005,08,07,01,05,19,00091
3500550,1,2005,08,08,00,07,12,00019
3500550,3,2005,08,16,11,48,32,00187
3500550,1,2005,09,20,20,40,11,00043
3500550,2,2005,10,16,16,05,24,00146
3500550,2,2005,10,19,20,45,23,00104
3500550,1,2005,10,22,22,13,07,00027
3500550,1,2005,11,15,06,41,14,00031
3500550,1,2005,12,02,22,14,14,00028
3500550,1,2005,12,17,03,33,13,00024
3500550,1,2005,12,28,18,46,08,00052
3500550,1,2005,12,28,22,35,05,00016
3500550,1,2005,12,28,23,03,13,00056
3500550,1,2006,01,14,15,30,07,00052
3500550,2,2006,02,01,20,36,15,00068
3500550,1,2006,02,03,13,38,13,00022
3500550,1,2006,02,22,13,37,08,00074
3500550,1,2006,03,28,22,35,08,00020
3500550,1,2006,04,11,17,46,14,00029
3500550,1,2006,04,21,02,52,11,00016
3500550,1,2006,05,01,16,01,05,00028
3500550,1,2006,05,02,18,25,08,00017
3500550,1,2006,05,20,13,58,10,00024
3500550,3,2006,06,20,06,47,26,00147
3500550,3,2006,08,31,17,18,28,00244
3500550,2,2006,09,07,10,57,18,00084
3500550,2,2006,10,14,06,38,18,00048
3500550,1,2006,10,18,07,53,13,00089
3500550,1,2006,12,09,12,11,12,00043
3500550,2,2006,12,09,12,29,17,00078
3500550,1,2007,01,08,19,00,08,00031
3500550,1,2007,01,09,13,18,10,00032
3500550,2,2007,01,16,03,18,15,00049
3500550,1,2007,02,04,20,59,11,00050
3500550,1,2007,03,25,09,43,13,00020
3500550,1,2007,05,08,21,01,06,00032
3500550,1,2007,06,01,07,29,08,00037
3500550,2,2007,06,02,14,43,15,00077
3500550,2,2007,07,16,10,14,23,00089
3500550,1,2007,07,16,10,17,14,00026
3500550,1,2007,07,16,15,38,10,00013
3500550,1,2007,07,16,23,19,09,00016
3500550,2,2007,08,16,04,15,22,00063
3500550,1,2007,08,16,08,20,08,00029
3500550,1,2007,08,18,04,15,12,00028
3500550,1,2007,08,18,13,36,08,00021
3500550,2,2007,08,18,16,55,15,00041
3500550,1,2007,10,07,22,36,10,00017
3500550,1,2007,11,26,22,52,06,00012
3500550,1,2007,11,30,18,37,07,00026
3500550,1,2008,03,08,01,55,13,00054
3500550,1,2008,03,09,06,14,07,00027
3500550,1,2008,03,24,12,40,12,00026
3500550,1,2008,03,30,10,49,14,00044
3500550,2,2008,04,04,19,02,19,00063
3500550,1,2008,04,06,21,56,05,00017
3500550,1,2008,04,10,09,54,13,00037
3500550,1,2008,05,01,07,34,08,00022
3500550,2,2008,05,08,01,02,17,00038
3500550,1,2008,05,08,01,17,10,00015
3500550,3,2008,05,08,01,45,29,00149
3500550,2,2008,05,09,07,43,18,00128
3500550,1,2008,05,09,08,22,09,00014
3500550,2,2008,06,14,08,45,23,00064
3500550,1,2008,06,22,12,48,13,00048
3500550,1,2008,07,05,16,49,06,00034
3500550,2,2008,07,19,11,40,20,00043
3500550,1,2008,07,21,20,31,13,00022
3500550,2,2008,07,24,00,27,20,00069
3500550,1,2008,08,08,12,57,11,00041
3500550,1,2008,08,20,15,13,12,00106
3500550,2,2008,08,22,20,00,16,00118
3500550,1,2008,09,06,00,14,08,00014
3500550,2,2008,09,21,07,17,23,00225
3500550,1,2008,10,08,15,08,14,00046
3500550,1,2008,11,22,21,13,05,00027
3500550,1,2008,12,20,19,30,10,00021
3500550,1,2009,02,01,06,52,13,00031
3500550,1,2009,02,17,04,54,14,00041
3500550,1,2009,02,20,18,17,06,00019
3500550,1,2009,06,06,14,53,13,00024
3500550,3,2009,08,09,19,56,25,00148
3500550,3,2009,08,11,05,07,26,00125
3500550,1,2009,08,13,07,50,14,00032
3500550,1,2009,08,21,08,51,13,00082
3500550,2,2009,09,04,11,30,24,00146
3500550,2,2009,12,18,05,41,17,00061
3500550,1,2010,02,17,05,00,06,00023
3500550,1,2010,03,13,21,47,11,00029
3500550,2,2010,03,14,17,09,21,00058
3500550,1,2010,03,16,07,30,10,00043
3500550,1,2010,03,31,06,19,07,00043
3500550,1,2010,05,09,13,33,07,00034
3500550,2,2010,06,06,07,19,17,00067
3500550,1,2010,06,13,12,33,14,00037
3500550,2,2010,07,23,06,06,18,00099
3500550,1,2010,09,27,02,55,11,00104
3500550,1,2010,10,24,13,50,06,00033
3500550,1,2010,11,05,19,14,11,00044
3500550,1,2010,11,24,20,09,05,00021
3500550,2,2010,11,30,12,27,20,00062
3500550,2,2010,12,06,03,20,15,00066
3500550,1,2010,12,11,06,33,11,00033
3500550,2,2011,02,05,10,56,17,00046
3500550,1,2011,02,10,22,03,06,00015
3500550,2,2011,03,09,11,47,18,00037
3500550,1,2011,03,10,03,17,13,00020
3500550,2,2011,03,10,06,26,18,00033
3500550,A,2011,03,11,14,48,47,01560
3500550,2,2011,03,11,15,07,15,00037
3500550,4,2011,03,11,15,16,40,00531
3500550,2,2011,03,11,15,28,21,00080
3500550,1,2011,03,11,15,33,09,00018
3500550,1,2011,03,11,15,38,07,00013
3500550,2,2011,03,11,15,57,19,00040
3500550,1,2011,03,11,15,59,10,00012
3500550,1,2011,03,11,16,00,06,00012
3500550,2,2011,03,11,16,16,17,00034
3500550,2,2011,03,11,16,29,19,00035
3500550,2,2011,03,11,16,30,16,00040
3500550,1,2011,03,11,16,31,14,00023
3500550,1,2011,03,11,16,32,11,00016
3500550,1,2011,03,11,16,43,10,00027
3500550,1,2011,03,11,16,44,08,00014
3500550,1,2011,03,11,16,45,10,00019
3500550,1,2011,03,11,16,50,07,00014
3500550,1,2011,03,11,16,57,05,00011
3500550,1,2011,03,11,17,10,05,00014
3500550,2,2011,03,11,17,12,20,00054
3500550,1,2011,03,11,17,15,05,00009
3500550,3,2011,03,11,17,20,25,00083
3500550,1,2011,03,11,17,32,09,00018
3500550,1,2011,03,11,17,40,05,00019
3500550,1,2011,03,11,17,58,05,00026
3500550,1,2011,03,11,19,22,09,00020
3500550,2,2011,03,11,20,21,16,00036
3500550,1,2011,03,11,20,38,10,00018
3500550,1,2011,03,11,20,40,05,00008
3500550,1,2011,03,11,20,47,09,00021
3500550,1,2011,03,11,21,14,13,00022
3500550,1,2011,03,11,22,17,13,00034
3500550,1,2011,03,12,00,42,09,00022
3500550,1,2011,03,12,03,12,13,00022
3500550,1,2011,03,12,03,44,09,00030
3500550,1,2011,03,12,04,09,08,00030
3500550,1,2011,03,12,10,12,07,00017
3500550,1,2011,03,12,10,49,08,00014
3500550,1,2011,03,12,12,12,08,00015
3500550,1,2011,03,12,15,57,10,00069
3500550,1,2011,03,12,20,46,08,00014
3500550,1,2011,03,12,22,16,13,00036
3500550,1,2011,03,12,23,15,12,00019
3500550,1,2011,03,13,07,13,08,00028
3500550,1,2011,03,13,08,26,13,00031
3500550,1,2011,03,13,09,33,06,00022
3500550,2,2011,03,13,10,26,18,00044
3500550,1,2011,03,13,20,38,08,00013
3500550,1,2011,03,14,00,11,08,00013
3500550,1,2011,03,14,02,56,10,00017
3500550,1,2011,03,14,04,17,05,00014
3500550,2,2011,03,14,10,03,23,00070
3500550,1,2011,03,14,15,14,08,00013
3500550,1,2011,03,14,15,19,05,00015
3500550,1,2011,03,14,15,53,06,00024
3500550,1,2011,03,15,03,41,10,00020
3500550,2,2011,03,15,04,59,16,00107
3500550,1,2011,03,15,22,29,13,00022
3500550,2,2011,03,15,22,32,23,00068
3500550,1,2011,03,15,22,35,05,00007
3500550,1,2011,03,16,05,30,10,00014
3500550,3,2011,03,16,12,52,25,00104
3500550,2,2011,03,16,12,53,18,00032
3500550,1,2011,03,16,13,15,06,00022
3500550,1,2011,03,16,13,17,05,00015
3500550,2,2011,03,16,22,39,19,00054
3500550,2,2011,03,17,21,32,20,00052
3500550,1,2011,03,17,21,33,13,00019
3500550,2,2011,03,17,21,55,15,00046
3500550,1,2011,03,18,17,02,13,00024
3500550,1,2011,03,19,08,50,08,00015
3500550,3,2011,03,19,18,57,26,00140
3500550,1,2011,03,20,10,31,08,00028
3500550,2,2011,03,22,12,39,16,00030
3500550,2,2011,03,22,16,19,16,00042
3500550,2,2011,03,22,18,20,17,00034
3500550,1,2011,03,22,21,04,13,00022
3500550,1,2011,03,22,22,51,12,00022
3500550,1,2011,03,23,07,13,13,00032
3500550,2,2011,03,23,07,35,17,00044
3500550,2,2011,03,23,07,36,16,00052
3500550,1,2011,03,24,05,33,05,00026
3500550,1,2011,03,24,05,43,07,00024
3500550,2,2011,03,24,08,57,22,00163
3500550,1,2011,03,24,17,22,10,00019
3500550,1,2011,03,25,20,38,09,00015
3500550,1,2011,03,28,07,25,12,00021
3500550,1,2011,03,29,19,55,14,00029
3500550,1,2011,03,30,21,52,11,00015
3500550,1,2011,03,30,22,19,05,00037
3500550,2,2011,04,02,16,56,20,00071
3500550,2,2011,04,05,04,30,17,00065
3500550,3,2011,04,07,23,34,27,00137
3500550,1,2011,04,09,17,02,07,00030
3500550,2,2011,04,10,06,23,22,00089
3500550,1,2011,04,11,06,36,09,00035
3500550,1,2011,04,11,08,47,10,00029
3500550,3,2011,04,11,17,16,32,00246
3500550,3,2011,04,11,17,17,27,00096
3500550,1,2011,04,11,17,21,06,00012
3500550,1,2011,04,11,17,26,09,00022
3500550,1,2011,04,11,17,58,07,00016
3500550,1,2011,04,11,18,06,11,00025
3500550,2,2011,04,11,20,43,20,00055
3500550,3,2011,04,12,08,08,27,00126
3500550,2,2011,04,12,14,08,23,00078
3500550,1,2011,04,12,14,11,06,00012
3500550,1,2011,04,13,08,36,10,00022
3500550,2,2011,04,13,10,08,18,00059
3500550,1,2011,04,14,07,36,10,00036
3500550,1,2011,04,14,12,09,13,00023
3500550,3,2011,04,16,11,19,29,00235
3500550,2,2011,04,18,03,09,21,00130
3500550,1,2011,04,19,02,37,06,00019
3500550,2,2011,04,19,23,10,17,00071
3500550,3,2011,04,21,22,37,25,00101
3500550,1,2011,04,22,01,12,12,00028
3500550,1,2011,04,22,15,35,06,00032
3500550,1,2011,04,24,12,25,09,00060
3500550,1,2011,04,25,18,00,11,00037
3500550,2,2011,04,26,21,12,15,00046
3500550,1,2011,04,28,18,28,07,00018
3500550,1,2011,05,01,02,12,11,00025
3500550,1,2011,05,01,10,45,05,00031
3500550,1,2011,05,13,05,52,12,00046
3500550,1,2011,05,14,08,36,13,00026
3500550,2,2011,05,20,09,46,17,00030
3500550,1,2011,05,20,16,29,06,00014
3500550,2,2011,05,20,17,53,18,00062
3500550,2,2011,05,22,07,06,22,00072
3500550,1,2011,05,25,09,19,14,00033
3500550,1,2011,06,03,10,33,12,00035
3500550,1,2011,06,04,01,01,10,00032
3500550,1,2011,06,09,19,39,12,00030
3500550,1,2011,06,14,22,08,10,00019
3500550,1,2011,06,18,18,58,10,00094
3500550,1,2011,06,18,20,33,11,00014
3500550,1,2011,06,21,17,50,11,00019
3500550,1,2011,06,23,06,53,13,00019
3500550,1,2011,07,07,00,15,10,00016
3500550,1,2011,07,08,03,36,11,00033
3500550,2,2011,07,10,09,58,21,00068
3500550,3,2011,07,15,21,01,28,00153
3500550,2,2011,07,25,03,52,16,00044
3500550,1,2011,07,25,20,55,13,00018
3500550,1,2011,07,29,23,54,08,00013
3500550,2,2011,07,31,03,54,22,00121
3500550,2,2011,08,01,23,58,16,00032
3500550,2,2011,08,02,12,38,22,00133
3500550,2,2011,08,03,04,26,19,00084
3500550,1,2011,08,06,16,15,09,00017
3500550,2,2011,08,12,03,22,18,00064
3500550,1,2011,08,15,15,27,10,00028
3500550,1,2011,08,17,09,23,12,00041
3500550,2,2011,08,19,14,37,16,00046
3500550,1,2011,08,22,17,36,12,00031
3500550,1,2011,08,22,20,24,10,00015
3500550,2,2011,08,31,18,33,17,00069
3500550,2,2011,09,04,05,53,17,00058
3500550,1,2011,09,10,15,01,13,00057
3500550,2,2011,09,11,19,09,16,00072
3500550,2,2011,09,15,17,00,19,00038
3500550,1,2011,09,21,22,31,09,00027
3500550,1,2011,09,29,19,05,09,00020
3500550,1,2011,10,10,11,46,08,00028
3500550,2,2011,10,14,18,27,22,00103
3500550,2,2011,11,03,19,34,23,00098
3500550,1,2011,11,20,10,24,09,00025
3500550,1,2011,11,24,04,25,13,00027
3500550,2,2011,12,03,05,55,21,00079
3500550,1,2011,12,10,13,19,11,00051
3500550,1,2011,12,22,17,41,08,00030
3500550,3,2012,01,01,14,29,26,00160
3500550,1,2012,01,12,12,21,09,00025
3500550,1,2012,01,15,09,43,11,00048
3500550,1,2012,01,17,12,30,05,00049
3500550,1,2012,01,18,10,25,12,00049
3500550,1,2012,01,23,20,46,08,00022
3500550,1,2012,01,27,13,19,10,00032
3500550,2,2012,01,28,07,43,17,00070
3500550,1,2012,01,29,16,47,08,00019
3500550,2,2012,02,07,22,38,19,00083
3500550,1,2012,02,11,10,27,13,00050
3500550,1,2012,02,14,12,28,08,00016
3500550,1,2012,02,14,15,22,14,00024
3500550,2,2012,02,19,14,55,15,00044
3500550,1,2012,02,24,13,10,10,00041
3500550,1,2012,02,28,14,21,09,00023
3500550,1,2012,02,29,18,01,11,00021
3500550,2,2012,02,29,23,33,16,00032
3500550,2,2012,03,01,07,32,17,00099
3500550,1,2012,03,08,03,51,05,00046
3500550,1,2012,03,10,02,26,11,00028
3500550,1,2012,03,14,18,11,08,00024
3500550,3,2012,03,14,21,05,26,00166
3500550,2,2012,03,16,04,20,19,00069
3500550,1,2012,03,27,20,03,09,00013
3500550,1,2012,04,01,23,05,14,00042
3500550,1,2012,04,12,20,20,08,00015
3500550,1,2012,04,13,19,10,13,00028
3500550,3,2012,04,25,05,22,25,00092
3500550,2,2012,04,29,19,29,23,00080
3500550,1,2012,05,04,11,54,13,00053
3500550,1,2012,05,04,12,02,07,00023
3500550,2,2012,05,18,17,19,18,00113
3500550,4,2012,05,29,01,36,36,00439
3500550,2,2012,06,01,17,48,22,00121
3500550,1,2012,06,06,04,32,14,00021
3500550,1,2012,06,17,16,13,06,00036
3500550,1,2012,06,28,14,52,07,00026
3500550,2,2012,07,03,11,31,15,00040
3500550,1,2012,07,16,04,31,11,00038
3500550,1,2012,08,03,22,19,09,00043
3500550,1,2012,08,20,20,43,14,00029
3500550,1,2012,08,26,03,37,07,00025
3500550,2,2012,09,14,02,22,20,00109
3500550,1,2012,10,02,10,11,05,00030
3500550,1,2012,10,12,13,57,14,00052
3500550,1,2012,10,25,19,33,07,00013
3500550,1,2012,11,09,12,52,09,00017
3500550,1,2012,11,16,17,26,11,00016
3500550,3,2012,11,24,17,59,30,00312
3500550,2,2012,12,07,05,32,15,00060
3500550,3,2012,12,07,17,20,31,00210
3500550,1,2012,12,07,17,32,05,00014
3500550,1,2012,12,13,20,56,13,00041
3500550,2,2013,01,22,04,47,15,00042
3500550,1,2013,01,28,03,42,11,00042
3500550,2,2013,02,01,23,07,18,00079
3500550,1,2013,02,02,23,20,12,00023
3500550,1,2013,02,06,18,32,07,00017
3500550,2,2013,02,19,21,28,16,00028
3500550,1,2013,03,14,05,03,12,00051
3500550,1,2013,03,18,06,54,05,00031
3500550,1,2013,03,21,14,35,05,00021
3500550,1,2013,04,04,13,42,13,00043
3500550,1,2013,04,14,10,22,12,00031
3500550,1,2013,04,14,22,26,07,00019
3500550,1,2013,04,17,21,05,08,00013
3500550,1,2013,04,21,12,25,09,00015
3500550,1,2013,04,29,22,02,11,00021
3500550,1,2013,05,18,14,49,12,00024
3500550,1,2013,06,06,12,29,11,00024
3500550,1,2013,07,20,15,07,09,00015
3500550,1,2013,08,04,12,30,09,00018
3500550,2,2013,09,04,09,21,23,00087
3500550,2,2013,09,20,02,25,16,00052
3500550,1,2013,10,02,19,35,06,00033
3500550,1,2013,10,12,02,43,12,00055
3500550,2,2013,10,26,02,12,19,00070
3500550,2,2013,11,03,14,25,24,00094
3500550,3,2013,11,10,07,38,34,00238
3500550,3,2013,11,16,20,44,27,00215
3500550,1,2013,11,16,20,46,09,00029
3500550,1,2013,11,17,00,46,09,00028
3500550,2,2013,11,29,01,15,21,00180
3500550,1,2013,12,03,15,58,10,00025
3500550,1,2013,12,03,18,17,07,00012
3500550,2,2013,12,14,13,06,16,00038
3500550,3,2013,12,21,01,10,29,00175
3500550,1,2013,12,21,10,34,14,00029
3500550,1,2013,12,31,10,03,09,00027
3500550,1,2014,01,02,22,11,10,00026
3500550,1,2014,01,17,18,53,10,00044
3500550,1,2014,02,11,04,15,08,00025
3500550,2,2014,03,12,05,04,24,00099
3500550,1,2014,03,19,02,25,11,00044
3500550,2,2014,03,30,12,23,21,00111
3500550,1,2014,04,10,13,17,11,00043
3500550,2,2014,04,10,13,19,18,00065
3500550,1,2014,04,18,07,53,14,00045
3500550,3,2014,05,05,05,18,33,00268
3500550,2,2014,05,13,08,35,24,00124
3500550,1,2014,06,16,05,15,11,00026
3500550,1,2014,06,20,01,44,09,00044
3500550,1,2014,07,03,07,30,09,00036
3500550,2,2014,07,12,04,22,21,00047
3500550,1,2014,07,19,10,43,06,00016
3500550,1,2014,07,20,10,26,09,00037
3500550,1,2014,08,24,17,27,11,00041
3500550,3,2014,09,16,12,28,27,00209
3500550,1,2014,09,24,22,31,05,00013
3500550,1,2014,10,27,15,36,12,00029
3500550,1,2014,11,12,09,53,14,00046
3500550,1,2014,11,20,10,52,11,00025
3500550,2,2014,11,22,22,10,17,00032
3500550,1,2014,12,20,18,31,12,00026
3500550,2,2015,01,26,07,20,17,00075
3500550,1,2015,01,30,20,32,10,00048
3500550,2,2015,02,07,15,19,17,00059
3500550,1,2015,02,17,08,09,08,00012
3500550,1,2015,02,23,17,00,12,00038
3500550,1,2015,03,24,13,53,07,00019
3500550,1,2015,05,03,15,54,07,00033
3500550,2,2015,05,13,06,14,18,00036
3500550,1,2015,05,13,22,45,07,00028
3500550,3,2015,05,25,14,28,27,00164
3500550,1,2015,05,30,01,07,10,00034
3500550,3,2015,05,30,20,26,33,00259
3500550,1,2015,06,09,05,44,09,00051
3500550,1,2015,07,09,08,38,05,00090
3500550,1,2015,07,10,01,15,09,00024
3500550,2,2015,08,06,18,22,18,00139
3500550,3,2015,09,12,05,49,28,00369
3500550,2,2015,10,24,13,14,19,00071
3500550,2,2016,02,05,07,41,15,00085
3500550,2,2016,02,07,19,27,16,00145
3500550,3,2016,05,16,21,23,27,00172
3500550,2,2016,06,12,07,54,18,00053
3500550,2,2016,07,17,13,24,20,00092
3500550,2,2016,07,19,12,58,17,00044
3500550,2,2016,07,20,07,25,17,00063
3500550,2,2016,07,27,23,47,15,00055
3500550,2,2016,09,07,13,29,21,00123
3500550,2,2016,09,13,19,12,15,00054
3500550,2,2016,10,20,11,50,17,00063
3500550,2,2016,10,26,19,12,18,00086
3500550,3,2016,11,22,06,00,27,00123
3500550,2,2016,11,24,06,24,15,00046
3500550,2,2016,12,28,21,39,23,00094
3500550,2,2017,02,19,18,19,20,00053
3500550,2,2017,06,13,04,04,17,00069
3500550,2,2017,08,02,02,02,21,00104
3500550,3,2017,08,10,09,36,28,00189
3500550,2,2017,10,06,23,57,15,00051
3500550,3,2018,01,06,00,54,29,00268
3500550,2,2018,02,26,01,29,15,00033
3500550,1,2018,02,27,08,08,08,00031
3500550,1,2018,03,18,12,59,07,00029
3500550,2,2018,03,30,08,18,15,00069
3500550,1,2018,04,21,18,47,07,00011
3500550,1,2018,05,04,02,07,12,00051
3500550,1,2018,05,04,02,18,07,00021
3500550,2,2018,05,17,12,12,17,00038
3500550,1,2018,06,14,07,14,07,00034
3500550,1,2018,06,17,15,27,12,00042
3500550,3,2018,07,07,20,24,27,00163
3500550,1,2018,07,17,04,34,10,00051
3500550,1,2018,09,05,05,12,11,00030
3500550,1,2018,09,10,23,59,06,00017
3500550,1,2018,09,18,17,11,12,00042
3500550,2,2018,10,12,13,16,18,00047
3500550,1,2018,11,27,08,34,14,00075
3500550,2,2019,01,14,13,24,15,00068
3500550,2,2019,01,18,21,46,18,00048
3500550,3,2019,05,25,15,21,27,00204
3500550,2,2019,06,01,07,58,18,00054
3500550,1,2019,06,11,10,59,08,00018
3500550,1,2019,06,17,08,00,11,00047
3500550,1,2019,06,18,22,23,10,00015
3500550,2,2019,06,24,09,12,16,00065
3500550,1,2019,07,25,07,14,11,00025
3500550,2,2019,07,28,03,33,20,00059
3500550,1,2019,07,30,05,39,08,00014
3500550,2,2019,08,04,19,24,23,00081
3500550,1,2019,09,14,11,55,08,00034
3500550,2,2019,10,09,04,58,16,00073
3500550,2,2019,10,12,18,22,17,00037
3500550,1,2019,10,31,11,06,10,00044
3500550,1,2019,11,22,05,24,10,00035
3500550,1,2019,12,03,10,18,09,00028
3500550,1,2019,12,04,10,39,13,00048
