station,intensity,year,month,day,hour,minute,intensity_equip,acceleration_max_comb
3300300,1,1996,10,//,//,//,//,/////
3300300,3,1996,10,//,//,//,//,/////
3300300,1,1996,10,//,//,//,//,/////
3300300,1,1996,10,//,//,//,//,/////
3300300,1,1996,11,//,//,//,//,/////
3300300,1,1996,11,//,//,//,//,/////
3300300,1,1996,11,//,//,//,//,/////
3300300,4,1996,12,//,//,//,//,/////
3300300,1,1996,12,//,//,//,//,/////
3300300,1,1997,01,27,00,27,07,00034
3300300,1,1997,02,//,//,//,//,/////
3300300,1,1997,03,04,00,31,06,00014
3300300,1,1997,03,04,12,52,07,00017
3300300,2,1997,03,16,14,52,16,00035
3300300,2,1997,03,23,14,59,18,00100
3300300,1,1997,04,29,01,23,09,00052
3300300,1,1997,05,12,08,00,13,00044
3300300,1,1997,05,//,//,//,//,/////
3300300,1,1997,06,06,18,09,08,00047
3300300,1,1997,07,01,18,00,14,00122
3300300,2,1997,07,09,18,36,16,00055
3300300,2,1997,08,09,05,35,21,00159
3300300,1,1997,08,22,17,11,07,00031
3300300,2,1997,09,08,08,41,15,00066
3300300,1,1997,11,02,07,13,10,00053
3300300,2,1997,11,29,09,40,16,00146
3300300,1,1997,12,06,15,41,06,00020
3300300,1,1997,12,07,12,51,09,00030
3300300,2,1998,01,14,02,17,19,00090
3300300,1,1998,01,26,11,16,08,00053
3300300,2,1998,02,21,09,56,17,00052
3300300,2,1998,03,08,13,47,24,00243
3300300,2,1998,03,23,18,37,20,00112
3300300,1,1998,04,09,02,45,05,00029
3300300,1,1998,04,09,17,46,12,00054
3300300,1,1998,04,11,19,08,07,00035
3300300,1,1998,05,03,11,09,09,00024
3300300,1,1998,05,16,03,45,05,00024
3300300,1,1998,06,08,08,02,12,00073
3300300,1,1998,06,14,22,17,10,00015
3300300,1,1998,06,24,23,52,14,00055
3300300,2,1998,07,15,07,09,19,00146
3300300,1,1998,08,16,03,31,07,00020
3300300,1,1998,08,16,23,06,06,00021
3300300,1,1998,08,17,10,15,08,00017
3300300,2,1998,08,20,15,44,16,00049
3300300,2,1998,08,29,08,47,22,00114
3300300,1,1998,10,19,08,17,05,00053
3300300,2,1998,11,08,21,41,18,00106
3300300,1,1998,11,28,00,23,09,00032
3300300,1,1998,12,03,05,16,06,00032
3300300,1,1999,01,28,10,26,13,00047
3300300,2,1999,03,26,08,31,15,00093
3300300,1,1999,04,25,18,13,13,00051
3300300,2,1999,04,25,21,27,15,00075
3300300,1,1999,05,07,21,49,07,00022
3300300,1,1999,06,27,19,50,12,00083
3300300,1,1999,07,15,07,56,06,00019
3300300,1,1999,08,09,06,39,12,00055
3300300,2,1999,09,13,07,57,16,00066
3300300,1,1999,11,15,10,36,05,00015
3300300,1,1999,12,04,14,06,11,00038
3300300,1,1999,12,16,22,28,05,00026
3300300,2,1999,12,27,00,06,16,00092
3300300,1,2000,01,28,23,24,08,00015
3300300,2,2000,04,10,06,30,17,00081
3300300,2,2000,05,16,19,40,15,00124
3300300,2,2000,06,03,17,55,17,00057
3300300,1,2000,07,01,16,02,09,00014
3300300,1,2000,07,03,05,04,08,00013
3300300,1,2000,07,06,13,10,05,00020
3300300,1,2000,07,11,02,02,06,00021
3300300,1,2000,07,15,10,31,14,00028
3300300,3,2000,07,21,03,39,25,00174
3300300,1,2000,07,30,21,26,09,00015
3300300,2,2000,08,06,16,30,15,00040
3300300,1,2000,08,15,03,55,05,00025
3300300,1,2000,08,18,22,47,05,00015
3300300,1,2000,08,19,21,42,10,00025
3300300,1,2000,08,27,08,42,08,00027
3300300,1,2000,09,09,20,48,11,00076
3300300,1,2000,09,29,08,56,06,00021
3300300,1,2000,10,18,12,58,05,00022
3300300,1,2000,12,05,01,48,06,00013
3300300,2,2001,01,04,13,18,15,00087
3300300,1,2001,02,18,16,17,05,00037
3300300,1,2001,02,25,06,55,10,00023
3300300,1,2001,03,06,14,32,07,00031
3300300,1,2001,04,03,23,57,08,00018
3300300,1,2001,04,20,01,45,10,00046
3300300,2,2001,05,31,08,59,15,00092
3300300,1,2001,06,01,00,42,10,00028
3300300,1,2001,07,11,02,23,05,00028
3300300,3,2001,07,20,06,02,28,00376
3300300,2,2001,07,26,03,33,15,00067
3300300,1,2001,09,04,23,55,07,00032
3300300,1,2001,09,25,04,35,07,00032
3300300,1,2001,09,25,04,57,06,00028
3300300,1,2001,10,02,17,21,07,00021
3300300,1,2001,10,18,06,30,14,00082
3300300,1,2001,11,17,01,32,05,00022
3300300,1,2001,12,01,11,27,07,00026
3300300,1,2001,12,02,22,03,10,00025
3300300,1,2001,12,08,04,07,06,00020
3300300,1,2002,01,09,05,41,06,00032
3300300,1,2002,02,05,19,57,09,00037
3300300,1,2002,02,11,10,10,06,00019
3300300,2,2002,02,12,22,45,19,00097
3300300,1,2002,03,17,03,01,09,00043
3300300,1,2002,05,19,05,00,09,00032
3300300,1,2002,05,25,09,38,09,00041
3300300,2,2002,06,14,11,43,20,00122
3300300,2,2002,07,13,21,46,15,00062
3300300,1,2002,07,24,05,06,12,00029
3300300,1,2002,09,07,06,57,05,00037
3300300,1,2002,10,21,01,06,12,00043
3300300,1,2002,11,03,12,39,12,00022
3300300,1,2003,01,09,13,15,08,00028
3300300,1,2003,01,31,17,54,08,00033
3300300,1,2003,02,16,12,04,08,00033
3300300,3,2003,03,13,12,13,26,00272
3300300,1,2003,03,17,22,14,09,00056
3300300,1,2003,03,30,04,35,07,00042
3300300,1,2003,04,08,03,29,06,00013
3300300,2,2003,04,08,04,17,19,00211
3300300,1,2003,04,25,07,41,06,00028
3300300,1,2003,05,10,11,46,06,00025
3300300,2,2003,05,12,00,57,18,00065
3300300,1,2003,05,12,00,59,13,00046
3300300,1,2003,05,17,23,33,10,00036
3300300,3,2003,05,26,18,26,25,00118
3300300,1,2003,05,31,02,47,07,00036
3300300,1,2003,06,09,19,00,05,00025
3300300,1,2003,07,26,07,14,12,00025
3300300,1,2003,08,04,20,57,11,00060
3300300,1,2003,08,18,18,59,13,00045
3300300,2,2003,09,20,12,55,22,00107
3300300,1,2003,09,26,04,53,09,00015
3300300,2,2003,10,15,16,30,18,00098
3300300,1,2003,10,31,10,08,11,00020
3300300,2,2003,11,12,17,28,19,00091
3300300,2,2003,11,15,03,44,18,00085
3300300,1,2004,01,23,18,02,07,00030
3300300,1,2004,02,04,04,11,08,00028
3300300,2,2004,03,11,11,35,16,00073
3300300,2,2004,04,04,08,02,21,00098
3300300,1,2004,05,29,12,48,08,00021
3300300,2,2004,07,10,20,07,19,00146
3300300,1,2004,07,17,15,10,14,00043
3300300,1,2004,08,06,03,23,09,00036
3300300,1,2004,09,01,11,50,10,00029
3300300,2,2004,09,05,19,09,15,00033
3300300,2,2004,09,05,23,58,18,00045
3300300,1,2004,09,07,08,31,14,00023
3300300,2,2004,10,06,23,40,24,00125
3300300,1,2004,10,17,02,19,14,00044
3300300,2,2004,10,17,03,55,18,00067
3300300,3,2004,10,23,17,56,33,00510
3300300,2,2004,10,23,18,00,16,00063
3300300,3,2004,10,23,18,03,26,00170
3300300,2,2004,10,23,18,08,15,00054
3300300,3,2004,10,23,18,12,25,00165
3300300,3,2004,10,23,18,34,34,00444
3300300,1,2004,10,23,18,37,11,00047
3300300,1,2004,10,23,18,58,14,00044
3300300,1,2004,10,23,19,37,10,00021
3300300,2,2004,10,23,19,46,18,00082
3300300,1,2004,10,23,19,47,07,00019
3300300,1,2004,10,23,21,45,06,00027
3300300,1,2004,10,23,23,35,13,00045
3300300,1,2004,10,24,09,28,09,00035
3300300,2,2004,10,25,00,28,15,00051
3300300,2,2004,10,25,06,05,22,00126
3300300,1,2004,10,27,00,57,06,00026
3300300,3,2004,10,27,10,41,28,00205
3300300,1,2004,11,01,04,36,09,00027
3300300,1,2004,11,04,08,58,08,00020
3300300,2,2004,11,08,11,16,17,00055
3300300,1,2004,11,09,04,16,09,00027
3300300,1,2004,11,10,03,43,06,00018
3300300,1,2004,12,19,14,23,06,00017
3300300,1,2005,01,01,05,14,13,00061
3300300,2,2005,02,08,11,29,16,00085
3300300,2,2005,02,16,04,46,19,00126
3300300,2,2005,02,23,21,59,17,00115
3300300,1,2005,02,25,06,31,05,00020
3300300,1,2005,04,04,02,58,08,00024
3300300,2,2005,04,11,07,22,18,00047
3300300,1,2005,04,11,15,35,07,00027
3300300,1,2005,04,23,00,23,06,00030
3300300,1,2005,06,09,09,29,06,00028
3300300,1,2005,06,20,01,15,13,00051
3300300,3,2005,07,23,16,35,29,00279
3300300,1,2005,07,23,16,37,06,00026
3300300,2,2005,07,28,19,15,23,00269
3300300,1,2005,07,31,14,53,05,00024
3300300,1,2005,08,07,01,05,11,00052
3300300,2,2005,08,08,00,07,15,00050
3300300,3,2005,08,16,11,48,30,00227
3300300,1,2005,08,21,11,30,14,00046
3300300,1,2005,09,07,13,23,11,00048
3300300,2,2005,10,16,16,05,19,00156
3300300,2,2005,10,19,20,45,24,00149
3300300,1,2005,10,22,22,13,07,00022
3300300,2,2005,10,31,02,32,15,00096
3300300,2,2005,11,15,06,41,15,00064
3300300,1,2005,11,16,06,18,06,00020
3300300,2,2005,12,02,21,54,15,00125
3300300,1,2005,12,02,22,14,12,00021
3300300,1,2005,12,17,03,33,13,00028
3300300,2,2005,12,28,18,46,20,00180
3300300,1,2006,01,14,15,30,09,00047
3300300,3,2006,02,01,20,36,29,00278
3300300,1,2006,02,03,13,38,14,00047
3300300,1,2006,02,03,13,40,08,00020
3300300,1,2006,02,03,14,39,07,00021
3300300,1,2006,02,03,14,42,11,00031
3300300,1,2006,02,03,15,11,06,00019
3300300,1,2006,03,28,22,35,05,00016
3300300,1,2006,04,02,20,47,05,00029
3300300,1,2006,04,07,20,49,07,00053
3300300,1,2006,04,16,20,51,06,00015
3300300,1,2006,04,20,12,40,09,00049
3300300,1,2006,04,21,02,51,09,00023
3300300,1,2006,05,01,16,00,11,00082
3300300,1,2006,05,02,18,25,11,00039
3300300,1,2006,05,10,10,23,11,00080
3300300,1,2006,06,20,06,47,11,00037
3300300,1,2006,08,01,22,12,05,00034
3300300,2,2006,08,31,17,18,17,00101
3300300,1,2006,09,07,10,58,06,00030
3300300,1,2006,10,14,06,38,09,00023
3300300,1,2006,10,18,07,53,06,00022
3300300,1,2007,01,08,19,00,09,00043
3300300,2,2007,01,09,13,18,20,00107
3300300,1,2007,01,16,03,18,10,00029
3300300,1,2007,03,22,10,29,06,00031
3300300,1,2007,03,25,09,42,12,00016
3300300,1,2007,05,08,21,01,13,00061
3300300,1,2007,05,09,08,52,06,00037
3300300,2,2007,06,01,07,29,16,00109
3300300,2,2007,06,02,14,43,17,00143
3300300,2,2007,06,04,13,34,18,00162
3300300,1,2007,06,09,20,28,10,00059
3300300,1,2007,06,28,18,26,05,00035
3300300,3,2007,07,16,10,13,28,00146
3300300,2,2007,07,16,15,38,16,00045
3300300,1,2007,07,16,23,19,10,00021
3300300,1,2007,08,16,04,15,10,00018
3300300,1,2007,10,01,02,21,08,00029
3300300,1,2007,10,17,22,33,06,00039
3300300,1,2007,11,11,19,49,11,00086
3300300,1,2007,11,26,22,52,06,00023
3300300,1,2008,02,11,03,46,10,00041
3300300,1,2008,03,08,01,55,14,00074
3300300,1,2008,03,09,06,13,10,00057
3300300,1,2008,03,24,12,41,09,00029
3300300,2,2008,04,04,19,02,24,00263
3300300,2,2008,05,08,01,02,18,00059
3300300,1,2008,05,08,01,04,11,00034
3300300,1,2008,05,08,01,17,09,00018
3300300,3,2008,05,08,01,45,31,00263
3300300,1,2008,05,08,03,20,07,00022
3300300,1,2008,05,08,04,21,06,00015
3300300,1,2008,05,09,08,22,08,00015
3300300,2,2008,06,14,08,44,21,00052
3300300,1,2008,07,05,16,49,14,00076
3300300,2,2008,07,19,11,40,16,00031
3300300,1,2008,07,21,20,31,09,00017
3300300,2,2008,07,24,00,28,17,00065
3300300,1,2008,08,08,12,57,09,00026
3300300,1,2008,08,20,15,13,11,00056
3300300,2,2008,08,22,20,00,15,00089
3300300,2,2008,09,21,07,17,17,00093
3300300,1,2008,11,22,21,14,09,00042
3300300,2,2009,02,01,06,52,15,00059
3300300,1,2009,04,13,10,34,05,00034
3300300,1,2009,04,16,16,19,06,00034
3300300,1,2009,04,28,06,38,09,00037
3300300,1,2009,05,29,14,39,08,00036
3300300,2,2009,08,09,19,56,20,00077
3300300,2,2009,08,11,05,07,22,00096
3300300,1,2009,08,13,07,50,12,00033
3300300,1,2009,08,18,06,59,06,00030
3300300,1,2009,09,04,11,31,06,00025
3300300,1,2009,10,01,19,43,05,00040
3300300,1,2009,10,23,10,29,08,00028
3300300,2,2009,12,18,05,41,18,00110
3300300,1,2010,03,13,21,47,14,00042
3300300,2,2010,03,14,17,08,17,00047
3300300,1,2010,03,16,07,31,06,00021
3300300,1,2010,03,29,10,29,07,00037
3300300,1,2010,03,31,06,18,09,00059
3300300,1,2010,04,30,19,33,14,00131
3300300,1,2010,05,01,18,21,07,00025
3300300,2,2010,06,13,12,33,15,00054
3300300,1,2010,07,04,15,03,09,00043
3300300,1,2010,07,23,06,07,10,00043
3300300,1,2010,08,03,07,31,07,00073
3300300,1,2010,09,27,02,55,06,00018
3300300,1,2010,10,24,13,50,11,00054
3300300,3,2010,11,05,19,14,27,00321
3300300,1,2010,11,24,20,09,14,00055
3300300,2,2010,11,30,12,28,17,00046
3300300,1,2010,12,22,02,24,08,00019
3300300,1,2011,02,05,10,57,06,00017
3300300,1,2011,02,10,22,04,06,00021
3300300,2,2011,03,09,11,47,17,00032
3300300,1,2011,03,10,03,18,09,00012
3300300,1,2011,03,10,06,25,10,00021
3300300,A,2011,03,11,14,48,45,01481
3300300,3,2011,03,11,14,52,25,00085
3300300,2,2011,03,11,14,55,20,00121
3300300,2,2011,03,11,14,56,17,00053
3300300,1,2011,03,11,14,59,14,00041
3300300,1,2011,03,11,15,04,14,00044
3300300,1,2011,03,11,15,06,09,00030
3300300,1,2011,03,11,15,07,13,00034
3300300,2,2011,03,11,15,08,20,00071
3300300,2,2011,03,11,15,09,20,00091
3300300,2,2011,03,11,15,11,17,00056
3300300,1,2011,03,11,15,13,14,00050
3300300,4,2011,03,11,15,16,41,00837
3300300,2,2011,03,11,15,19,17,00041
3300300,1,2011,03,11,15,20,14,00034
3300300,1,2011,03,11,15,21,10,00025
3300300,1,2011,03,11,15,24,07,00012
3300300,2,2011,03,11,15,27,22,00151
3300300,2,2011,03,11,15,26,17,00123
3300300,1,2011,03,11,15,29,06,00016
3300300,1,2011,03,11,15,30,08,00043
3300300,1,2011,03,11,15,32,05,00019
3300300,1,2011,03,11,15,33,08,00020
3300300,1,2011,03,11,15,36,05,00014
3300300,1,2011,03,11,15,35,12,00036
3300300,1,2011,03,11,15,38,09,00024
3300300,1,2011,03,11,15,45,12,00055
3300300,1,2011,03,11,15,55,06,00030
3300300,1,2011,03,11,15,57,11,00027
3300300,1,2011,03,11,16,00,07,00022
3300300,1,2011,03,11,16,14,10,00020
3300300,2,2011,03,11,16,15,20,00062
3300300,1,2011,03,11,16,17,05,00011
3300300,1,2011,03,11,16,18,11,00047
3300300,1,2011,03,11,16,27,11,00032
3300300,2,2011,03,11,16,30,16,00045
3300300,1,2011,03,11,16,32,10,00023
3300300,1,2011,03,11,16,43,05,00016
3300300,2,2011,03,11,16,45,15,00073
3300300,1,2011,03,11,16,50,08,00018
3300300,1,2011,03,11,17,11,05,00014
3300300,2,2011,03,11,17,12,18,00084
3300300,2,2011,03,11,17,20,24,00118
3300300,1,2011,03,11,17,29,07,00012
3300300,1,2011,03,11,17,31,12,00051
3300300,1,2011,03,11,17,35,13,00054
3300300,1,2011,03,11,17,41,14,00058
3300300,2,2011,03,11,17,42,16,00063
3300300,1,2011,03,11,18,38,05,00012
3300300,1,2011,03,11,18,56,07,00026
3300300,1,2011,03,11,19,22,07,00024
3300300,1,2011,03,11,19,36,06,00020
3300300,1,2011,03,11,20,17,10,00024
3300300,1,2011,03,11,20,21,07,00019
3300300,1,2011,03,11,20,38,09,00015
3300300,1,2011,03,11,20,47,13,00043
3300300,1,2011,03,11,20,57,08,00021
3300300,1,2011,03,11,21,14,09,00018
3300300,1,2011,03,11,22,17,14,00040
3300300,1,2011,03,11,22,35,05,00017
3300300,2,2011,03,11,23,01,17,00058
3300300,1,2011,03,11,23,57,11,00032
3300300,2,2011,03,12,00,13,16,00049
3300300,1,2011,03,12,00,14,12,00021
3300300,2,2011,03,12,00,20,15,00040
3300300,1,2011,03,12,00,43,12,00031
3300300,1,2011,03,12,03,12,10,00019
3300300,1,2011,03,12,03,17,06,00012
3300300,1,2011,03,12,03,44,10,00044
3300300,1,2011,03,12,03,46,06,00024
3300300,2,2011,03,12,03,59,23,00158
3300300,2,2011,03,12,04,09,16,00076
3300300,1,2011,03,12,04,25,10,00022
3300300,1,2011,03,12,04,32,09,00026
3300300,1,2011,03,12,04,46,07,00023
3300300,1,2011,03,12,04,59,08,00034
3300300,1,2011,03,12,05,35,12,00047
3300300,1,2011,03,12,10,13,07,00022
3300300,1,2011,03,12,10,48,07,00015
3300300,1,2011,03,12,12,12,06,00021
3300300,1,2011,03,12,14,15,06,00020
3300300,1,2011,03,12,15,44,05,00022
3300300,1,2011,03,12,21,55,05,00022
3300300,1,2011,03,12,22,16,13,00049
3300300,1,2011,03,13,07,14,07,00020
3300300,1,2011,03,13,08,26,11,00024
3300300,1,2011,03,13,10,27,11,00024
3300300,1,2011,03,13,20,38,05,00013
3300300,1,2011,03,14,07,16,08,00032
3300300,2,2011,03,14,10,03,22,00092
3300300,1,2011,03,14,15,14,07,00011
3300300,1,2011,03,14,15,53,07,00028
3300300,1,2011,03,15,03,42,12,00034
3300300,1,2011,03,15,22,29,10,00026
3300300,3,2011,03,15,22,32,27,00210
3300300,2,2011,03,16,12,52,16,00060
3300300,1,2011,03,16,13,15,07,00026
3300300,2,2011,03,16,22,39,16,00053
3300300,1,2011,03,17,21,32,11,00020
3300300,2,2011,03,17,21,55,15,00070
3300300,1,2011,03,18,17,02,06,00015
3300300,1,2011,03,19,08,50,06,00021
3300300,3,2011,03,19,18,57,28,00216
3300300,1,2011,03,20,10,31,08,00028
3300300,1,2011,03,21,14,09,09,00029
3300300,1,2011,03,22,12,39,09,00014
3300300,1,2011,03,22,16,19,11,00038
3300300,2,2011,03,22,18,19,15,00047
3300300,2,2011,03,22,21,05,15,00032
3300300,1,2011,03,22,22,51,07,00015
3300300,2,2011,03,23,07,13,17,00065
3300300,2,2011,03,23,07,35,20,00087
3300300,2,2011,03,23,07,37,20,00068
3300300,1,2011,03,23,19,44,05,00019
3300300,1,2011,03,24,05,33,14,00076
3300300,2,2011,03,24,08,57,16,00087
3300300,1,2011,03,24,17,22,10,00020
3300300,1,2011,03,25,20,38,09,00018
3300300,1,2011,03,28,07,25,13,00027
3300300,1,2011,03,29,19,55,10,00020
3300300,1,2011,03,30,22,19,08,00040
3300300,2,2011,04,02,16,56,19,00110
3300300,1,2011,04,05,05,44,07,00037
3300300,1,2011,04,06,21,57,09,00034
3300300,1,2011,04,06,22,56,06,00019
3300300,3,2011,04,07,23,34,27,00178
3300300,1,2011,04,09,21,48,13,00098
3300300,1,2011,04,11,06,36,08,00032
3300300,3,2011,04,11,17,16,33,00360
3300300,1,2011,04,11,17,18,14,00046
3300300,1,2011,04,11,17,26,13,00043
3300300,1,2011,04,11,17,46,09,00034
3300300,1,2011,04,11,17,58,14,00041
3300300,2,2011,04,11,18,05,17,00072
3300300,1,2011,04,11,18,37,05,00014
3300300,3,2011,04,11,20,43,25,00153
3300300,1,2011,04,12,00,58,09,00019
3300300,1,2011,04,12,07,26,08,00032
3300300,2,2011,04,12,08,08,20,00058
3300300,1,2011,04,12,08,49,06,00019
3300300,2,2011,04,12,14,08,23,00119
3300300,1,2011,04,12,17,49,07,00023
3300300,2,2011,04,13,10,08,20,00074
3300300,1,2011,04,14,07,36,11,00034
3300300,1,2011,04,14,12,09,13,00051
3300300,3,2011,04,16,11,19,27,00163
3300300,1,2011,04,17,00,56,05,00019
3300300,1,2011,04,17,05,22,09,00037
3300300,1,2011,04,18,03,09,05,00021
3300300,1,2011,04,19,02,37,06,00021
3300300,2,2011,04,19,23,10,17,00116
3300300,1,2011,04,20,09,51,05,00014
3300300,2,2011,04,21,22,37,18,00062
3300300,1,2011,04,22,01,12,12,00038
3300300,1,2011,04,23,00,26,05,00018
3300300,1,2011,04,24,12,25,07,00051
3300300,1,2011,04,25,18,01,08,00029
3300300,2,2011,04,26,21,12,23,00216
3300300,1,2011,04,28,18,28,09,00028
3300300,1,2011,05,01,02,12,08,00030
3300300,1,2011,05,01,10,45,13,00068
3300300,1,2011,05,10,19,15,06,00016
3300300,1,2011,05,14,08,36,11,00032
3300300,1,2011,05,20,09,46,09,00022
3300300,1,2011,05,20,17,53,10,00034
3300300,2,2011,05,22,07,07,15,00046
3300300,1,2011,05,23,18,32,05,00032
3300300,1,2011,05,25,09,19,05,00022
3300300,1,2011,05,26,19,57,08,00028
3300300,1,2011,06,03,09,06,08,00035
3300300,1,2011,06,03,10,33,05,00025
3300300,1,2011,06,04,01,00,09,00039
3300300,1,2011,06,09,19,39,11,00032
3300300,1,2011,06,14,22,08,08,00023
3300300,1,2011,06,18,18,58,05,00030
3300300,1,2011,06,18,20,32,14,00027
3300300,1,2011,06,23,06,53,12,00021
3300300,1,2011,07,03,09,01,05,00027
3300300,1,2011,07,07,00,16,10,00023
3300300,1,2011,07,08,03,36,11,00043
3300300,2,2011,07,10,09,58,18,00081
3300300,2,2011,07,15,21,01,22,00153
3300300,1,2011,07,16,17,58,12,00089
3300300,1,2011,07,23,13,36,06,00015
3300300,2,2011,07,25,03,52,16,00051
3300300,1,2011,07,29,23,54,10,00016
3300300,2,2011,07,31,03,54,24,00173
3300300,2,2011,08,01,23,58,15,00037
3300300,1,2011,08,07,12,35,06,00024
3300300,2,2011,08,12,03,22,18,00079
3300300,1,2011,08,15,15,27,10,00056
3300300,2,2011,08,17,09,23,22,00130
3300300,1,2011,08,17,20,45,06,00016
3300300,1,2011,08,18,01,33,05,00042
3300300,1,2011,08,19,00,40,08,00058
3300300,2,2011,08,19,14,37,17,00056
3300300,1,2011,08,22,17,36,10,00037
3300300,1,2011,08,22,20,24,12,00021
3300300,1,2011,08,31,18,33,10,00043
3300300,1,2011,09,04,05,53,13,00060
3300300,1,2011,09,10,15,00,11,00051
3300300,2,2011,09,15,17,00,21,00080
3300300,2,2011,09,21,22,31,16,00079
3300300,1,2011,09,29,19,05,11,00029
3300300,1,2011,10,10,11,46,12,00040
3300300,1,2011,11,03,19,34,11,00039
3300300,1,2011,11,20,10,24,08,00029
3300300,1,2011,11,24,04,25,12,00039
3300300,1,2011,11,24,21,48,06,00045
3300300,1,2011,11,28,23,33,10,00045
3300300,1,2011,12,03,05,56,07,00014
3300300,1,2011,12,14,13,02,11,00025
3300300,1,2011,12,16,15,12,05,00022
3300300,1,2011,12,31,08,11,05,00018
3300300,3,2012,01,01,14,30,27,00225
3300300,2,2012,01,17,12,30,22,00193
3300300,1,2012,01,23,20,46,10,00041
3300300,1,2012,01,28,07,39,08,00027
3300300,2,2012,01,28,07,43,16,00093
3300300,1,2012,01,29,16,47,08,00040
3300300,1,2012,02,05,08,59,06,00024
3300300,2,2012,02,11,10,27,17,00102
3300300,1,2012,02,14,12,28,10,00020
3300300,2,2012,02,14,15,22,17,00039
3300300,2,2012,02,19,14,55,16,00062
3300300,1,2012,02,24,13,11,08,00029
3300300,1,2012,02,28,14,21,09,00029
3300300,1,2012,02,29,18,01,09,00028
3300300,1,2012,02,29,23,33,08,00014
3300300,2,2012,03,01,07,32,21,00155
3300300,1,2012,03,08,03,51,06,00036
3300300,1,2012,03,10,02,26,14,00059
3300300,1,2012,03,14,18,11,07,00021
3300300,2,2012,03,14,21,05,16,00056
3300300,2,2012,03,16,04,20,21,00139
3300300,1,2012,03,17,11,55,06,00020
3300300,1,2012,03,27,20,03,11,00019
3300300,1,2012,04,01,23,05,13,00045
3300300,1,2012,04,12,20,20,08,00021
3300300,1,2012,04,12,23,52,09,00015
3300300,1,2012,04,13,19,10,10,00026
3300300,2,2012,04,25,05,22,16,00046
3300300,1,2012,04,29,19,29,12,00025
3300300,2,2012,05,18,17,19,24,00298
3300300,2,2012,05,29,01,37,20,00110
3300300,3,2012,06,01,17,48,26,00254
3300300,1,2012,06,06,04,32,10,00015
3300300,2,2012,06,17,16,13,17,00110
3300300,1,2012,06,18,05,34,07,00012
3300300,1,2012,06,28,14,52,07,00028
3300300,1,2012,06,28,15,17,05,00033
3300300,1,2012,07,03,11,31,11,00031
3300300,2,2012,07,12,13,55,17,00086
3300300,3,2012,07,16,04,31,28,00566
3300300,1,2012,07,26,19,30,05,00031
3300300,2,2012,08,03,22,19,18,00179
3300300,1,2012,08,13,13,48,10,00059
3300300,1,2012,08,20,20,43,12,00029
3300300,1,2012,08,26,03,37,07,00033
3300300,2,2012,08,30,04,17,18,00105
3300300,1,2012,09,14,02,22,10,00039
3300300,1,2012,10,02,10,11,06,00033
3300300,1,2012,10,12,13,57,07,00030
3300300,1,2012,10,25,19,33,08,00023
3300300,1,2012,10,31,15,50,12,00104
3300300,1,2012,11,09,12,52,06,00019
3300300,2,2012,11,24,00,52,15,00085
3300300,2,2012,11,24,18,00,19,00101
3300300,3,2012,12,07,17,20,30,00324
3300300,1,2012,12,07,17,32,07,00023
3300300,1,2012,12,20,05,17,10,00034
3300300,1,2012,12,29,16,20,05,00021
3300300,1,2013,01,28,03,42,06,00029
3300300,1,2013,02,01,01,05,14,00110
3300300,1,2013,02,02,23,20,07,00018
3300300,1,2013,02,09,13,44,05,00023
3300300,1,2013,02,25,16,24,14,00031
3300300,1,2013,03,14,05,03,10,00038
3300300,1,2013,03,18,06,54,05,00036
