station,intensity,year,month,day,hour,minute,intensity_equip,acceleration_max_comb
3720435,1,2011,01,03,13,45,09,00031
3720435,2,2011,03,09,11,46,21,00045
3720435,1,2011,03,10,03,17,10,00013
3720435,1,2011,03,10,06,25,14,00020
3720435,4,2011,03,11,14,49,38,00377
3720435,2,2011,03,11,14,52,23,00074
3720435,2,2011,03,11,14,55,17,00044
3720435,1,2011,03,11,14,56,13,00026
3720435,1,2011,03,11,14,57,13,00028
3720435,2,2011,03,11,14,59,17,00034
3720435,1,2011,03,11,15,07,13,00017
3720435,2,2011,03,11,15,08,15,00037
3720435,2,2011,03,11,15,10,18,00041
3720435,2,2011,03,11,15,11,17,00031
3720435,2,2011,03,11,15,13,16,00050
3720435,1,2011,03,11,15,14,14,00030
3720435,3,2011,03,11,15,17,29,00114
3720435,2,2011,03,11,15,19,18,00041
3720435,2,2011,03,11,15,20,19,00040
3720435,1,2011,03,11,15,21,14,00024
3720435,1,2011,03,11,15,24,10,00015
3720435,2,2011,03,11,15,27,17,00033
3720435,1,2011,03,11,15,26,08,00045
3720435,1,2011,03,11,15,29,11,00018
3720435,2,2011,03,11,16,16,21,00046
3720435,1,2011,03,11,16,17,14,00021
3720435,1,2011,03,11,16,18,08,00012
3720435,2,2011,03,11,16,29,15,00032
3720435,2,2011,03,11,16,30,17,00029
3720435,1,2011,03,11,16,32,12,00017
3720435,1,2011,03,11,16,33,05,00018
3720435,2,2011,03,11,17,13,18,00034
3720435,2,2011,03,11,17,21,18,00036
3720435,1,2011,03,11,17,32,08,00015
3720435,1,2011,03,11,17,42,13,00034
3720435,1,2011,03,11,18,17,11,00044
3720435,1,2011,03,11,20,31,10,00024
3720435,1,2011,03,11,20,37,11,00019
3720435,1,2011,03,12,00,14,14,00019
3720435,1,2011,03,12,00,16,09,00016
3720435,1,2011,03,12,00,21,10,00013
3720435,1,2011,03,12,02,31,05,00017
3720435,1,2011,03,12,03,12,14,00021
3720435,3,2011,03,12,03,59,33,00239
3720435,2,2011,03,12,04,01,23,00063
3720435,1,2011,03,12,04,03,05,00014
3720435,1,2011,03,12,04,13,06,00014
3720435,2,2011,03,12,04,32,22,00072
3720435,1,2011,03,12,04,46,07,00020
3720435,1,2011,03,12,04,48,13,00023
3720435,1,2011,03,12,04,49,10,00012
3720435,1,2011,03,12,05,42,07,00013
3720435,1,2011,03,12,10,48,11,00015
3720435,1,2011,03,12,10,50,05,00012
3720435,1,2011,03,12,22,16,11,00020
3720435,2,2011,03,13,08,26,18,00033
3720435,2,2011,03,14,10,03,15,00029
3720435,1,2011,03,14,15,14,10,00013
3720435,1,2011,03,15,22,29,12,00017
3720435,1,2011,03,15,22,33,14,00021
3720435,1,2011,03,16,12,53,11,00016
3720435,2,2011,03,19,18,57,16,00038
3720435,1,2011,03,20,10,31,07,00015
3720435,2,2011,03,22,18,20,18,00036
3720435,1,2011,03,23,07,13,14,00027
3720435,2,2011,03,23,07,35,15,00032
3720435,2,2011,03,23,07,36,19,00053
3720435,1,2011,03,24,17,22,09,00016
3720435,1,2011,03,26,21,36,05,00041
3720435,2,2011,03,28,07,25,17,00027
3720435,1,2011,03,29,19,56,12,00018
3720435,3,2011,04,07,23,34,30,00123
3720435,4,2011,04,11,17,16,38,00344
3720435,2,2011,04,11,17,18,23,00082
3720435,1,2011,04,11,17,20,08,00018
3720435,1,2011,04,11,17,26,10,00035
3720435,1,2011,04,11,18,06,10,00029
3720435,2,2011,04,11,20,43,23,00076
3720435,2,2011,04,12,07,26,18,00071
3720435,1,2011,04,12,07,27,10,00016
3720435,1,2011,04,12,08,09,11,00015
3720435,2,2011,04,12,14,08,21,00072
3720435,1,2011,04,12,16,15,12,00033
3720435,2,2011,04,13,10,08,18,00039
3720435,1,2011,04,14,12,09,07,00016
3720435,2,2011,04,16,11,20,16,00025
3720435,1,2011,04,17,00,56,10,00018
3720435,2,2011,04,23,00,26,19,00065
3720435,1,2011,04,27,19,27,06,00015
3720435,1,2011,04,30,14,07,05,00012
3720435,1,2011,05,07,13,35,09,00036
3720435,1,2011,06,02,11,34,12,00028
3720435,2,2011,06,04,01,01,16,00030
3720435,1,2011,06,18,20,32,11,00018
3720435,1,2011,06,23,06,52,10,00012
3720435,2,2011,07,10,09,59,19,00037
3720435,1,2011,07,25,03,53,14,00022
3720435,2,2011,07,31,03,54,15,00032
3720435,1,2011,08,01,23,59,10,00014
3720435,1,2011,08,12,03,22,13,00025
3720435,2,2011,08,19,14,37,18,00037
3720435,1,2011,09,15,17,01,10,00018
3720435,1,2011,11,26,09,05,08,00051
3720435,2,2012,01,01,14,30,18,00034
3720435,2,2012,01,12,12,21,17,00032
3720435,2,2012,02,08,21,01,19,00112
3720435,1,2012,03,10,02,26,08,00018
3720435,1,2012,03,14,21,06,12,00016
3720435,1,2012,03,27,20,02,14,00020
3720435,1,2012,04,01,23,05,10,00016
3720435,1,2012,04,12,23,52,13,00019
3720435,2,2012,04,13,19,11,22,00052
3720435,2,2012,06,26,08,23,23,00319
3720435,1,2012,07,10,12,49,14,00033
3720435,2,2012,12,07,17,20,24,00070
3720435,1,2012,12,12,16,41,06,00040
3720435,1,2013,02,01,14,49,12,00139
3720435,3,2013,02,25,16,24,29,00347
3720435,2,2013,02,25,16,35,15,00146
3720435,1,2013,04,21,19,28,08,00034
