station,intensity,year,month,day,hour,minute,second,intensity_equip,acceleration_max_comb
1510321,2,2006,03,25,07,16,19. ,15,00072
1510321,1,2006,04,09,09,37,36. ,14,00050
1510321,2,2006,04,13,13,27,36. ,21,00118
1510321,2,2006,04,26,14,56,07. ,20,00189
1510321,2,2006,04,26,23,10,49. ,23,00158
1510321,1,2006,05,21,23,45,15. ,06,00024
1510321,1,2006,06,12,08,04,51. ,09,00037
1510321,1,2006,06,13,11,41,06. ,08,00036
1510321,1,2006,06,17,03,31,47. ,07,00024
1510321,1,2006,09,14,15,02,52. ,10,00045
1510321,1,2006,09,16,11,25,20. ,07,00022
1510321,1,2006,09,22,22,53,03. ,06,00024
1510321,1,2006,10,28,00,07,30. ,06,00029
1510321,2,2006,11,01,02,39,56. ,16,00066
1510321,2,2006,11,01,23,21,48. ,20,00102
1510321,1,2006,11,19,01,05,12. ,06,00027
1510321,1,2006,11,22,20,16,53. ,05,00017
1510321,1,2007,01,13,13,28,20. ,14,00041
1510321,2,2007,02,17,09,03,16. ,23,00114
1510321,1,2007,02,17,09,23,04. ,06,00018
1510321,1,2007,03,03,05,14,42. ,06,00023
1510321,3,2007,03,06,11,00,12. ,25,00394
1510321,1,2007,03,09,16,29,05. ,09,00062
1510321,1,2007,03,15,14,43,51. ,10,00035
1510321,1,2007,03,18,10,26,07. ,10,00020
1510321,1,2007,03,23,15,39,06. ,10,00044
1510321,1,2007,03,30,05,21,41. ,11,00042
1510321,3,2007,04,19,00,07,51. ,27,00255
1510321,2,2007,04,27,01,38,19. ,19,00077
1510321,1,2007,04,28,07,44,29. ,12,00055
1510321,1,2007,04,29,20,00,58. ,12,00050
1510321,2,2007,05,07,23,09,50. ,18,00103
1510321,2,2007,05,19,01,00,19. ,20,00095
1510321,1,2007,05,30,10,16,14. ,08,00028
1510321,1,2007,06,09,13,14,17. ,10,00040
1510321,1,2007,06,12,14,08,21. ,12,00059
1510321,2,2007,06,23,07,20,27. ,22,00121
1510321,1,2007,06,23,16,16,12. ,05,00017
1510321,1,2007,07,01,13,13,10. ,14,00044
1510321,2,2007,07,12,17,43,39. ,16,00093
1510321,2,2007,07,16,23,20,56. ,21,00095
1510321,1,2007,07,25,09,41,11. ,14,00074
1510321,1,2007,08,22,16,27,11. ,13,00054
1510321,1,2007,09,01,15,42,58. ,08,00037
1510321,2,2007,09,09,14,45,39. ,17,00097
1510321,2,2007,09,10,14,29,15. ,18,00108
1510321,1,2007,10,09,02,12,24. ,11,00022
1510321,1,2007,10,22,14,09,16. ,07,00031
1510321,1,2007,11,17,14,56,48. ,06,00017
1510321,2,2007,11,27,19,22,13. ,22,00158
1510321,2,2007,12,16,02,26,25. ,15,00065
1510321,2,2007,12,28,10,51,52. ,15,00076
1510321,1,2008,01,02,01,20,25. ,14,00058
1510321,1,2008,01,15,02,21,41. ,05,00026
1510321,2,2008,01,23,04,34,58. ,17,00085
1510321,1,2008,02,18,11,19,02. ,08,00033
1510321,1,2008,03,15,01,16,57. ,06,00036
1510321,1,2008,04,17,04,21,17. ,08,00027
1510321,2,2008,04,29,14,26,26. ,17,00076
1510321,1,2008,05,10,09,01,24. ,09,00030
1510321,1,2008,06,05,02,04,26. ,14,00044
1510321,1,2008,06,14,08,45,42. ,06,00016
1510321,3,2008,06,26,08,37,22. ,27,00242
1510321,1,2008,07,03,10,00,26. ,07,00029
1510321,3,2008,07,24,00,27,04. ,30,00395
1510321,2,2008,07,27,22,09,45. ,15,00092
1510321,1,2008,08,09,00,53,47. ,10,00030
1510321,2,2008,08,09,09,54,49. ,18,00095
1510321,1,2008,09,01,14,41,55. ,08,00026
1510321,1,2008,09,02,17,17,32. ,11,00040
1510321,3,2008,09,11,09,21,16. ,33,00255
1510321,1,2008,09,22,16,32,58. ,06,00019
1510321,1,2008,10,04,04,23,17. ,05,00025
1510321,1,2008,10,05,10,54,27. ,06,00025
1510321,1,2008,10,16,20,50,01. ,07,00026
1510321,1,2008,11,15,04,15,17. ,06,00025
1510321,2,2009,01,01,08,50,08. ,21,00154
1510321,1,2009,01,11,14,57,43. ,06,00024
1510321,1,2009,01,11,21,54,13. ,06,00023
1510321,1,2009,01,16,02,53,57. ,05,00018
1510321,1,2009,02,15,18,25,37. ,11,00028
1510321,2,2009,02,28,09,36,13. ,22,00149
1510321,1,2009,03,07,23,33,41. ,13,00034
1510321,1,2009,03,10,10,41,26. ,05,00026
1510321,2,2009,04,05,17,00,38. ,17,00067
1510321,1,2009,04,09,19,26,48. ,11,00049
1510321,1,2009,04,30,19,41,01. ,14,00073
1510321,1,2009,05,06,21,12,52. ,08,00030
1510321,1,2009,05,10,11,30,24. ,13,00054
1510321,2,2009,05,26,19,31,31. ,22,00170
1510321,3,2009,06,05,12,30,56. ,25,00185
1510321,2,2009,07,11,00,02,18. ,15,00089
1510321,2,2009,08,24,04,46,34. ,18,00100
1510321,2,2009,08,24,14,27,23. ,15,00063
1510321,2,2009,08,25,02,22,55. ,17,00078
1510321,2,2009,09,08,01,24,38. ,24,00186
1510321,1,2009,09,16,10,49,06. ,06,00025
1510321,1,2009,09,21,00,30,24. ,12,00047
1510321,2,2009,09,28,12,08,40. ,18,00090
1510321,1,2009,10,05,09,35,41. ,11,00036
1510321,3,2009,10,10,17,43,05. ,26,00218
1510321,2,2009,11,10,03,02,10. ,17,00075
1510321,1,2009,11,21,01,55,22. ,06,00027
1510321,1,2009,12,24,09,26,20. ,11,00031
1510321,1,2009,12,28,09,13,47. ,06,00019
1510321,3,2009,12,30,04,23,16. ,25,00181
1510321,1,2009,12,31,06,32,56. ,11,00056
1510321,1,2010,01,06,16,22,57. ,07,00030
1510321,2,2010,01,07,05,39,52. ,17,00101
1510321,2,2010,01,15,03,46,38. ,23,00161
1510321,1,2010,01,28,01,04,31. ,09,00031
1510321,1,2010,02,18,10,17,06. ,07,00015
1510321,1,2010,06,02,21,17,05. ,12,00061
1510321,2,2010,06,18,11,25,43. ,16,00028
1510321,1,2010,06,19,19,01,23. ,12,00035
1510321,2,2010,06,28,06,03,43. ,17,00098
1510321,1,2010,07,02,21,30,25. ,14,00064
1510321,1,2010,07,05,06,57,17. ,10,00018
1510321,1,2010,08,14,13,25,31. ,14,00064
1510321,2,2010,09,13,14,48,08. ,21,00106
1510321,1,2010,09,28,01,14,54. ,07,00027
1510321,2,2010,09,28,10,44,12. ,19,00104
1510321,3,2010,10,14,22,59,07. ,27,00258
1510321,1,2010,10,19,07,30,36. ,11,00036
1510321,3,2010,11,04,05,33,54. ,27,00276
1510321,1,2010,12,06,16,31,26. ,12,00028
1510321,1,2010,12,09,04,50,28. ,10,00060
1510321,1,2010,12,15,16,38,02. ,10,00028
1510321,2,2011,01,22,14,49,15. ,16,00073
1510321,2,2011,03,09,11,47,11. ,17,00037
1510321,3,2011,03,11,14,48,50. ,30,00187
1510321,1,2011,03,11,15,07,46. ,12,00030
1510321,3,2011,03,11,15,09,45. ,26,00139
1510321,1,2011,03,11,15,15,39. ,06,00014
1510321,1,2011,03,11,15,17,18. ,08,00028
1510321,3,2011,03,11,15,28,00. ,26,00229
1510321,1,2011,03,11,15,51,02. ,08,00022
1510321,1,2011,03,11,16,27,37. ,08,00029
1510321,1,2011,03,11,16,30,36. ,12,00031
1510321,1,2011,03,11,19,12,09. ,10,00016
1510321,2,2011,03,11,20,37,49. ,16,00043
1510321,1,2011,03,12,23,44,38. ,06,00017
1510321,1,2011,03,16,00,25,05. ,08,00015
1510321,1,2011,03,17,13,15,06. ,13,00044
1510321,2,2011,03,30,22,58,25. ,16,00088
1510321,1,2011,03,31,16,17,20. ,07,00015
1510321,2,2011,04,07,23,34,40. ,23,00130
1510321,2,2011,04,26,08,26,47. ,21,00125
1510321,1,2011,05,06,00,00,19. ,05,00017
1510321,1,2011,05,24,14,43,51. ,07,00025
1510321,1,2011,06,10,03,34,18. ,06,00026
1510321,1,2011,06,22,23,30,14. ,06,00014
1510321,3,2011,06,23,06,51,38. ,27,00154
1510321,3,2011,06,25,02,39,37. ,27,00252
1510321,1,2011,06,25,22,05,35. ,05,00021
1510321,1,2011,06,30,11,51,36. ,11,00046
1510321,1,2011,07,10,09,59,20. ,14,00055
1510321,1,2011,07,23,13,36,06. ,11,00021
1510321,3,2011,07,26,07,58,56. ,31,00523
1510321,2,2011,08,01,02,36,13. ,20,00104
1510321,1,2011,08,01,22,46,05. ,08,00018
1510321,1,2011,08,17,04,36,31. ,05,00013
1510321,1,2011,08,22,09,07,31. ,09,00027
1510321,2,2011,08,23,15,05,11. ,17,00086
1510321,1,2011,08,23,16,35,13. ,05,00020
1510321,1,2011,08,30,18,20,23. ,09,00047
1510321,4,2011,09,07,07,27,26. ,44,02007
1510321,2,2011,09,07,07,33,46. ,19,00139
1510321,B,2011,09,07,22,29,44. ,52,04113
1510321,3,2011,09,07,22,31,40. ,25,00208
1510321,2,2011,09,07,22,32,46. ,15,00099
1510321,2,2011,09,07,22,34,25. ,21,00187
1510321,1,2011,09,07,22,36,07. ,12,00068
1510321,1,2011,09,07,22,37,20. ,09,00040
1510321,1,2011,09,07,22,42,18. ,08,00037
1510321,2,2011,09,07,23,17,36. ,19,00129
1510321,1,2011,09,07,23,27,18. ,09,00040
1510321,1,2011,09,07,23,29,04. ,05,00025
1510321,1,2011,09,07,23,33,20. ,09,00052
1510321,3,2011,09,07,23,37,21. ,26,00313
1510321,1,2011,09,07,23,44,06. ,07,00045
1510321,2,2011,09,07,23,54,26. ,18,00122
1510321,1,2011,09,08,00,26,46. ,11,00065
1510321,1,2011,09,08,01,30,38. ,11,00058
1510321,1,2011,09,08,03,13,18. ,06,00035
1510321,1,2011,09,08,03,17,54. ,08,00048
1510321,3,2011,09,08,03,50,42. ,29,00431
1510321,1,2011,09,08,04,54,03. ,06,00032
1510321,1,2011,09,08,07,23,18. ,06,00031
1510321,1,2011,09,08,08,16,26. ,11,00056
1510321,1,2011,09,08,08,38,30. ,07,00036
1510321,1,2011,09,08,08,42,29. ,05,00030
1510321,1,2011,09,08,11,14,13. ,07,00029
1510321,1,2011,09,08,12,27,22. ,13,00068
1510321,1,2011,09,08,12,46,32. ,05,00025
1510321,1,2011,09,08,16,30,04. ,05,00037
1510321,1,2011,09,08,17,25,56. ,06,00037
1510321,3,2011,09,08,18,02,36. ,25,00295
1510321,2,2011,09,09,00,46,23. ,21,00176
1510321,1,2011,09,09,01,04,40. ,05,00034
1510321,2,2011,09,09,02,14,09. ,19,00139
1510321,1,2011,09,09,02,18,42. ,07,00033
1510321,3,2011,09,09,06,52,44. ,27,00373
1510321,3,2011,09,10,00,51,02. ,32,00624
1510321,1,2011,09,10,01,01,56. ,13,00069
1510321,1,2011,09,10,01,10,11. ,10,00045
1510321,3,2011,09,10,17,36,38. ,27,00361
1510321,1,2011,09,10,17,38,07. ,09,00046
1510321,2,2011,09,10,18,47,52. ,24,00222
1510321,1,2011,09,11,09,40,17. ,10,00054
1510321,1,2011,09,13,01,50,27. ,14,00058
1510321,3,2011,09,15,04,24,04. ,27,00280
1510321,1,2011,09,15,07,48,23. ,13,00064
1510321,1,2011,09,16,02,38,02. ,05,00028
1510321,1,2011,09,17,04,27,58. ,14,00036
1510321,1,2011,09,17,22,04,35. ,10,00055
1510321,3,2011,09,18,19,39,59. ,28,00224
1510321,1,2011,09,21,14,37,23. ,06,00029
1510321,2,2011,09,24,09,56,39. ,20,00172
1510321,1,2011,09,24,15,20,52. ,08,00034
1510321,4,2011,09,26,16,49,19. ,40,01220
1510321,2,2011,09,30,01,59,21. ,16,00120
1510321,1,2011,09,30,02,49,16. ,08,00051
1510321,2,2011,09,30,03,58,56. ,15,00081
1510321,2,2011,10,02,11,28,51. ,15,00088
1510321,2,2011,10,07,11,51,47. ,16,00075
1510321,2,2011,10,15,17,24,02. ,15,00068
1510321,2,2011,10,21,17,03,15. ,15,00066
1510321,1,2011,10,23,19,57,05. ,10,00054
1510321,2,2011,10,24,11,49,59. ,15,00078
1510321,3,2011,11,24,19,25,46. ,29,00304
1510321,1,2011,12,10,04,45,23. ,06,00020
1510321,1,2011,12,12,04,26,48. ,14,00071
1510321,1,2011,12,31,21,16,46. ,06,00023
1510321,1,2012,01,01,14,32,39. ,06,00016
1510321,1,2012,01,24,02,26,28. ,12,00074
1510321,2,2012,02,01,06,30,21. ,15,00110
1510321,1,2012,02,03,22,48,44. ,09,00045
1510321,1,2012,02,07,22,31,54. ,05,00021
1510321,1,2012,02,14,04,06,08. ,11,00054
1510321,1,2012,02,18,10,59,29. ,13,00051
1510321,2,2012,02,24,00,26,49. ,16,00084
1510321,1,2012,03,03,07,19,27. ,07,00030
1510321,1,2012,03,03,15,06,49. ,11,00049
1510321,1,2012,03,11,17,33,33. ,09,00031
1510321,2,2012,03,14,18,09,20. ,21,00106
1510321,1,2012,03,14,19,50,30. ,10,00031
1510321,1,2012,03,19,11,56,29. ,10,00044
1510321,1,2012,03,27,20,02,03. ,10,00025
1510321,1,2012,04,01,12,10,16. ,05,00038
1510321,1,2012,04,21,23,30,05. ,08,00030
1510321,1,2012,04,27,03,41,47. ,13,00054
1510321,2,2012,05,24,00,02,48. ,21,00138
1510321,1,2012,05,30,00,53,19. ,09,00038
1510321,1,2012,06,16,09,19,00. ,07,00040
1510321,1,2012,07,06,01,07,34. ,10,00044
1510321,2,2012,07,09,17,30,29. ,15,00076
1510321,1,2012,07,12,20,17,46. ,08,00032
1510321,2,2012,07,22,13,42,11. ,22,00124
1510321,1,2012,07,24,01,53,12. ,05,00022
1510321,1,2012,07,25,13,05,10. ,08,00034
1510321,2,2012,08,08,10,19,59. ,18,00117
1510321,2,2012,08,14,12,03,07. ,18,00066
1510321,2,2012,08,22,10,33,17. ,23,00169
1510321,4,2012,08,25,23,16,28. ,38,00744
1510321,1,2012,09,20,12,32,47. ,06,00024
1510321,1,2012,09,24,22,51,09. ,14,00103
1510321,1,2012,10,02,07,23,22. ,07,00014
1510321,1,2012,10,12,07,52,45. ,09,00040
1510321,1,2012,10,14,21,14,58. ,11,00050
1510321,1,2012,11,09,23,11,51. ,09,00045
1510321,1,2012,12,05,06,52,27. ,08,00033
1510321,3,2012,12,07,17,20,30. ,28,00231
1510321,1,2013,01,02,21,00,26. ,13,00052
1510321,1,2013,01,08,16,52,42. ,06,00016
1510321,2,2013,01,17,14,13,32. ,23,00192
1510321,1,2013,01,18,07,31,24. ,12,00052
1510321,1,2013,01,22,12,43,02. ,09,00049
1510321,4,2013,02,02,23,17,55. ,37,00672
1510321,2,2013,02,14,16,41,11. ,16,00101
1510321,1,2013,02,27,03,41,00. ,07,00036
1510321,2,2013,04,19,12,08,53. ,19,00100
1510321,2,2013,04,23,02,51,09. ,18,00114
1510321,2,2013,07,01,18,28,17. ,15,00074
1510321,2,2013,08,12,09,51,21. ,22,00128
1510321,1,2013,08,17,01,41,51. ,05,00031
1510321,2,2013,08,22,15,53,18. ,18,00105
1510321,2,2013,10,21,12,33,48. ,15,00065
1510321,1,2013,10,24,13,05,06. ,06,00020
1510321,2,2013,10,26,02,12,40. ,17,00064
1510321,2,2013,11,15,11,01,04. ,15,00063
1510321,2,2013,11,24,01,26,49. ,16,00075
1510321,1,2013,11,24,03,42,45. ,07,00029
1510321,1,2013,11,26,08,25,33. ,06,00035
1510321,1,2013,11,28,02,46,10. ,12,00055
1510321,1,2013,11,29,12,41,47. ,06,00027
1510321,1,2013,12,09,22,51,23. ,05,00024
1510321,3,2014,01,09,13,32,05. ,33,00637
1510321,1,2014,01,16,08,12,00. ,07,00026
1510321,1,2014,01,30,17,35,21. ,08,00026
1510321,1,2014,02,10,07,57,50. ,08,00030
1510321,2,2014,02,11,15,05,42. ,23,00170
1510321,1,2014,02,22,06,55,18. ,06,00034
1510321,1,2014,02,22,08,41,32. ,07,00027
1510321,1,2014,03,17,09,11,19. ,08,00034
1510321,3,2014,04,16,00,28,49. ,26,00279
1510321,1,2014,04,18,09,02,59. ,10,00034
1510321,2,2014,05,09,00,41,29. ,15,00095
1510321,2,2014,05,14,08,03,36. ,21,00149
1510321,1,2014,05,17,03,50,16. ,05,00026
1510321,1,2014,06,03,20,30,42. ,07,00031
1510321,1,2014,06,15,02,33,21. ,05,00018
1510321,1,2014,07,05,07,43,26. ,09,00021
1510321,2,2014,07,06,05,23,08. ,17,00089
1510321,1,2014,07,07,11,41,00. ,14,00062
1510321,1,2014,07,08,18,05,53. ,14,00052
1510321,1,2014,07,21,03,35,04. ,08,00024
1510321,1,2014,07,25,13,18,44. ,10,00033
1510321,2,2014,08,10,12,43,42. ,22,00114
1510321,1,2014,08,13,09,41,02. ,07,00030
1510321,1,2014,08,14,09,44,04. ,08,00031
1510321,1,2014,08,14,21,50,55. ,10,00043
1510321,1,2014,08,15,12,20,19. ,07,00023
1510321,1,2014,09,04,07,49,48. ,12,00037
1510321,2,2014,09,06,17,32,10. ,23,00157
1510321,2,2014,09,25,13,25,56. ,21,00135
1510321,1,2014,10,03,09,58,42. ,06,00019
1510321,2,2014,10,11,11,36,33. ,15,00045
1510321,2,2014,11,01,16,47,56. ,17,00079
1510321,2,2014,11,03,11,28,22. ,17,00074
1510321,2,2014,12,28,18,01,07. ,19,00106
1510321,2,2015,01,01,22,57,29. ,15,00071
1510321,1,2015,01,09,03,43,16. ,07,00019
1510321,1,2015,02,17,08,07,53. ,13,00025
1510321,1,2015,02,17,13,47,47. ,07,00021
1510321,3,2015,02,21,04,28,38. ,25,00199
1510321,3,2015,03,06,08,06,10. ,26,00241
1510321,2,2015,03,25,09,34,40. ,22,00142
1510321,2,2015,04,23,21,23,56. ,19,00121
1510321,1,2015,04,30,01,11,14. ,05,00014
1510321,1,2015,04,30,09,43,16. ,10,00042
1510321,1,2015,04,30,23,54,30. ,14,00070
1510321,1,2015,05,12,05,08,02. ,05,00024
1510321,1,2015,05,12,11,31,43. ,06,00022
1510321,1,2015,05,13,06,14,36. ,12,00026
1510321,1,2015,05,22,10,09,05. ,06,00028
1510321,2,2015,06,08,15,01,32. ,18,00083
1510321,1,2015,07,03,12,34,03. ,08,00029
1510321,1,2015,07,07,14,12,24. ,08,00028
1510321,1,2015,07,10,03,33,54. ,07,00023
1510321,1,2015,07,11,15,19,04. ,08,00032
1510321,1,2015,07,16,10,15,42. ,06,00017
1510321,2,2015,07,23,18,43,37. ,15,00072
1510321,2,2015,08,14,13,44,03. ,17,00070
1510321,1,2015,08,15,15,53,29. ,09,00057
1510321,1,2015,08,20,23,01,32. ,14,00060
1510321,1,2015,08,22,21,14,22. ,12,00041
1510321,1,2015,08,28,06,13,25. ,11,00062
1510321,3,2015,09,12,22,38,13. ,26,00217
1510321,1,2015,09,26,18,50,01. ,14,00050
1510321,1,2015,10,18,09,48,11. ,06,00020
1510321,1,2015,10,26,16,15,23. ,10,00042
1510321,2,2015,11,01,12,49,08. ,20,00108
1510321,1,2015,11,16,02,12,12. ,12,00039
1510321,2,2015,11,26,06,51,33. ,15,00076
1510321,1,2016,01,12,02,09,27. ,13,00044
1510321,1,2016,01,12,02,50,47. ,14,00053
1510321,1,2016,01,12,17,42,31. ,05,00026
1510321,4,2016,01,14,12,25,44. ,42,01134
1510321,1,2016,02,22,07,38,26. ,05,00025
1510321,1,2016,02,23,18,18,05. ,07,00030
1510321,1,2016,03,08,04,55,55. ,07,00037
1510321,1,2016,03,08,13,32,57. ,08,00037
1510321,1,2016,03,13,11,07,54. ,13,00051
1510321,1,2016,03,30,01,55,45. ,07,00032
1510321,2,2016,04,19,05,33,02. ,15,00080
1510321,1,2016,05,03,09,02,38. ,09,00027
1510321,1,2016,05,25,14,23,27. ,07,00023
1510321,1,2016,06,16,14,22,11. ,11,00032
1510321,1,2016,06,25,01,40,50. ,07,00031
1510321,1,2016,06,25,07,04,06. ,11,00041
1510321,2,2016,07,24,11,51,42. ,17,00083
1510321,1,2016,07,31,03,02,11. ,06,00028
1510321,3,2016,08,20,22,23,16. ,27,00260
1510321,2,2016,09,07,18,42,21. ,21,00144
1510321,2,2016,09,26,11,24,50. ,24,00166
1510321,2,2016,09,26,14,13,39. ,19,00096
1510321,2,2016,10,03,17,48,41. ,16,00056
1510321,2,2016,10,07,09,14,37. ,16,00081
1510321,3,2016,10,12,04,02,38. ,25,00208
1510321,1,2016,10,28,12,19,39. ,07,00030
1510321,1,2017,01,01,11,15,48. ,05,00022
1510321,1,2017,01,22,03,11,46. ,05,00019
1510321,1,2017,01,22,21,14,00. ,12,00061
1510321,1,2017,02,14,04,19,16. ,09,00035
1510321,1,2017,02,27,18,10,54. ,14,00049
1510321,1,2017,03,08,01,08,50. ,12,00039
1510321,2,2017,03,14,12,57,08. ,15,00051
1510321,1,2017,04,21,17,47,59. ,05,00020
1510321,1,2017,04,24,03,43,39. ,05,00020
1510321,2,2017,04,30,23,42,47. ,24,00149
1510321,1,2017,05,26,02,33,40. ,14,00064
1510321,2,2017,07,01,23,46,11. ,15,00062
1510321,1,2017,08,02,21,24,25. ,07,00028
1510321,1,2017,09,09,19,52,00. ,08,00031
1510321,3,2017,09,10,17,44,37. ,31,00332
1510321,1,2017,09,21,01,39,21. ,06,00018
1510321,1,2017,09,27,05,23,15. ,08,00019
1510321,2,2017,10,15,11,20,31. ,15,00070
1510321,1,2017,10,18,08,49,08. ,14,00067
1510321,1,2017,11,03,12,45,46. ,11,00034
1510321,1,2017,11,20,22,18,18. ,11,00041
1510321,3,2017,12,02,05,48,11. ,32,00469
1510321,1,2017,12,16,03,00,05. ,08,00016
1510321,1,2017,12,24,10,37,57. ,06,00029
1510321,1,2018,01,10,20,04,00. ,08,00026
1510321,1,2018,01,14,18,07,53. ,12,00039
1510321,3,2018,01,24,19,51,46. ,25,00141
1510321,1,2018,01,29,19,21,43. ,14,00075
1510321,1,2018,01,30,13,10,12. ,11,00045
1510321,2,2018,01,31,05,11,59. ,24,00182
1510321,1,2018,02,17,12,50,27. ,06,00029
1510321,1,2018,02,19,13,41,08. ,10,00062
1510321,1,2018,03,01,19,55,02. ,05,00030
1510321,1,2018,03,20,03,56,37. ,08,00045
1510321,1,2018,03,22,08,15,42. ,08,00027
1510321,2,2018,03,29,23,06,15. ,15,00065
1510321,1,2018,04,02,22,24,10. ,10,00037
1510321,1,2018,04,14,04,01,25. ,06,00018
1510321,1,2018,05,18,03,43,30. ,09,00017
1510321,1,2018,06,11,17,23,48. ,09,00041
1510321,1,2018,07,02,02,27,31. ,10,00035
1510321,1,2018,07,02,20,53,57. ,06,00017
1510321,1,2018,07,05,17,43,35. ,13,00054
1510321,1,2018,07,10,13,56,25. ,12,00052
1510321,2,2018,07,16,02,13,51. ,19,00094
1510321,1,2018,08,13,00,33,49. ,07,00029
1510321,1,2018,08,23,00,06,58. ,09,00027
1510321,4,2018,09,06,03,08,13. ,43,01261
1510321,1,2018,09,06,03,10,45. ,09,00026
1510321,2,2018,09,06,03,17,27. ,15,00061
1510321,3,2018,09,06,03,20,13. ,25,00184
1510321,1,2018,09,06,03,33,17. ,07,00023
1510321,2,2018,09,06,04,11,07. ,15,00061
1510321,1,2018,09,06,06,04,56. ,05,00018
1510321,3,2018,09,06,06,11,44. ,27,00267
1510321,1,2018,09,06,14,04,21. ,12,00049
1510321,1,2018,09,06,16,53,49. ,07,00022
1510321,1,2018,09,07,13,25,49. ,06,00022
1510321,2,2018,09,07,22,44,06. ,15,00058
1510321,1,2018,09,08,18,21,31. ,07,00028
1510321,2,2018,09,09,22,55,29. ,18,00093
1510321,1,2018,09,11,04,59,10. ,08,00023
1510321,1,2018,09,11,22,26,32. ,14,00063
1510321,1,2018,09,13,01,34,23. ,08,00030
1510321,1,2018,09,14,06,54,41. ,11,00039
1510321,2,2018,09,17,02,51,54. ,19,00088
1510321,1,2018,09,24,18,17,23. ,11,00044
1510321,1,2018,09,29,18,26,21. ,05,00021
1510321,2,2018,09,30,17,54,18. ,20,00147
1510321,1,2018,10,01,11,22,28. ,11,00048
1510321,2,2018,10,05,08,59,03. ,22,00117
1510321,2,2018,10,08,21,54,20. ,16,00069
1510321,1,2018,10,09,02,45,39. ,07,00036
1510321,1,2018,10,12,09,14,51. ,13,00054
1510321,1,2018,10,20,02,30,39. ,13,00060
1510321,1,2018,11,14,19,07,45. ,12,00041
1510321,1,2018,11,21,00,38,49. ,05,00024
1510321,2,2018,11,28,11,23,57. ,16,00051
1510321,3,2018,12,30,04,08,42. ,26,00188
1510321,2,2019,01,17,11,23,49. ,18,00116
1510321,1,2019,01,26,17,24,03. ,14,00045
1510321,1,2019,02,07,16,58,36. ,05,00017
1510321,3,2019,02,21,21,22,55. ,28,00225
1510321,1,2019,03,02,12,24,24. ,11,00037
1510321,1,2019,03,28,11,17,34. ,06,00018
1510321,1,2019,04,03,05,29,28. ,10,00045
1510321,1,2019,04,08,22,22,20. ,14,00056
1510321,1,2019,04,11,17,19,29. ,10,00020
1510321,1,2019,04,15,05,29,30. ,05,00015
1510321,3,2019,04,28,02,25,03. ,30,00293
1510321,1,2019,05,04,21,35,35. ,06,00023
1510321,1,2019,06,02,20,29,32. ,08,00026
1510321,1,2019,06,21,12,41,25. ,11,00041
1510321,1,2019,07,01,09,38,13. ,10,00031
1510321,1,2019,07,30,13,14,07. ,08,00032
1510321,1,2019,08,15,14,33,47. ,12,00040
1510321,2,2019,08,21,12,35,38. ,17,00082
1510321,2,2019,08,29,08,47,22. ,15,00048
1510321,1,2019,09,07,04,05,04. ,06,00024
1510321,1,2019,09,07,18,36,17. ,13,00054
1510321,1,2019,10,20,13,43,12. ,06,00023
1510321,1,2019,10,24,00,02,54. ,12,00054
1510321,1,2019,10,28,10,59,28. ,06,00025
1510321,1,2019,11,06,00,41,46. ,14,00058
1510321,1,2019,11,07,11,36,02. ,08,00035
1510321,1,2019,12,19,15,22,29. ,09,00025
1510321,2,2020,02,13,19,36,10. ,21,00121
1510321,1,2020,02,18,14,36,00. ,05,00030
1510321,1,2020,03,03,12,20,40. ,10,00043
1510321,1,2020,03,28,04,33,17. ,07,00029
1510321,3,2020,03,28,09,58,03. ,29,00288
1510321,2,2020,04,10,19,23,14. ,16,00076
1510321,1,2020,04,19,12,09,51. ,08,00030
1510321,2,2020,04,24,04,52,48. ,16,00077
1510321,1,2020,04,28,22,15,45. ,13,00069
1510321,1,2020,05,02,13,32,19. ,05,00024
1510321,2,2020,05,31,03,14,17. ,18,00078
1510321,1,2020,07,13,10,43,28. ,08,00024
1510321,1,2020,07,27,10,22,41. ,09,00040
1510321,1,2020,08,04,11,56,56. ,05,00025
1510321,1,2020,08,10,19,19,32. ,09,00056
1510321,1,2020,08,11,16,20,37. ,08,00027
1510321,1,2020,10,11,22,59,00. ,06,00032
1510321,1,2020,10,18,21,23,50. ,12,00059
1510321,1,2020,11,06,17,57,30. ,07,00016
1510321,1,2020,11,07,02,17,53. ,05,00013
1510321,1,2020,12,01,07,57,41. ,07,00020
1510321,1,2020,12,05,13,58,02. ,09,00047
1510321,2,2020,12,12,16,20,00. ,15,00053
1510321,1,2020,12,16,10,28,52. ,09,00023
1510321,2,2020,12,21,01,25,32. ,16,00069
1510321,2,2020,12,21,02,23,53. ,21,00104
1510321,1,2021,01,12,11,41,03. ,10,00032
1510321,1,2021,01,15,17,40,23. ,12,00049
1510321,2,2021,01,23,14,39,43. ,17,00086
1510321,2,2021,01,27,14,07,14. ,21,00107
1510321,2,2021,02,13,23,10,10. ,17,00053
1510321,1,2021,02,18,16,01,26. ,14,00071
1510321,1,2021,03,05,15,14,22. ,11,00056
1510321,1,2021,03,20,18,11,34. ,12,00031
1510321,1,2021,03,23,10,09,08. ,09,00039
1510321,1,2021,03,26,12,48,40. ,12,00047
1510321,2,2021,03,28,17,12,13. ,17,00090
1510321,1,2021,04,01,13,30,34. ,05,00020
1510321,1,2021,04,14,12,28,15. ,08,00025
1510321,2,2021,05,01,10,29,21. ,16,00043
1510321,1,2021,05,07,00,15,35. ,10,00032
1510321,3,2021,05,14,20,46,57. ,27,00307
1510321,1,2021,05,14,20,54,18. ,06,00035
1510321,1,2021,05,16,12,24,35. ,13,00036
1510321,3,2021,05,29,19,10,52. ,31,00505
1510321,2,2021,06,10,20,36,05. ,17,00084
1510321,1,2021,06,20,20,08,56. ,11,00034
1510321,1,2021,07,04,02,20,13. ,13,00056
1510321,1,2021,07,26,11,16,46. ,09,00036
1510321,1,2021,08,22,01,01,42. ,08,00031
1510321,1,2021,09,27,01,36,31. ,06,00026
1510321,2,2021,09,29,17,39,56. ,17,00067
1510321,1,2021,10,06,02,46,49. ,11,00031
1510321,2,2021,10,09,11,47,50. ,15,00086
1510321,2,2021,10,10,23,16,27. ,19,00108
1510321,2,2021,10,19,21,36,57. ,17,00069
1510321,1,2021,11,30,03,23,37. ,06,00025
1510321,3,2021,12,21,01,05,32. ,29,00283
1510321,2,2021,12,27,04,40,17. ,18,00110
1510321,1,2021,12,29,05,47,55. ,10,00041
