station,intensity,year,month,day,hour,minute,second,intensity_equip,acceleration_max_comb
2020020,2,2006,03,12,07,06,59. ,23,00259
2020020,1,2006,03,27,23,11,12. ,06,00053
2020020,1,2006,04,09,09,37,55. ,06,00028
2020020,1,2006,04,10,20,27,41. ,06,00039
2020020,1,2006,04,13,13,28,12. ,08,00034
2020020,1,2006,04,22,23,36,50. ,09,00049
2020020,1,2006,04,26,23,11,28. ,08,00035
2020020,1,2006,05,12,16,33,16. ,06,00055
2020020,1,2006,05,30,16,06,32. ,08,00072
2020020,1,2006,05,30,16,38,28. ,13,00127
2020020,1,2006,06,11,16,46,58. ,06,00044
2020020,1,2006,06,12,08,04,54. ,12,00058
2020020,1,2006,06,13,11,41,43. ,10,00075
2020020,1,2006,06,17,02,11,36. ,08,00018
2020020,1,2006,06,17,03,32,17. ,13,00080
2020020,1,2006,06,17,05,20,18. ,07,00017
2020020,1,2006,06,17,13,51,49. ,14,00088
2020020,1,2006,06,17,16,38,19. ,05,00042
2020020,1,2006,06,18,05,30,27. ,05,00056
2020020,1,2006,06,22,19,56,17. ,11,00036
2020020,2,2006,07,01,08,29,13. ,15,00058
2020020,2,2006,07,06,02,08,55. ,23,00268
2020020,1,2006,07,08,14,03,18. ,06,00035
2020020,1,2006,07,10,05,24,05. ,05,00055
2020020,1,2006,07,11,15,47,24. ,13,00086
2020020,1,2006,07,11,18,38,00. ,05,00060
2020020,2,2006,08,24,20,33,21. ,18,00150
2020020,1,2006,08,25,07,58,32. ,05,00045
2020020,1,2006,08,27,06,04,36. ,12,00076
2020020,1,2006,10,02,02,08,24. ,11,00048
2020020,1,2006,10,06,01,48,33. ,07,00059
2020020,2,2006,10,12,12,23,23. ,15,00166
2020020,2,2006,10,16,11,51,43. ,18,00155
2020020,1,2006,10,23,09,58,30. ,05,00038
2020020,1,2006,10,28,15,47,43. ,09,00084
2020020,1,2006,11,01,02,40,43. ,05,00034
2020020,3,2006,11,06,06,57,29. ,26,00416
2020020,1,2006,11,22,20,17,23. ,13,00059
2020020,1,2006,11,23,03,07,17. ,05,00046
2020020,1,2006,12,07,08,28,25. ,06,00031
2020020,1,2006,12,09,23,52,16. ,07,00031
2020020,1,2006,12,20,11,57,04. ,08,00080
2020020,1,2006,12,24,12,53,43. ,07,00040
2020020,1,2006,12,27,12,17,55. ,05,00029
2020020,1,2007,01,12,05,36,59. ,05,00030
2020020,2,2007,01,13,13,29,10. ,22,00113
2020020,2,2007,01,16,21,53,10. ,15,00073
2020020,1,2007,01,23,13,07,48. ,13,00104
2020020,1,2007,01,25,13,11,09. ,06,00062
2020020,1,2007,01,28,07,12,56. ,05,00043
2020020,1,2007,02,15,16,54,27. ,06,00048
2020020,2,2007,02,17,09,03,34. ,15,00074
2020020,1,2007,02,20,06,24,13. ,11,00115
2020020,1,2007,03,03,05,14,46. ,05,00029
2020020,1,2007,03,07,21,59,58. ,06,00036
2020020,1,2007,03,11,16,11,51. ,11,00047
2020020,1,2007,03,12,20,33,13. ,06,00038
2020020,2,2007,03,15,14,43,55. ,16,00172
2020020,2,2007,03,17,20,40,41. ,21,00210
2020020,1,2007,03,18,10,26,32. ,06,00021
2020020,1,2007,03,21,09,20,01. ,13,00079
2020020,1,2007,03,28,09,41,37. ,09,00035
2020020,1,2007,03,30,18,07,09. ,08,00038
2020020,1,2007,03,31,22,32,56. ,09,00051
2020020,1,2007,04,12,22,00,21. ,08,00041
2020020,2,2007,04,19,00,08,07. ,19,00204
2020020,1,2007,04,27,01,39,03. ,11,00041
2020020,1,2007,05,07,23,10,24. ,08,00043
2020020,1,2007,05,08,23,08,56. ,08,00057
2020020,2,2007,05,16,05,21,32. ,17,00115
2020020,3,2007,05,19,01,00,20. ,25,00287
2020020,1,2007,05,21,03,17,52. ,08,00064
2020020,1,2007,06,11,01,54,12. ,14,00159
2020020,1,2007,06,16,05,29,52. ,06,00023
2020020,1,2007,06,23,07,21,03. ,08,00047
2020020,1,2007,06,23,16,16,16. ,13,00089
2020020,2,2007,07,01,13,14,00. ,20,00130
2020020,2,2007,07,16,23,20,18. ,23,00135
2020020,1,2007,07,17,21,38,22. ,05,00051
2020020,1,2007,08,15,19,35,15. ,07,00069
2020020,2,2007,08,19,02,18,02. ,19,00264
2020020,2,2007,08,22,16,26,53. ,17,00071
2020020,1,2007,08,25,14,17,47. ,07,00082
2020020,1,2007,08,25,21,57,22. ,13,00089
2020020,1,2007,09,03,05,25,24. ,07,00060
2020020,1,2007,09,04,01,18,14. ,09,00035
2020020,1,2007,09,09,14,02,32. ,07,00060
2020020,1,2007,10,09,02,12,40. ,07,00027
2020020,1,2007,10,18,19,46,49. ,09,00083
2020020,1,2007,10,20,12,15,30. ,06,00034
2020020,1,2007,10,20,19,06,06. ,08,00058
2020020,1,2007,10,20,19,10,43. ,07,00042
2020020,1,2007,11,09,14,15,45. ,05,00045
2020020,2,2007,11,26,22,53,07. ,16,00033
2020020,1,2007,11,27,19,22,50. ,05,00033
2020020,2,2007,12,23,18,53,32. ,16,00107
2020020,2,2007,12,25,23,05,15. ,15,00069
2020020,1,2007,12,26,08,39,59. ,05,00022
2020020,1,2008,01,08,03,17,06. ,09,00079
2020020,2,2008,01,11,08,00,57. ,15,00106
2020020,2,2008,01,21,12,12,37. ,17,00184
2020020,1,2008,03,13,17,43,02. ,06,00040
2020020,1,2008,03,23,15,54,41. ,11,00061
2020020,2,2008,03,29,08,03,43. ,19,00170
2020020,1,2008,04,12,09,48,46. ,09,00032
2020020,3,2008,04,17,04,20,10. ,28,00362
2020020,1,2008,04,26,05,49,54. ,08,00049
2020020,3,2008,04,29,14,26,26. ,28,00464
2020020,1,2008,05,08,01,04,30. ,07,00013
2020020,2,2008,05,08,01,47,20. ,19,00047
2020020,1,2008,05,09,16,41,52. ,09,00087
2020020,2,2008,05,10,09,01,22. ,16,00104
2020020,1,2008,05,11,01,20,39. ,05,00042
2020020,1,2008,05,11,03,25,53. ,06,00030
2020020,1,2008,05,14,03,00,46. ,06,00034
2020020,1,2008,05,23,02,40,39. ,07,00041
2020020,2,2008,05,31,23,28,53. ,16,00074
2020020,1,2008,06,05,02,04,14. ,09,00043
2020020,1,2008,06,14,04,45,37. ,11,00099
2020020,3,2008,06,14,08,44,16. ,32,00404
2020020,1,2008,06,14,09,21,11. ,07,00015
2020020,1,2008,06,14,10,01,05. ,05,00024
2020020,1,2008,06,16,23,15,29. ,11,00037
2020020,1,2008,06,26,08,37,45. ,11,00053
2020020,1,2008,06,30,05,55,28. ,11,00043
2020020,2,2008,07,19,11,40,35. ,22,00083
2020020,2,2008,07,21,20,32,03. ,16,00042
2020020,C,2008,07,24,00,26,38. ,55,06229
2020020,2,2008,07,24,11,28,15. ,22,00258
2020020,1,2008,07,25,17,59,55. ,05,00037
2020020,1,2008,08,07,21,42,26. ,05,00055
2020020,2,2008,08,09,00,53,28. ,23,00226
2020020,1,2008,08,14,20,12,58. ,07,00035
2020020,2,2008,08,16,17,20,46. ,16,00135
2020020,1,2008,08,29,23,42,25. ,05,00028
2020020,1,2008,09,01,14,42,17. ,05,00029
2020020,2,2008,09,10,08,57,28. ,22,00304
2020020,2,2008,09,11,09,21,30. ,18,00091
2020020,1,2008,09,18,18,32,33. ,08,00040
2020020,3,2008,09,22,16,32,26. ,26,00173
2020020,2,2008,09,27,01,53,51. ,16,00067
2020020,1,2008,10,07,04,54,44. ,08,00053
2020020,2,2008,10,09,02,53,01. ,15,00081
2020020,1,2008,10,11,04,28,06. ,09,00056
2020020,1,2008,10,15,10,06,30. ,09,00099
2020020,1,2008,10,16,20,50,32. ,06,00031
2020020,1,2008,10,19,09,07,39. ,10,00086
2020020,1,2008,10,30,00,49,44. ,10,00058
2020020,2,2008,11,17,19,10,11. ,20,00213
2020020,1,2008,11,29,15,07,21. ,10,00091
2020020,1,2008,12,04,08,18,08. ,13,00027
2020020,1,2008,12,04,12,12,07. ,10,00018
2020020,1,2008,12,08,06,50,44. ,05,00040
2020020,1,2008,12,18,15,48,30. ,08,00015
2020020,2,2008,12,19,15,53,14. ,22,00313
2020020,1,2008,12,20,13,41,59. ,10,00080
2020020,1,2009,01,07,17,46,26. ,05,00041
2020020,1,2009,01,11,14,58,20. ,05,00033
2020020,1,2009,01,16,02,54,27. ,13,00052
2020020,1,2009,02,01,06,53,42. ,10,00023
2020020,3,2009,02,15,18,24,46. ,28,00407
2020020,1,2009,02,16,00,46,35. ,10,00061
2020020,1,2009,02,21,13,30,55. ,07,00051
2020020,2,2009,02,28,09,36,30. ,21,00229
2020020,1,2009,03,20,15,53,35. ,06,00045
2020020,1,2009,04,06,11,32,04. ,08,00054
2020020,2,2009,04,25,22,54,44. ,22,00195
2020020,1,2009,05,15,07,08,25. ,08,00062
2020020,1,2009,05,27,06,41,00. ,10,00088
2020020,2,2009,06,05,12,31,11. ,17,00058
2020020,1,2009,06,09,11,07,51. ,10,00057
2020020,1,2009,06,15,03,32,38. ,14,00103
2020020,1,2009,06,17,17,51,56. ,09,00062
2020020,1,2009,06,19,08,52,12. ,05,00046
2020020,2,2009,06,23,16,37,49. ,17,00121
2020020,1,2009,07,04,04,44,50. ,08,00070
2020020,1,2009,07,11,00,02,35. ,11,00066
2020020,1,2009,08,02,03,00,17. ,06,00054
2020020,1,2009,08,03,02,11,20. ,10,00077
2020020,2,2009,08,09,19,59,11. ,15,00048
2020020,2,2009,08,10,03,26,56. ,15,00127
2020020,2,2009,08,12,17,52,02. ,16,00211
2020020,1,2009,08,22,07,36,30. ,07,00065
2020020,2,2009,08,24,14,26,44. ,21,00169
2020020,1,2009,08,25,02,23,44. ,11,00044
2020020,1,2009,09,04,10,42,36. ,07,00053
2020020,1,2009,09,08,01,25,21. ,10,00034
2020020,2,2009,09,10,00,39,57. ,18,00196
2020020,1,2009,09,13,17,37,49. ,10,00043
2020020,1,2009,09,15,09,49,19. ,05,00050
2020020,1,2009,09,18,15,37,03. ,08,00057
2020020,1,2009,09,21,05,04,59. ,07,00067
2020020,1,2009,09,30,02,22,17. ,09,00054
2020020,1,2009,10,02,10,35,07. ,11,00072
2020020,2,2009,10,03,22,57,42. ,15,00169
2020020,2,2009,10,10,17,43,14. ,24,00229
2020020,1,2009,10,18,23,13,16. ,09,00052
2020020,1,2009,10,31,02,42,46. ,07,00044
2020020,2,2009,11,03,13,50,29. ,21,00292
2020020,1,2009,11,09,08,17,31. ,09,00065
2020020,1,2009,11,30,09,06,50. ,12,00105
2020020,2,2009,12,17,04,04,17. ,21,00320
2020020,1,2009,12,17,19,58,16. ,07,00038
2020020,1,2009,12,24,09,26,04. ,07,00030
2020020,1,2009,12,30,04,23,34. ,13,00074
2020020,1,2010,01,03,18,33,05. ,06,00059
2020020,1,2010,01,15,03,47,24. ,09,00041
2020020,1,2010,01,17,15,06,00. ,09,00042
2020020,1,2010,01,24,16,19,28. ,13,00073
2020020,1,2010,02,02,22,49,02. ,10,00083
2020020,1,2010,03,01,07,08,12. ,11,00049
2020020,1,2010,03,13,21,47,42. ,10,00053
2020020,3,2010,03,14,17,08,52. ,25,00137
2020020,1,2010,04,08,14,16,07. ,09,00059
2020020,1,2010,04,26,06,23,57. ,10,00053
2020020,1,2010,05,05,22,31,32. ,09,00071
2020020,1,2010,06,05,14,24,07. ,07,00040
2020020,2,2010,06,13,12,33,53. ,15,00046
2020020,1,2010,06,14,21,47,03. ,08,00037
2020020,1,2010,06,18,11,25,59. ,07,00015
2020020,1,2010,06,18,15,38,24. ,07,00076
2020020,2,2010,06,19,19,01,15. ,18,00128
2020020,2,2010,06,28,06,03,46. ,23,00276
2020020,1,2010,06,29,07,24,52. ,08,00052
2020020,1,2010,06,29,14,42,32. ,05,00044
2020020,1,2010,07,04,04,34,02. ,09,00027
2020020,3,2010,07,05,06,56,13. ,26,00264
2020020,1,2010,07,08,15,25,57. ,08,00058
2020020,1,2010,07,10,03,32,06. ,10,00080
2020020,1,2010,07,12,04,17,20. ,14,00135
2020020,1,2010,07,12,19,02,22. ,08,00072
2020020,1,2010,07,19,17,23,45. ,06,00044
2020020,1,2010,07,27,08,31,52. ,11,00046
2020020,1,2010,07,28,08,07,53. ,09,00060
2020020,2,2010,07,30,13,52,21. ,17,00197
2020020,1,2010,08,09,19,09,47. ,07,00055
2020020,2,2010,08,10,14,51,17. ,24,00078
2020020,1,2010,08,14,13,26,13. ,09,00046
2020020,1,2010,08,15,11,19,37. ,08,00055
2020020,1,2010,09,04,06,17,05. ,05,00039
2020020,3,2010,09,13,14,48,08. ,33,00557
2020020,2,2010,09,28,01,15,27. ,17,00089
2020020,1,2010,09,29,03,36,03. ,10,00074
2020020,1,2010,10,11,23,10,59. ,13,00065
2020020,2,2010,10,14,22,59,50. ,15,00069
2020020,1,2010,10,16,06,14,50. ,10,00052
2020020,2,2010,10,25,06,10,20. ,15,00139
2020020,1,2010,11,03,03,13,20. ,08,00039
2020020,1,2010,11,24,17,34,20. ,05,00047
2020020,2,2010,12,06,16,30,50. ,16,00072
2020020,1,2010,12,15,16,37,50. ,08,00042
2020020,1,2011,01,02,22,54,00. ,06,00048
2020020,1,2011,02,10,22,04,40. ,06,00016
2020020,1,2011,02,16,18,14,20. ,11,00098
2020020,4,2011,03,09,11,46,00. ,36,00423
2020020,2,2011,03,09,11,58,30. ,15,00029
2020020,2,2011,03,09,11,59,30. ,16,00034
2020020,1,2011,03,09,13,07,10. ,09,00016
2020020,2,2011,03,09,13,38,10. ,16,00042
2020020,1,2011,03,09,13,47,00. ,07,00015
2020020,1,2011,03,09,17,03,40. ,06,00015
2020020,2,2011,03,10,03,17,00. ,19,00062
2020020,1,2011,03,10,03,45,50. ,11,00018
2020020,2,2011,03,10,06,24,50. ,22,00082
2020020,A,2011,03,11,14,47,10. ,48,02055
2020020,2,2011,03,11,14,53,10. ,23,00085
2020020,2,2011,03,11,14,56,10. ,18,00055
2020020,2,2011,03,11,14,58,10. ,24,00186
2020020,2,2011,03,11,15,04,10. ,18,00102
2020020,1,2011,03,11,15,05,12. ,12,00048
2020020,4,2011,03,11,15,07,10. ,37,00831
2020020,1,2011,03,11,15,08,10. ,09,00031
2020020,A,2011,03,11,15,09,10. ,45,02011
2020020,2,2011,03,11,15,13,00. ,15,00104
2020020,2,2011,03,11,15,15,00. ,22,00154
2020020,2,2011,03,11,15,14,00. ,18,00077
2020020,2,2011,03,11,15,18,00. ,23,00101
2020020,1,2011,03,11,15,21,06. ,13,00027
2020020,1,2011,03,11,15,22,00. ,12,00034
2020020,2,2011,03,11,15,23,00. ,15,00064
2020020,3,2011,03,11,15,24,00. ,27,00304
2020020,3,2011,03,11,15,26,50. ,33,00717
2020020,2,2011,03,11,15,30,50. ,16,00096
2020020,1,2011,03,11,15,32,50. ,06,00022
2020020,1,2011,03,11,15,34,46. ,14,00064
2020020,1,2011,03,11,15,36,10. ,05,00020
2020020,1,2011,03,11,15,37,10. ,05,00028
2020020,1,2011,03,11,15,39,10. ,10,00035
2020020,3,2011,03,11,15,41,10. ,28,00347
2020020,1,2011,03,11,15,44,30. ,14,00069
2020020,2,2011,03,11,15,46,28. ,15,00098
2020020,2,2011,03,11,15,48,40. ,16,00091
2020020,3,2011,03,11,15,50,00. ,26,00183
2020020,1,2011,03,11,15,53,40. ,06,00023
2020020,1,2011,03,11,15,55,10. ,05,00025
2020020,1,2011,03,11,15,56,27. ,09,00063
2020020,2,2011,03,11,16,00,00. ,16,00079
2020020,3,2011,03,11,16,05,10. ,26,00286
2020020,2,2011,03,11,16,06,10. ,17,00093
2020020,1,2011,03,11,16,12,10. ,10,00024
2020020,2,2011,03,11,16,17,00. ,16,00034
2020020,1,2011,03,11,16,19,20. ,08,00031
2020020,2,2011,03,11,16,27,20. ,23,00275
2020020,3,2011,03,11,16,29,22. ,33,00543
2020020,2,2011,03,11,16,32,20. ,19,00140
2020020,2,2011,03,11,16,34,58. ,18,00093
2020020,1,2011,03,11,16,36,13. ,08,00020
2020020,1,2011,03,11,16,37,20. ,06,00039
2020020,2,2011,03,11,16,38,30. ,19,00102
2020020,2,2011,03,11,16,39,30. ,20,00114
2020020,1,2011,03,11,16,40,30. ,07,00029
2020020,1,2011,03,11,16,41,56. ,08,00036
2020020,1,2011,03,11,16,43,39. ,06,00031
2020020,1,2011,03,11,16,45,36. ,12,00104
2020020,1,2011,03,11,16,54,49. ,05,00027
2020020,2,2011,03,11,16,55,45. ,17,00056
2020020,1,2011,03,11,16,57,50. ,09,00017
2020020,1,2011,03,11,17,04,49. ,06,00023
2020020,1,2011,03,11,17,06,30. ,11,00019
2020020,1,2011,03,11,17,11,22. ,05,00027
2020020,1,2011,03,11,17,13,55. ,14,00025
2020020,1,2011,03,11,17,17,27. ,08,00044
2020020,2,2011,03,11,17,21,29. ,16,00028
2020020,1,2011,03,11,17,29,20. ,14,00046
2020020,1,2011,03,11,17,28,27. ,11,00038
2020020,1,2011,03,11,17,31,50. ,13,00052
2020020,2,2011,03,11,17,33,50. ,22,00119
2020020,1,2011,03,11,17,37,04. ,09,00042
2020020,1,2011,03,11,17,39,29. ,07,00042
2020020,2,2011,03,11,17,42,20. ,17,00073
2020020,1,2011,03,11,17,48,21. ,09,00045
2020020,1,2011,03,11,18,05,30. ,06,00015
2020020,1,2011,03,11,18,28,17. ,13,00044
2020020,3,2011,03,11,18,42,45. ,25,00240
2020020,1,2011,03,11,18,47,50. ,12,00029
2020020,3,2011,03,11,19,11,00. ,30,00412
2020020,1,2011,03,11,19,14,07. ,05,00028
2020020,1,2011,03,11,19,33,10. ,10,00048
2020020,1,2011,03,11,19,53,30. ,06,00027
2020020,2,2011,03,11,19,58,51. ,15,00098
2020020,1,2011,03,11,20,01,40. ,11,00046
2020020,1,2011,03,11,20,02,40. ,10,00059
2020020,1,2011,03,11,20,29,48. ,09,00038
2020020,1,2011,03,11,20,33,20. ,11,00024
2020020,1,2011,03,11,20,35,08. ,08,00041
2020020,4,2011,03,11,20,37,00. ,37,01012
2020020,1,2011,03,11,20,40,20. ,11,00094
2020020,2,2011,03,11,20,42,30. ,16,00086
2020020,1,2011,03,11,20,54,00. ,14,00070
2020020,3,2011,03,11,20,57,30. ,29,00366
2020020,1,2011,03,11,21,02,30. ,11,00052
2020020,1,2011,03,11,21,03,30. ,07,00044
2020020,1,2011,03,11,21,14,00. ,14,00045
2020020,3,2011,03,11,21,16,10. ,25,00264
2020020,1,2011,03,11,21,22,30. ,09,00043
2020020,1,2011,03,11,21,34,32. ,05,00017
2020020,2,2011,03,11,21,55,40. ,15,00071
2020020,2,2011,03,11,22,00,50. ,18,00169
2020020,1,2011,03,11,22,08,59. ,12,00056
2020020,1,2011,03,11,22,57,25. ,08,00029
2020020,1,2011,03,11,23,08,24. ,06,00033
2020020,1,2011,03,11,23,12,14. ,06,00014
2020020,1,2011,03,11,23,29,42. ,05,00030
2020020,1,2011,03,12,00,02,25. ,07,00043
2020020,1,2011,03,12,00,37,13. ,05,00021
2020020,1,2011,03,12,00,45,10. ,06,00030
2020020,1,2011,03,12,01,12,20. ,09,00025
2020020,1,2011,03,12,02,15,44. ,09,00056
2020020,3,2011,03,12,04,03,20. ,26,00255
2020020,2,2011,03,12,04,47,20. ,15,00045
2020020,2,2011,03,12,05,11,50. ,22,00138
2020020,1,2011,03,12,05,46,50. ,09,00044
2020020,2,2011,03,12,06,01,18. ,18,00080
2020020,2,2011,03,12,07,43,40. ,16,00114
2020020,1,2011,03,12,07,52,53. ,06,00033
2020020,2,2011,03,12,08,05,30. ,22,00249
2020020,1,2011,03,12,08,27,40. ,11,00051
2020020,1,2011,03,12,08,54,18. ,11,00049
2020020,1,2011,03,12,10,35,02. ,14,00043
2020020,2,2011,03,12,10,48,41. ,15,00037
2020020,1,2011,03,12,11,15,28. ,14,00064
2020020,1,2011,03,12,11,37,49. ,10,00045
2020020,1,2011,03,12,11,43,56. ,09,00046
2020020,1,2011,03,12,11,49,03. ,08,00043
2020020,2,2011,03,12,12,02,10. ,22,00115
2020020,1,2011,03,12,12,07,14. ,05,00028
2020020,3,2011,03,12,13,06,41. ,25,00241
2020020,1,2011,03,12,13,53,35. ,11,00022
2020020,1,2011,03,12,22,18,00. ,10,00022
2020020,1,2011,03,12,22,25,03. ,06,00034
2020020,1,2011,03,12,22,27,25. ,13,00102
2020020,2,2011,03,12,23,04,26. ,19,00055
2020020,1,2011,03,12,23,22,17. ,08,00044
2020020,3,2011,03,12,23,43,30. ,31,00484
2020020,1,2011,03,13,02,41,54. ,07,00033
2020020,1,2011,03,13,04,17,26. ,09,00048
2020020,2,2011,03,13,06,48,34. ,20,00179
2020020,2,2011,03,13,06,58,45. ,18,00129
2020020,1,2011,03,13,07,11,03. ,07,00045
2020020,1,2011,03,13,07,14,08. ,12,00038
2020020,1,2011,03,13,07,27,52. ,09,00053
2020020,3,2011,03,13,07,31,53. ,25,00190
2020020,1,2011,03,13,07,37,10. ,11,00058
2020020,1,2011,03,13,08,21,55. ,12,00037
2020020,2,2011,03,13,08,25,40. ,15,00058
2020020,1,2011,03,13,13,24,41. ,05,00016
2020020,1,2011,03,13,14,48,06. ,11,00042
2020020,1,2011,03,13,14,56,00. ,10,00027
2020020,2,2011,03,13,15,19,20. ,18,00174
2020020,1,2011,03,13,16,57,21. ,10,00029
2020020,2,2011,03,13,18,25,57. ,18,00069
2020020,2,2011,03,13,18,53,07. ,17,00085
2020020,1,2011,03,13,20,28,27. ,05,00023
2020020,1,2011,03,13,20,39,03. ,10,00022
2020020,1,2011,03,13,22,44,30. ,11,00073
2020020,1,2011,03,13,23,32,52. ,06,00017
2020020,1,2011,03,14,00,26,34. ,06,00037
2020020,2,2011,03,14,00,27,45. ,15,00090
2020020,1,2011,03,14,00,45,58. ,07,00049
2020020,1,2011,03,14,01,16,53. ,06,00019
2020020,1,2011,03,14,03,46,18. ,05,00019
2020020,1,2011,03,14,06,53,40. ,06,00034
2020020,1,2011,03,14,08,06,30. ,08,00058
2020020,2,2011,03,14,15,13,50. ,16,00043
2020020,2,2011,03,14,15,44,20. ,24,00323
2020020,1,2011,03,14,18,39,20. ,06,00032
2020020,1,2011,03,14,19,29,40. ,09,00025
2020020,1,2011,03,14,19,35,20. ,08,00037
2020020,1,2011,03,15,03,01,20. ,09,00053
2020020,1,2011,03,15,04,29,10. ,14,00075
2020020,1,2011,03,15,04,35,00. ,09,00034
2020020,1,2011,03,15,13,56,26. ,13,00077
2020020,1,2011,03,15,16,09,35. ,10,00032
2020020,1,2011,03,15,17,02,25. ,07,00022
2020020,1,2011,03,15,17,57,02. ,12,00072
2020020,1,2011,03,15,18,51,27. ,11,00018
2020020,1,2011,03,15,21,34,02. ,07,00027
2020020,2,2011,03,15,22,29,20. ,15,00040
2020020,1,2011,03,15,22,39,10. ,08,00021
2020020,1,2011,03,15,23,40,58. ,13,00070
2020020,2,2011,03,16,00,24,22. ,20,00077
2020020,1,2011,03,16,04,02,40. ,13,00048
2020020,1,2011,03,16,04,54,46. ,06,00013
2020020,1,2011,03,16,11,49,04. ,05,00037
2020020,3,2011,03,16,15,29,19. ,27,00516
2020020,1,2011,03,16,17,18,18. ,11,00052
2020020,1,2011,03,16,23,47,00. ,10,00043
2020020,1,2011,03,17,03,37,04. ,06,00030
2020020,1,2011,03,17,07,50,00. ,06,00052
2020020,1,2011,03,17,08,04,10. ,05,00029
2020020,2,2011,03,17,08,38,40. ,19,00146
2020020,1,2011,03,17,11,49,10. ,10,00068
2020020,3,2011,03,17,13,14,10. ,32,00543
2020020,1,2011,03,17,15,25,41. ,09,00052
2020020,1,2011,03,17,17,45,52. ,08,00026
2020020,2,2011,03,17,17,59,56. ,21,00159
2020020,2,2011,03,17,18,06,14. ,18,00140
2020020,2,2011,03,17,21,56,30. ,15,00030
2020020,1,2011,03,17,23,49,50. ,13,00095
2020020,2,2011,03,18,00,00,43. ,15,00106
2020020,1,2011,03,18,02,23,06. ,10,00081
2020020,1,2011,03,18,04,04,00. ,08,00043
2020020,1,2011,03,18,06,25,00. ,14,00108
2020020,1,2011,03,18,16,31,36. ,06,00037
2020020,1,2011,03,19,03,33,30. ,09,00037
2020020,1,2011,03,19,04,54,28. ,05,00019
2020020,2,2011,03,19,08,33,20. ,24,00183
2020020,1,2011,03,19,18,58,40. ,11,00016
2020020,1,2011,03,20,02,04,49. ,10,00050
2020020,1,2011,03,20,03,11,04. ,14,00091
2020020,1,2011,03,20,08,38,08. ,08,00031
2020020,1,2011,03,20,10,06,12. ,05,00029
2020020,2,2011,03,20,10,10,12. ,20,00115
2020020,1,2011,03,20,10,32,20. ,08,00019
2020020,1,2011,03,20,14,56,46. ,08,00022
2020020,3,2011,03,20,21,04,00. ,27,00343
2020020,2,2011,03,22,04,29,24. ,17,00122
2020020,1,2011,03,22,11,54,27. ,10,00054
2020020,2,2011,03,22,16,20,02. ,15,00094
2020020,1,2011,03,22,18,20,10. ,13,00036
2020020,2,2011,03,22,18,45,10. ,17,00039
2020020,1,2011,03,22,19,19,16. ,14,00095
2020020,1,2011,03,22,19,23,35. ,13,00077
2020020,1,2011,03,22,20,22,04. ,10,00028
2020020,1,2011,03,22,21,06,23. ,08,00011
2020020,2,2011,03,23,00,49,50. ,21,00162
2020020,1,2011,03,23,00,58,56. ,12,00069
2020020,1,2011,03,23,06,56,03. ,07,00041
2020020,1,2011,03,23,07,14,20. ,09,00016
2020020,2,2011,03,23,09,07,10. ,21,00209
2020020,1,2011,03,23,13,13,29. ,12,00065
2020020,1,2011,03,24,12,59,14. ,07,00029
2020020,3,2011,03,24,17,21,20. ,25,00267
2020020,1,2011,03,25,04,45,38. ,09,00029
2020020,3,2011,03,25,20,36,50. ,25,00175
2020020,1,2011,03,26,08,50,56. ,06,00034
2020020,1,2011,03,26,19,19,30. ,11,00039
2020020,2,2011,03,27,12,20,32. ,20,00167
2020020,2,2011,03,27,14,08,07. ,16,00109
2020020,2,2011,03,27,22,42,03. ,21,00141
2020020,1,2011,03,28,05,51,03. ,08,00041
2020020,3,2011,03,28,07,24,30. ,31,00242
2020020,1,2011,03,28,12,20,13. ,05,00037
2020020,1,2011,03,28,12,24,13. ,05,00033
2020020,1,2011,03,28,16,11,12. ,06,00030
2020020,1,2011,03,29,08,52,00. ,10,00061
2020020,2,2011,03,29,19,56,00. ,16,00039
2020020,1,2011,03,30,01,36,49. ,10,00014
2020020,1,2011,03,30,12,57,59. ,06,00042
2020020,1,2011,03,30,22,01,00. ,09,00026
2020020,3,2011,03,31,16,15,50. ,31,00334
2020020,2,2011,04,01,19,50,00. ,23,00351
2020020,3,2011,04,01,20,58,10. ,27,00204
2020020,1,2011,04,02,02,04,15. ,14,00053
2020020,2,2011,04,02,05,00,20. ,17,00093
2020020,1,2011,04,02,13,08,40. ,12,00070
2020020,1,2011,04,02,14,33,30. ,14,00096
2020020,1,2011,04,03,16,40,00. ,07,00029
2020020,1,2011,04,04,08,55,13. ,06,00027
2020020,1,2011,04,05,10,29,30. ,09,00046
2020020,1,2011,04,06,04,44,08. ,11,00082
2020020,1,2011,04,06,07,03,00. ,10,00035
2020020,1,2011,04,06,22,56,10. ,11,00031
2020020,4,2011,04,07,23,33,21. ,43,01582
2020020,1,2011,04,09,03,44,48. ,07,00045
2020020,2,2011,04,09,18,43,20. ,15,00092
2020020,1,2011,04,10,07,50,04. ,05,00038
2020020,1,2011,04,11,04,24,25. ,12,00074
2020020,1,2011,04,11,14,11,40. ,06,00047
2020020,2,2011,04,11,17,17,50. ,22,00076
2020020,1,2011,04,12,02,55,09. ,05,00028
2020020,1,2011,04,12,11,04,12. ,05,00044
2020020,2,2011,04,12,14,09,30. ,15,00029
2020020,2,2011,04,13,04,38,10. ,20,00139
2020020,1,2011,04,13,11,46,23. ,14,00101
2020020,2,2011,04,14,04,58,00. ,18,00057
2020020,1,2011,04,14,05,33,13. ,11,00035
2020020,1,2011,04,14,19,33,20. ,11,00037
2020020,1,2011,04,15,09,51,23. ,05,00032
2020020,1,2011,04,15,21,43,18. ,14,00144
2020020,1,2011,04,15,23,35,10. ,12,00057
2020020,1,2011,04,16,04,27,22. ,09,00050
2020020,1,2011,04,17,10,38,50. ,07,00029
2020020,1,2011,04,18,00,38,50. ,05,00057
2020020,2,2011,04,18,22,03,36. ,15,00087
2020020,1,2011,04,19,02,26,30. ,07,00037
2020020,1,2011,04,19,03,03,20. ,11,00049
2020020,2,2011,04,19,21,55,40. ,24,00448
2020020,1,2011,04,21,17,19,10. ,13,00068
2020020,2,2011,04,23,19,13,20. ,19,00119
2020020,1,2011,04,28,10,45,40. ,09,00038
2020020,1,2011,04,28,18,29,10. ,11,00030
2020020,1,2011,04,29,02,18,40. ,06,00037
2020020,1,2011,04,29,15,55,20. ,13,00082
2020020,1,2011,04,30,07,20,20. ,10,00040
2020020,1,2011,04,30,10,54,50. ,07,00041
2020020,1,2011,05,02,09,38,30. ,06,00044
2020020,2,2011,05,03,06,26,20. ,18,00092
2020020,1,2011,05,03,22,36,40. ,13,00057
2020020,3,2011,05,04,14,42,00. ,28,00483
2020020,2,2011,05,05,23,59,40. ,15,00081
2020020,3,2011,05,08,05,52,30. ,26,00279
2020020,1,2011,05,11,19,53,20. ,12,00094
2020020,1,2011,05,12,03,22,40. ,07,00031
2020020,2,2011,05,13,01,21,20. ,16,00125
2020020,1,2011,05,15,21,15,50. ,11,00026
2020020,1,2011,05,15,21,33,30. ,08,00044
2020020,1,2011,05,19,12,42,10. ,10,00077
2020020,1,2011,05,22,12,16,30. ,05,00038
2020020,1,2011,05,24,12,41,40. ,14,00043
2020020,1,2011,05,26,15,58,00. ,05,00038
2020020,2,2011,05,28,08,02,20. ,16,00097
2020020,1,2011,05,29,02,59,50. ,12,00109
2020020,1,2011,05,29,09,03,30. ,10,00069
2020020,1,2011,05,31,08,54,31. ,07,00025
2020020,2,2011,05,31,21,29,12. ,17,00098
2020020,1,2011,06,02,01,40,07. ,05,00028
2020020,1,2011,06,02,03,37,29. ,13,00107
2020020,1,2011,06,02,05,33,42. ,10,00100
2020020,1,2011,06,02,07,07,01. ,07,00051
2020020,1,2011,06,03,08,34,01. ,07,00097
2020020,1,2011,06,03,09,06,39. ,14,00081
2020020,1,2011,06,04,12,33,27. ,07,00040
2020020,1,2011,06,07,13,02,51. ,09,00074
2020020,2,2011,06,09,07,12,02. ,19,00136
2020020,2,2011,06,10,03,16,09. ,15,00087
2020020,1,2011,06,11,07,36,57. ,10,00058
2020020,1,2011,06,12,03,41,38. ,07,00042
2020020,1,2011,06,13,15,51,15. ,10,00033
2020020,1,2011,06,14,22,08,18. ,10,00042
2020020,3,2011,06,14,23,56,24. ,26,00281
2020020,1,2011,06,15,02,55,27. ,08,00073
2020020,1,2011,06,18,05,13,26. ,06,00063
2020020,1,2011,06,18,20,32,26. ,13,00034
2020020,1,2011,06,21,08,10,28. ,07,00048
2020020,2,2011,06,22,23,29,18. ,20,00129
2020020,4,2011,06,23,06,51,09. ,43,01635
2020020,1,2011,06,23,17,22,53. ,08,00049
2020020,1,2011,06,23,19,16,14. ,08,00057
2020020,1,2011,06,23,19,36,00. ,12,00042
2020020,2,2011,06,25,02,40,17. ,18,00097
2020020,1,2011,06,25,09,44,47. ,11,00078
2020020,1,2011,06,26,19,11,54. ,11,00113
2020020,1,2011,07,04,19,45,47. ,07,00034
2020020,1,2011,07,05,01,06,56. ,13,00079
2020020,1,2011,07,08,03,37,21. ,13,00038
2020020,2,2011,07,08,22,11,03. ,17,00123
2020020,3,2011,07,10,09,58,05. ,26,00271
2020020,2,2011,07,11,13,30,05. ,15,00080
2020020,1,2011,07,12,18,00,50. ,13,00057
2020020,1,2011,07,13,00,38,26. ,12,00055
2020020,1,2011,07,14,10,35,55. ,05,00033
2020020,3,2011,07,23,13,34,54. ,33,00403
2020020,1,2011,07,25,00,07,59. ,10,00037
2020020,2,2011,07,25,03,52,25. ,22,00086
2020020,1,2011,07,25,09,02,56. ,13,00122
2020020,1,2011,07,25,20,05,45. ,13,00057
2020020,1,2011,07,26,06,34,08. ,08,00032
2020020,1,2011,07,26,07,59,36. ,12,00069
2020020,1,2011,07,27,23,50,36. ,10,00030
2020020,1,2011,07,28,18,02,29. ,11,00023
2020020,2,2011,07,31,03,55,06. ,24,00112
2020020,2,2011,07,31,14,20,44. ,21,00252
2020020,2,2011,08,01,02,36,47. ,18,00095
2020020,1,2011,08,01,04,34,47. ,07,00026
2020020,3,2011,08,01,22,45,03. ,29,00452
2020020,1,2011,08,01,23,54,41. ,14,00153
2020020,1,2011,08,04,08,52,23. ,09,00061
2020020,2,2011,08,05,19,53,35. ,21,00208
2020020,1,2011,08,10,13,30,33. ,08,00054
2020020,1,2011,08,11,22,32,25. ,14,00080
2020020,2,2011,08,12,03,23,40. ,19,00055
2020020,3,2011,08,17,04,35,34. ,27,00279
2020020,1,2011,08,17,11,27,03. ,06,00040
2020020,2,2011,08,17,12,06,05. ,16,00069
2020020,1,2011,08,17,20,45,59. ,12,00043
2020020,1,2011,08,19,13,51,47. ,10,00056
2020020,2,2011,08,19,14,37,34. ,19,00111
2020020,1,2011,08,21,07,59,40. ,06,00027
2020020,1,2011,08,25,13,08,18. ,08,00063
2020020,2,2011,08,30,22,45,05. ,16,00082
2020020,1,2011,09,02,13,08,51. ,07,00040
2020020,1,2011,09,09,07,06,43. ,13,00077
2020020,1,2011,09,13,23,15,22. ,05,00030
2020020,2,2011,09,17,04,27,01. ,23,00139
2020020,2,2011,09,17,06,08,29. ,20,00095
2020020,1,2011,09,17,06,37,23. ,12,00027
2020020,2,2011,09,17,07,41,30. ,17,00050
2020020,3,2011,09,17,16,35,10. ,26,00162
2020020,2,2011,09,18,16,04,45. ,21,00088
2020020,2,2011,09,18,19,40,33. ,15,00082
2020020,1,2011,09,19,03,33,52. ,08,00018
2020020,1,2011,09,21,06,00,04. ,07,00028
2020020,1,2011,09,21,19,54,51. ,07,00076
2020020,1,2011,09,23,22,13,02. ,13,00069
2020020,1,2011,09,28,11,17,25. ,11,00073
2020020,2,2011,10,05,14,16,33. ,18,00130
2020020,2,2011,10,05,14,17,47. ,21,00195
2020020,2,2011,10,07,11,51,42. ,18,00155
2020020,1,2011,10,10,11,47,18. ,12,00039
2020020,2,2011,10,21,17,03,31. ,22,00221
2020020,1,2011,10,24,03,58,54. ,12,00098
2020020,1,2011,10,25,03,11,53. ,14,00105
2020020,1,2011,10,29,15,25,48. ,10,00041
2020020,1,2011,10,31,08,09,22. ,05,00030
2020020,1,2011,11,02,10,44,11. ,05,00037
2020020,1,2011,11,17,17,35,22. ,08,00028
2020020,1,2011,11,20,11,13,51. ,14,00098
2020020,1,2011,11,22,15,54,31. ,07,00067
2020020,1,2011,11,24,04,26,00. ,14,00033
2020020,2,2011,11,24,19,26,04. ,21,00130
2020020,1,2011,11,26,23,34,47. ,05,00045
2020020,1,2011,11,29,08,09,06. ,09,00077
2020020,1,2011,12,09,00,34,51. ,13,00086
2020020,1,2011,12,10,04,45,53. ,13,00055
2020020,1,2011,12,10,15,09,06. ,12,00056
2020020,1,2011,12,10,23,15,31. ,09,00077
2020020,1,2011,12,13,04,05,05. ,06,00051
2020020,2,2011,12,20,15,26,38. ,17,00093
2020020,2,2011,12,21,11,07,13. ,20,00218
2020020,2,2012,01,01,14,31,47. ,15,00048
2020020,1,2012,01,06,01,48,01. ,12,00033
2020020,2,2012,01,09,07,13,30. ,17,00115
2020020,1,2012,01,12,12,22,28. ,14,00026
2020020,1,2012,01,12,14,38,34. ,13,00036
2020020,2,2012,01,14,18,58,09. ,17,00119
2020020,1,2012,01,19,04,33,37. ,06,00046
2020020,1,2012,01,19,16,42,47. ,09,00063
2020020,1,2012,01,24,09,26,55. ,11,00089
2020020,3,2012,01,28,09,22,31. ,26,00235
2020020,2,2012,01,28,21,44,40. ,20,00144
2020020,1,2012,02,03,18,52,16. ,10,00083
2020020,1,2012,02,04,06,52,06. ,07,00057
2020020,1,2012,02,07,22,32,20. ,06,00037
2020020,1,2012,02,21,20,14,57. ,10,00046
2020020,1,2012,02,22,17,28,30. ,12,00136
2020020,1,2012,02,24,04,28,44. ,09,00059
2020020,2,2012,03,03,22,04,12. ,20,00258
2020020,2,2012,03,05,15,24,40. ,20,00151
2020020,1,2012,03,05,15,27,04. ,05,00034
2020020,1,2012,03,07,04,26,42. ,09,00071
2020020,1,2012,03,08,12,24,25. ,07,00032
2020020,1,2012,03,12,21,35,27. ,06,00025
2020020,3,2012,03,14,18,09,19. ,31,00519
2020020,2,2012,03,14,19,50,07. ,22,00158
2020020,1,2012,03,14,19,58,22. ,12,00054
2020020,2,2012,03,18,09,36,57. ,18,00132
2020020,2,2012,03,19,11,56,22. ,20,00175
2020020,1,2012,03,25,22,23,58. ,07,00027
2020020,2,2012,03,26,11,34,03. ,18,00137
2020020,3,2012,03,27,20,01,00. ,34,00927
2020020,1,2012,03,27,23,44,36. ,06,00049
2020020,1,2012,03,28,10,54,26. ,06,00041
2020020,1,2012,03,30,18,41,11. ,11,00062
2020020,2,2012,04,01,07,30,31. ,17,00182
2020020,2,2012,04,01,23,05,58. ,15,00039
2020020,1,2012,04,03,20,52,38. ,14,00081
2020020,1,2012,04,12,05,29,48. ,11,00064
2020020,2,2012,04,12,23,52,16. ,15,00027
2020020,1,2012,04,21,23,30,34. ,12,00086
2020020,1,2012,04,22,22,15,26. ,06,00031
2020020,2,2012,04,27,03,41,41. ,19,00159
2020020,1,2012,04,27,14,37,53. ,09,00028
2020020,2,2012,04,30,00,02,37. ,23,00248
2020020,1,2012,05,02,20,27,13. ,05,00055
2020020,1,2012,05,09,06,47,31. ,09,00059
2020020,2,2012,05,10,09,28,35. ,20,00181
2020020,1,2012,05,10,15,41,42. ,10,00064
2020020,1,2012,05,15,09,09,36. ,10,00073
2020020,1,2012,05,16,01,01,48. ,07,00034
2020020,1,2012,05,20,04,05,59. ,14,00038
2020020,2,2012,05,20,16,21,40. ,18,00055
2020020,1,2012,05,20,17,21,52. ,09,00021
2020020,4,2012,05,24,00,02,45. ,40,00753
2020020,2,2012,06,03,13,07,20. ,20,00228
2020020,1,2012,06,08,03,41,06. ,07,00044
2020020,3,2012,06,18,05,32,51. ,30,00287
2020020,1,2012,06,22,05,33,54. ,06,00017
2020020,1,2012,06,24,10,30,05. ,06,00029
2020020,1,2012,07,02,11,06,33. ,08,00054
2020020,1,2012,07,03,13,53,20. ,07,00040
2020020,2,2012,07,04,22,29,03. ,20,00245
2020020,1,2012,07,10,03,47,58. ,14,00130
2020020,1,2012,07,11,05,20,04. ,13,00095
2020020,1,2012,07,12,20,17,59. ,13,00064
2020020,1,2012,07,14,03,31,31. ,07,00054
2020020,1,2012,07,21,12,02,39. ,07,00017
2020020,1,2012,07,22,13,42,58. ,11,00059
2020020,1,2012,07,24,21,08,23. ,07,00070
2020020,2,2012,07,30,07,05,33. ,23,00293
2020020,1,2012,08,02,09,53,28. ,06,00049
2020020,1,2012,08,03,19,21,55. ,11,00061
2020020,1,2012,08,08,01,12,05. ,08,00041
2020020,1,2012,08,13,09,36,58. ,08,00044
2020020,2,2012,08,14,12,03,38. ,21,00090
2020020,1,2012,08,16,19,00,02. ,05,00040
2020020,2,2012,08,17,16,24,52. ,24,00351
2020020,1,2012,08,22,10,34,05. ,06,00025
2020020,1,2012,08,24,03,41,15. ,09,00063
2020020,2,2012,08,25,23,16,54. ,22,00172
2020020,1,2012,08,26,01,21,14. ,07,00058
2020020,1,2012,08,26,03,38,35. ,06,00023
2020020,1,2012,08,30,04,05,48. ,14,00082
2020020,1,2012,09,17,22,37,39. ,08,00061
2020020,2,2012,09,18,04,09,47. ,20,00168
2020020,1,2012,09,18,12,23,36. ,07,00049
2020020,1,2012,09,24,17,04,12. ,05,00034
2020020,3,2012,10,02,07,22,14. ,27,00127
2020020,1,2012,10,03,18,41,08. ,08,00034
2020020,1,2012,10,03,20,05,34. ,05,00023
2020020,1,2012,10,06,01,19,19. ,11,00067
2020020,1,2012,10,12,05,46,23. ,05,00051
2020020,1,2012,10,14,20,12,58. ,06,00022
2020020,1,2012,10,19,18,13,34. ,06,00031
2020020,1,2012,10,22,10,44,00. ,14,00072
2020020,2,2012,10,25,19,33,22. ,16,00070
2020020,1,2012,10,26,09,33,38. ,08,00054
2020020,1,2012,10,26,19,37,25. ,07,00034
2020020,1,2012,10,28,01,26,48. ,07,00059
2020020,1,2012,11,05,13,31,50. ,09,00037
2020020,1,2012,11,21,09,02,49. ,09,00067
2020020,1,2012,11,22,02,43,35. ,08,00041
2020020,1,2012,11,22,19,11,17. ,09,00053
2020020,1,2012,11,23,08,27,15. ,10,00044
2020020,1,2012,11,24,05,22,33. ,06,00041
2020020,4,2012,12,07,17,19,16. ,39,01194
2020020,2,2012,12,07,17,32,16. ,15,00083
2020020,1,2012,12,12,00,48,53. ,09,00076
2020020,1,2012,12,19,06,48,16. ,07,00062
2020020,2,2012,12,21,17,08,05. ,20,00186
2020020,1,2012,12,22,15,21,02. ,07,00035
2020020,2,2012,12,26,04,59,20. ,16,00189
2020020,2,2012,12,30,00,00,29. ,17,00090
2020020,2,2013,01,01,12,32,28. ,20,00294
2020020,1,2013,01,03,22,56,42. ,05,00062
2020020,2,2013,01,08,16,51,45. ,23,00218
2020020,1,2013,01,13,12,18,25. ,10,00045
2020020,1,2013,01,17,14,14,16. ,09,00049
2020020,1,2013,02,02,03,24,14. ,06,00048
2020020,4,2013,02,02,23,18,17. ,35,00712
2020020,2,2013,02,04,18,18,56. ,15,00149
2020020,1,2013,02,05,05,44,45. ,07,00085
2020020,1,2013,02,12,13,17,04. ,07,00057
2020020,1,2013,02,13,11,22,35. ,06,00039
2020020,1,2013,02,26,05,13,26. ,05,00053
2020020,1,2013,02,26,21,47,07. ,08,00034
2020020,1,2013,03,01,21,22,24. ,13,00147
2020020,2,2013,03,08,23,14,57. ,17,00202
2020020,1,2013,03,09,21,18,05. ,09,00068
2020020,2,2013,03,13,06,32,47. ,15,00088
2020020,1,2013,03,16,08,12,19. ,08,00059
2020020,1,2013,03,19,20,06,47. ,10,00085
2020020,1,2013,03,26,09,33,44. ,07,00050
2020020,2,2013,03,31,16,47,07. ,18,00082
2020020,2,2013,04,02,03,53,56. ,21,00082
2020020,1,2013,04,02,11,09,51. ,09,00021
2020020,1,2013,04,11,12,06,31. ,08,00046
2020020,2,2013,04,17,21,04,09. ,18,00098
2020020,3,2013,04,19,12,09,00. ,27,00336
2020020,1,2013,04,23,02,51,40. ,09,00063
2020020,1,2013,04,29,16,40,45. ,07,00053
2020020,1,2013,05,02,21,04,13. ,09,00071
2020020,3,2013,05,16,08,46,36. ,28,00607
2020020,2,2013,05,18,14,49,00. ,20,00065
2020020,1,2013,05,18,22,50,12. ,05,00036
2020020,1,2013,05,19,00,51,31. ,08,00066
2020020,1,2013,05,21,23,53,57. ,08,00023
2020020,2,2013,05,24,14,51,00. ,15,00028
2020020,1,2013,05,25,08,05,01. ,08,00056
2020020,1,2013,05,27,18,17,19. ,14,00132
2020020,1,2013,05,29,11,35,36. ,09,00072
2020020,1,2013,06,01,16,49,56. ,10,00111
2020020,1,2013,06,01,16,58,10. ,13,00125
2020020,1,2013,06,12,04,28,33. ,07,00035
2020020,1,2013,06,14,03,18,27. ,08,00060
2020020,2,2013,06,20,10,50,04. ,17,00157
2020020,1,2013,06,27,09,12,12. ,09,00063
2020020,2,2013,07,10,14,22,33. ,22,00329
2020020,3,2013,07,16,07,46,19. ,30,00462
2020020,2,2013,07,19,08,44,54. ,20,00134
2020020,2,2013,07,26,04,05,21. ,20,00217
2020020,1,2013,07,30,03,26,56. ,10,00076
2020020,2,2013,08,04,12,29,37. ,19,00127
2020020,1,2013,08,05,00,59,36. ,09,00034
2020020,2,2013,08,07,16,51,48. ,21,00217
2020020,1,2013,08,12,09,52,00. ,05,00032
2020020,2,2013,09,04,09,22,53. ,15,00036
2020020,1,2013,09,06,22,46,16. ,11,00095
2020020,1,2013,09,18,09,28,41. ,08,00037
2020020,1,2013,09,22,00,12,02. ,05,00040
2020020,1,2013,10,08,22,50,27. ,06,00071
2020020,2,2013,10,10,07,46,51. ,20,00226
2020020,1,2013,10,16,18,16,22. ,11,00076
2020020,2,2013,10,24,13,04,39. ,16,00118
2020020,3,2013,10,26,02,12,20. ,27,00402
2020020,1,2013,10,26,06,29,25. ,06,00041
2020020,1,2013,10,28,03,14,52. ,08,00047
2020020,1,2013,11,01,00,02,17. ,07,00024
2020020,1,2013,11,12,05,55,21. ,06,00033
2020020,1,2013,11,14,21,39,50. ,05,00020
2020020,3,2013,11,15,11,00,56. ,27,00369
2020020,2,2013,11,16,14,55,00. ,15,00083
2020020,1,2013,11,21,17,59,54. ,06,00041
2020020,1,2013,11,24,03,43,22. ,08,00039
2020020,1,2013,11,26,00,43,57. ,10,00050
2020020,1,2013,11,28,02,46,17. ,10,00072
2020020,1,2013,12,09,02,27,46. ,10,00035
2020020,2,2013,12,13,13,25,08. ,22,00237
2020020,1,2013,12,18,19,15,06. ,06,00026
2020020,2,2013,12,26,03,43,37. ,19,00180
2020020,3,2013,12,27,19,31,31. ,26,00390
2020020,1,2014,01,06,01,25,08. ,09,00087
2020020,2,2014,01,16,10,12,34. ,16,00085
2020020,1,2014,02,01,09,50,18. ,09,00079
2020020,1,2014,02,06,02,32,48. ,14,00082
2020020,1,2014,02,22,08,45,09. ,06,00042
2020020,1,2014,02,25,20,29,59. ,05,00050
2020020,1,2014,03,01,23,58,15. ,09,00052
2020020,1,2014,03,04,05,28,29. ,10,00076
2020020,1,2014,03,05,02,31,10. ,10,00090
2020020,1,2014,03,18,11,34,57. ,05,00044
2020020,1,2014,03,20,00,49,04. ,07,00051
2020020,1,2014,04,03,05,55,02. ,07,00048
2020020,2,2014,04,03,08,23,15. ,24,00245
2020020,2,2014,04,05,10,16,52. ,24,00279
2020020,1,2014,04,17,02,57,50. ,12,00109
2020020,2,2014,04,20,16,08,29. ,16,00112
2020020,2,2014,04,22,05,39,38. ,15,00121
2020020,1,2014,05,01,12,25,34. ,05,00036
2020020,1,2014,05,06,08,00,50. ,13,00079
2020020,1,2014,05,08,01,04,42. ,10,00066
2020020,1,2014,05,14,08,04,14. ,06,00027
2020020,2,2014,05,19,21,02,51. ,19,00251
2020020,1,2014,05,23,02,59,11. ,08,00044
2020020,2,2014,06,08,14,24,57. ,15,00103
2020020,2,2014,06,09,07,51,14. ,20,00254
2020020,1,2014,06,09,15,29,38. ,11,00095
2020020,3,2014,06,15,02,32,05. ,27,00223
2020020,2,2014,06,16,05,16,29. ,15,00040
2020020,1,2014,06,18,20,43,59. ,06,00069
2020020,3,2014,07,05,07,42,22. ,34,00656
2020020,1,2014,07,05,16,56,03. ,05,00036
2020020,1,2014,07,12,04,23,50. ,13,00028
2020020,2,2014,07,21,03,35,35. ,17,00084
2020020,2,2014,07,25,13,18,51. ,15,00105
2020020,1,2014,07,27,18,24,45. ,07,00050
2020020,1,2014,07,30,15,14,19. ,11,00115
2020020,2,2014,08,05,22,49,13. ,17,00166
2020020,4,2014,08,10,12,43,35. ,35,00876
2020020,1,2014,08,15,12,20,31. ,05,00034
2020020,1,2014,08,20,11,57,45. ,10,00060
2020020,1,2014,08,26,04,51,28. ,09,00071
2020020,1,2014,08,27,13,49,36. ,12,00051
2020020,1,2014,09,02,14,44,36. ,06,00056
2020020,3,2014,09,10,10,09,49. ,28,00616
2020020,3,2014,10,03,09,57,47. ,26,00211
2020020,2,2014,10,11,11,36,15. ,24,00142
2020020,2,2014,10,11,14,21,18. ,17,00064
2020020,2,2014,10,14,05,25,51. ,18,00177
2020020,2,2014,10,14,06,25,14. ,19,00204
2020020,1,2014,10,15,03,09,32. ,08,00029
2020020,1,2014,10,22,09,21,03. ,13,00107
2020020,1,2014,10,23,12,22,54. ,09,00068
2020020,2,2014,10,27,13,33,17. ,21,00259
2020020,1,2014,10,31,15,33,47. ,13,00087
2020020,2,2014,11,02,17,42,03. ,21,00265
2020020,1,2014,11,18,23,19,26. ,05,00038
2020020,1,2014,11,20,10,53,13. ,07,00024
2020020,1,2014,12,18,03,45,55. ,09,00041
2020020,1,2014,12,29,09,14,59. ,05,00055
2020020,1,2015,01,01,14,02,01. ,08,00028
2020020,2,2015,01,09,03,43,54. ,15,00080
2020020,1,2015,01,14,02,47,20. ,14,00074
2020020,1,2015,01,22,01,10,50. ,09,00077
2020020,2,2015,01,25,22,02,44. ,16,00143
2020020,1,2015,02,02,15,48,41. ,06,00044
2020020,1,2015,02,04,01,10,57. ,10,00085
2020020,1,2015,02,10,01,57,08. ,07,00055
2020020,3,2015,02,17,08,06,53. ,30,00304
2020020,4,2015,02,17,13,46,52. ,35,00687
2020020,1,2015,02,17,13,50,12. ,05,00045
2020020,1,2015,02,18,03,04,28. ,06,00043
2020020,2,2015,02,20,13,26,19. ,17,00040
2020020,2,2015,02,21,04,29,18. ,15,00072
2020020,1,2015,02,24,11,29,32. ,13,00030
2020020,1,2015,02,24,19,37,00. ,09,00052
2020020,1,2015,02,26,10,12,23. ,10,00055
2020020,1,2015,03,06,08,06,58. ,14,00062
2020020,1,2015,03,08,08,17,09. ,11,00087
2020020,1,2015,03,10,03,41,44. ,07,00070
2020020,1,2015,03,19,10,34,50. ,08,00044
2020020,1,2015,03,23,22,57,19. ,09,00048
2020020,1,2015,03,25,09,35,28. ,06,00022
2020020,1,2015,04,03,04,05,37. ,08,00039
2020020,1,2015,04,09,23,52,40. ,11,00115
2020020,1,2015,04,13,17,24,10. ,14,00119
2020020,1,2015,04,26,12,39,01. ,07,00078
2020020,1,2015,04,26,23,42,31. ,07,00043
2020020,2,2015,04,30,01,10,11. ,19,00099
2020020,1,2015,04,30,16,33,52. ,07,00059
2020020,1,2015,05,10,04,16,14. ,10,00063
2020020,4,2015,05,13,06,13,27. ,37,00546
2020020,2,2015,05,17,06,41,45. ,23,00332
2020020,1,2015,05,30,20,28,37. ,11,00019
2020020,1,2015,06,03,03,40,09. ,07,00076
2020020,3,2015,06,08,15,01,31. ,26,00325
2020020,1,2015,06,10,17,33,52. ,11,00022
2020020,1,2015,06,11,09,31,33. ,10,00099
2020020,1,2015,06,11,13,46,21. ,07,00014
2020020,1,2015,06,11,13,52,01. ,14,00035
2020020,1,2015,06,11,13,57,24. ,11,00027
2020020,1,2015,06,13,05,56,48. ,05,00032
2020020,1,2015,06,18,16,36,59. ,09,00072
2020020,1,2015,06,23,00,35,50. ,14,00095
2020020,1,2015,06,26,19,38,34. ,12,00077
2020020,2,2015,07,07,14,12,54. ,19,00153
2020020,2,2015,07,09,17,27,54. ,22,00221
2020020,4,2015,07,10,03,33,03. ,37,01423
2020020,2,2015,07,16,10,15,45. ,16,00117
2020020,1,2015,07,31,13,16,30. ,13,00128
2020020,1,2015,08,12,20,38,25. ,14,00122
2020020,1,2015,08,14,13,44,53. ,10,00048
2020020,1,2015,08,19,21,21,27. ,08,00083
2020020,1,2015,08,20,21,58,25. ,09,00037
2020020,1,2015,08,27,18,32,21. ,11,00082
2020020,1,2015,09,12,22,38,49. ,13,00065
2020020,1,2015,09,18,06,43,12. ,13,00094
2020020,1,2015,09,25,06,07,48. ,09,00073
2020020,1,2015,09,26,18,50,39. ,05,00033
2020020,1,2015,09,29,01,34,26. ,07,00057
2020020,1,2015,10,06,18,09,51. ,05,00039
2020020,1,2015,10,06,18,33,03. ,09,00037
2020020,1,2015,10,13,13,24,48. ,05,00025
2020020,1,2015,10,16,17,34,08. ,11,00075
2020020,1,2015,10,18,01,16,45. ,11,00086
2020020,1,2015,10,18,09,48,12. ,09,00058
2020020,1,2015,10,23,01,19,26. ,06,00029
2020020,1,2015,10,26,02,19,02. ,07,00055
2020020,2,2015,10,27,21,17,33. ,15,00159
2020020,1,2015,10,30,19,32,32. ,08,00077
2020020,2,2015,11,01,12,49,12. ,21,00192
2020020,2,2015,11,02,12,34,23. ,17,00231
2020020,1,2015,11,19,08,30,37. ,06,00053
2020020,1,2015,11,24,04,11,10. ,05,00044
2020020,1,2015,11,26,21,27,24. ,13,00128
2020020,1,2015,11,27,21,51,18. ,13,00112
2020020,1,2015,11,28,11,53,05. ,05,00031
2020020,1,2015,12,02,21,06,34. ,12,00082
2020020,1,2015,12,11,03,11,30. ,12,00082
2020020,1,2015,12,22,20,12,42. ,05,00046
2020020,1,2015,12,26,01,42,40. ,08,00037
2020020,1,2016,01,01,03,53,48. ,11,00095
2020020,1,2016,01,08,11,19,10. ,08,00053
2020020,3,2016,01,11,15,26,45. ,29,00550
2020020,2,2016,01,11,17,21,41. ,20,00284
2020020,2,2016,01,12,00,15,52. ,19,00230
2020020,2,2016,01,12,02,10,00. ,22,00212
2020020,1,2016,01,12,02,51,15. ,08,00048
2020020,3,2016,01,14,12,26,03. ,33,00637
2020020,1,2016,01,20,00,24,06. ,11,00073
2020020,1,2016,01,31,13,06,42. ,09,00065
2020020,1,2016,01,31,13,26,43. ,13,00098
2020020,2,2016,02,02,14,32,16. ,23,00126
2020020,2,2016,02,03,19,30,13. ,16,00269
2020020,1,2016,02,15,07,49,18. ,10,00056
2020020,1,2016,02,16,14,33,21. ,13,00088
2020020,1,2016,02,25,17,32,21. ,05,00036
2020020,1,2016,03,07,08,03,25. ,05,00042
2020020,2,2016,03,07,16,37,16. ,19,00156
2020020,2,2016,03,17,01,15,36. ,20,00212
2020020,1,2016,03,18,03,59,58. ,09,00049
2020020,2,2016,04,04,19,32,47. ,18,00218
2020020,1,2016,04,16,03,01,31. ,11,00069
2020020,1,2016,04,20,21,21,00. ,12,00028
2020020,1,2016,05,03,09,03,07. ,14,00076
2020020,1,2016,05,05,01,11,17. ,06,00033
2020020,1,2016,05,12,16,33,09. ,09,00076
2020020,2,2016,05,15,10,11,07. ,15,00107
2020020,2,2016,05,24,18,48,17. ,24,00525
2020020,2,2016,05,25,14,23,01. ,21,00218
2020020,1,2016,05,27,22,30,03. ,06,00042
2020020,1,2016,06,10,21,08,26. ,05,00035
2020020,1,2016,06,16,14,22,15. ,11,00037
2020020,1,2016,06,24,12,15,24. ,09,00070
2020020,1,2016,06,26,11,34,12. ,05,00052
2020020,1,2016,06,26,12,35,30. ,12,00145
2020020,1,2016,06,27,17,47,57. ,05,00044
2020020,2,2016,06,30,03,13,46. ,15,00100
2020020,1,2016,07,03,18,06,31. ,08,00055
2020020,1,2016,07,16,22,12,58. ,12,00093
2020020,1,2016,07,19,13,12,00. ,08,00063
2020020,1,2016,07,20,08,50,51. ,13,00058
2020020,1,2016,07,20,16,17,48. ,14,00140
2020020,1,2016,07,20,23,57,15. ,07,00094
2020020,1,2016,07,23,10,03,46. ,09,00019
2020020,1,2016,07,23,19,07,56. ,08,00060
2020020,2,2016,07,24,11,52,28. ,20,00159
2020020,1,2016,08,15,16,06,08. ,10,00026
2020020,1,2016,08,17,00,24,31. ,14,00104
2020020,1,2016,08,20,08,58,51. ,06,00055
2020020,1,2016,08,20,14,15,54. ,12,00020
2020020,1,2016,08,20,18,02,06. ,13,00032
2020020,1,2016,08,21,00,58,50. ,10,00026
2020020,1,2016,08,21,01,11,30. ,09,00017
2020020,1,2016,08,21,21,50,14. ,09,00019
2020020,1,2016,08,22,15,12,09. ,13,00037
2020020,1,2016,08,29,14,35,46. ,07,00039
2020020,1,2016,09,07,18,43,02. ,06,00039
2020020,1,2016,09,17,22,40,40. ,07,00029
2020020,1,2016,09,20,08,47,29. ,08,00049
2020020,1,2016,09,26,11,25,20. ,13,00050
2020020,2,2016,09,26,14,13,54. ,20,00129
2020020,1,2016,10,01,15,45,18. ,11,00084
2020020,1,2016,10,03,17,49,14. ,11,00072
2020020,1,2016,10,12,04,03,30. ,11,00059
2020020,1,2016,10,16,16,38,10. ,12,00040
2020020,1,2016,11,02,14,33,55. ,06,00046
2020020,1,2016,11,10,07,21,35. ,12,00055
2020020,2,2016,11,12,06,43,42. ,21,00146
2020020,2,2016,11,22,06,01,20. ,20,00056
2020020,2,2016,11,23,11,18,41. ,15,00098
2020020,1,2016,11,29,10,03,24. ,12,00073
2020020,1,2016,11,29,12,47,06. ,09,00068
2020020,1,2016,12,04,11,59,29. ,06,00066
2020020,2,2016,12,10,13,45,10. ,20,00191
2020020,1,2017,01,01,23,55,28. ,09,00086
2020020,2,2017,01,03,06,24,47. ,21,00257
2020020,1,2017,01,19,21,17,57. ,10,00046
2020020,2,2017,01,21,20,54,51. ,18,00223
2020020,2,2017,01,22,03,11,34. ,18,00173
2020020,2,2017,01,26,17,06,44. ,19,00175
2020020,2,2017,01,28,22,40,55. ,21,00186
2020020,2,2017,01,29,03,28,23. ,15,00114
2020020,2,2017,02,12,22,37,18. ,20,00172
2020020,1,2017,02,26,20,34,29. ,08,00053
2020020,2,2017,02,28,16,50,24. ,15,00054
2020020,1,2017,03,03,17,29,18. ,07,00033
2020020,2,2017,03,08,01,08,46. ,21,00172
2020020,1,2017,03,14,12,57,54. ,10,00051
2020020,1,2017,03,17,17,08,12. ,07,00074
2020020,1,2017,04,02,00,41,05. ,05,00036
2020020,1,2017,04,06,05,00,44. ,05,00046
2020020,1,2017,04,16,04,24,33. ,13,00061
2020020,1,2017,04,22,04,43,03. ,09,00072
2020020,1,2017,04,28,01,39,25. ,09,00069
2020020,1,2017,04,30,23,43,34. ,11,00041
2020020,1,2017,05,06,17,19,21. ,12,00114
2020020,1,2017,05,11,02,56,47. ,07,00055
2020020,1,2017,05,20,12,58,09. ,07,00052
2020020,1,2017,05,22,20,03,20. ,14,00052
2020020,1,2017,06,10,04,34,30. ,12,00076
2020020,1,2017,06,10,21,06,07. ,14,00130
2020020,1,2017,06,18,20,11,01. ,05,00036
2020020,1,2017,06,28,21,09,55. ,12,00063
2020020,1,2017,07,12,21,06,43. ,09,00046
2020020,1,2017,07,20,09,12,54. ,12,00031
2020020,1,2017,07,21,20,28,44. ,07,00034
2020020,1,2017,07,24,00,36,31. ,10,00032
2020020,2,2017,07,25,21,08,24. ,16,00115
2020020,1,2017,08,02,21,24,58. ,06,00048
2020020,1,2017,08,22,08,54,17. ,10,00064
2020020,1,2017,09,07,15,43,07. ,12,00094
2020020,2,2017,09,10,17,45,14. ,15,00070
2020020,1,2017,09,12,04,19,46. ,07,00072
2020020,1,2017,09,21,01,38,12. ,13,00080
2020020,1,2017,09,23,00,20,57. ,06,00034
2020020,1,2017,09,24,21,46,38. ,12,00095
2020020,1,2017,09,24,22,49,22. ,06,00052
2020020,3,2017,09,27,05,22,26. ,31,00431
2020020,1,2017,10,01,23,20,42. ,07,00044
2020020,1,2017,10,06,17,01,07. ,12,00063
2020020,2,2017,10,06,23,58,13. ,16,00033
2020020,1,2017,10,19,01,50,20. ,05,00038
2020020,1,2017,11,03,12,46,24. ,09,00045
2020020,2,2017,11,05,06,06,05. ,19,00157
2020020,1,2017,11,11,01,39,24. ,05,00034
2020020,1,2017,11,13,07,25,45. ,10,00047
2020020,1,2017,11,18,15,52,05. ,11,00114
2020020,1,2017,11,25,06,35,18. ,10,00120
2020020,1,2017,12,02,05,48,50. ,12,00062
2020020,1,2017,12,07,11,21,45. ,09,00065
2020020,1,2017,12,12,12,47,53. ,09,00061
2020020,3,2017,12,16,02,59,01. ,29,00407
2020020,2,2017,12,20,04,49,46. ,22,00343
2020020,1,2017,12,29,06,15,33. ,11,00091
2020020,1,2018,01,06,22,45,54. ,13,00076
2020020,1,2018,01,09,13,43,51. ,07,00047
2020020,1,2018,01,10,20,04,28. ,05,00032
2020020,2,2018,01,10,23,37,56. ,17,00200
2020020,1,2018,01,14,18,08,24. ,05,00022
2020020,3,2018,01,24,19,51,36. ,33,00623
2020020,2,2018,01,28,04,43,44. ,17,00133
2020020,1,2018,01,29,13,00,25. ,12,00103
2020020,1,2018,01,30,08,42,45. ,12,00062
2020020,1,2018,01,31,05,12,39. ,09,00039
2020020,1,2018,02,26,01,30,12. ,07,00015
2020020,2,2018,03,09,18,16,08. ,19,00169
2020020,2,2018,03,12,15,40,35. ,16,00090
2020020,1,2018,03,23,06,33,08. ,12,00048
2020020,1,2018,03,24,02,33,07. ,13,00100
2020020,1,2018,03,30,01,31,22. ,06,00047
2020020,1,2018,04,12,16,57,50. ,05,00035
2020020,1,2018,04,12,20,37,53. ,05,00023
2020020,1,2018,04,12,22,38,41. ,06,00037
2020020,1,2018,04,14,04,01,50. ,05,00030
2020020,2,2018,04,19,20,38,40. ,16,00125
2020020,1,2018,04,23,13,27,17. ,08,00067
2020020,1,2018,04,24,17,55,10. ,10,00046
2020020,1,2018,05,06,07,16,47. ,05,00041
2020020,3,2018,05,07,05,01,08. ,28,00296
2020020,2,2018,05,14,19,31,36. ,19,00099
2020020,1,2018,06,26,20,03,43. ,05,00023
2020020,1,2018,07,01,22,39,03. ,07,00039
2020020,2,2018,07,02,02,27,27. ,17,00141
2020020,2,2018,07,02,20,53,53. ,19,00137
2020020,2,2018,07,10,13,56,31. ,16,00092
2020020,1,2018,07,12,13,46,39. ,05,00036
2020020,1,2018,07,12,17,40,31. ,05,00024
2020020,1,2018,07,16,02,14,38. ,05,00028
2020020,1,2018,07,20,05,07,53. ,07,00057
2020020,2,2018,07,27,15,25,15. ,16,00154
2020020,1,2018,07,31,17,44,06. ,10,00020
2020020,1,2018,08,03,10,31,03. ,05,00034
2020020,1,2018,08,05,17,44,51. ,09,00056
2020020,1,2018,08,08,00,14,26. ,08,00045
2020020,1,2018,08,17,17,50,52. ,08,00069
2020020,2,2018,08,23,00,07,03. ,15,00075
2020020,2,2018,08,24,23,16,26. ,24,00242
2020020,2,2018,08,25,06,30,40. ,18,00241
2020020,1,2018,08,25,06,43,58. ,05,00057
2020020,1,2018,08,27,22,12,23. ,05,00049
2020020,1,2018,08,29,12,26,13. ,06,00060
2020020,3,2018,09,06,03,08,42. ,28,00318
2020020,1,2018,09,06,03,21,10. ,11,00048
2020020,2,2018,09,06,06,12,30. ,15,00103
2020020,1,2018,09,09,22,56,20. ,06,00034
2020020,2,2018,09,11,22,26,29. ,17,00123
2020020,1,2018,09,19,01,22,50. ,05,00025
2020020,1,2018,09,30,17,55,05. ,08,00036
2020020,1,2018,10,01,21,11,18. ,08,00071
2020020,1,2018,10,09,13,17,11. ,11,00065
2020020,2,2018,10,26,03,37,15. ,20,00133
2020020,1,2018,10,27,20,39,36. ,14,00067
2020020,1,2018,11,28,11,24,16. ,14,00068
2020020,3,2018,12,03,17,15,31. ,25,00523
2020020,1,2018,12,04,04,16,06. ,06,00038
2020020,1,2018,12,05,21,00,42. ,08,00072
2020020,1,2018,12,16,01,28,52. ,11,00061
2020020,1,2018,12,24,23,51,58. ,14,00113
2020020,1,2018,12,27,01,49,49. ,05,00024
2020020,1,2018,12,30,04,09,30. ,11,00053
2020020,1,2019,01,02,21,26,15. ,06,00044
2020020,1,2019,01,19,05,04,18. ,12,00077
2020020,1,2019,01,21,09,24,51. ,11,00068
2020020,1,2019,01,22,07,50,58. ,10,00091
2020020,3,2019,01,26,17,23,14. ,34,01021
2020020,1,2019,02,07,16,58,55. ,05,00031
2020020,2,2019,02,21,21,23,44. ,15,00078
2020020,2,2019,03,02,12,24,44. ,18,00124
2020020,2,2019,03,18,07,53,39. ,15,00086
2020020,1,2019,03,18,09,33,25. ,06,00045
2020020,1,2019,03,28,11,18,06. ,06,00034
2020020,2,2019,04,11,17,18,49. ,20,00098
2020020,1,2019,04,23,02,46,14. ,13,00030
2020020,2,2019,04,28,02,25,30. ,21,00193
2020020,2,2019,05,08,09,20,13. ,24,00525
2020020,1,2019,05,18,10,18,50. ,05,00037
2020020,1,2019,06,01,23,04,35. ,06,00058
2020020,1,2019,06,13,09,57,11. ,09,00051
2020020,2,2019,06,18,22,23,29. ,16,00038
2020020,1,2019,06,22,14,15,15. ,05,00038
2020020,1,2019,06,30,15,55,06. ,06,00046
2020020,2,2019,07,01,09,37,53. ,19,00171
2020020,1,2019,07,17,18,01,05. ,06,00041
2020020,1,2019,08,04,03,04,45. ,14,00106
2020020,2,2019,08,04,19,24,00. ,19,00067
2020020,4,2019,08,15,14,33,07. ,35,00676
2020020,3,2019,08,15,15,06,22. ,26,00309
2020020,1,2019,08,25,03,51,35. ,10,00073
2020020,2,2019,08,29,08,47,04. ,22,00153
2020020,1,2019,09,02,13,58,29. ,07,00057
2020020,1,2019,09,07,17,02,16. ,08,00069
2020020,2,2019,09,07,18,36,16. ,15,00117
2020020,1,2019,09,14,12,57,39. ,13,00133
2020020,2,2019,09,16,01,27,30. ,21,00276
2020020,1,2019,09,25,17,29,25. ,06,00024
2020020,1,2019,10,10,00,53,18. ,07,00050
2020020,1,2019,10,23,12,43,39. ,14,00114
2020020,1,2019,10,30,11,13,04. ,06,00052
2020020,1,2019,11,07,07,03,42. ,07,00049
2020020,1,2019,11,13,15,20,33. ,07,00056
2020020,1,2019,11,19,18,39,21. ,09,00091
2020020,1,2019,11,29,13,02,35. ,10,00028
2020020,2,2019,12,03,08,25,28. ,23,00363
2020020,1,2019,12,08,12,23,33. ,05,00029
2020020,4,2019,12,19,15,21,45. ,35,00901
2020020,1,2019,12,29,09,52,35. ,05,00038
2020020,1,2020,01,03,10,20,12. ,09,00056
2020020,1,2020,01,28,10,37,56. ,10,00044
2020020,2,2020,01,28,19,14,08. ,23,00335
2020020,1,2020,02,12,19,38,43. ,06,00027
2020020,3,2020,02,13,19,36,30. ,28,00374
2020020,1,2020,03,24,20,13,39. ,08,00066
2020020,1,2020,03,28,09,58,38. ,12,00054
2020020,1,2020,03,29,20,06,00. ,12,00107
2020020,1,2020,04,08,19,45,18. ,06,00050
2020020,1,2020,04,09,00,29,07. ,06,00055
2020020,2,2020,04,12,22,12,14. ,15,00109
2020020,1,2020,04,13,21,20,36. ,05,00041
2020020,3,2020,04,20,05,39,34. ,30,00262
2020020,2,2020,04,24,04,52,48. ,21,00180
2020020,2,2020,04,30,12,15,40. ,22,00235
2020020,2,2020,05,09,06,35,40. ,17,00146
2020020,1,2020,05,14,04,30,41. ,06,00034
2020020,1,2020,05,15,06,41,11. ,06,00026
2020020,1,2020,05,16,01,48,58. ,07,00054
2020020,1,2020,05,18,12,01,45. ,05,00024
2020020,1,2020,05,19,09,46,47. ,06,00048
2020020,1,2020,05,19,12,18,38. ,09,00023
2020020,1,2020,05,31,03,14,58. ,10,00052
2020020,1,2020,06,11,13,01,04. ,05,00046
2020020,1,2020,07,09,14,17,13. ,05,00022
2020020,1,2020,07,12,18,33,06. ,10,00031
2020020,1,2020,07,13,10,43,19. ,10,00047
2020020,1,2020,07,27,01,32,31. ,09,00073
2020020,2,2020,08,28,03,20,31. ,21,00245
2020020,1,2020,09,03,12,05,29. ,06,00037
2020020,3,2020,09,12,11,44,44. ,26,00224
2020020,1,2020,09,12,11,51,39. ,09,00039
2020020,1,2020,09,13,19,45,09. ,11,00057
2020020,1,2020,09,17,09,18,37. ,06,00039
2020020,1,2020,09,27,00,36,57. ,10,00067
2020020,1,2020,10,04,06,25,25. ,09,00070
2020020,2,2020,10,06,15,27,58. ,23,00235
2020020,1,2020,10,18,09,06,07. ,06,00051
2020020,1,2020,11,06,04,43,12. ,06,00056
2020020,2,2020,11,06,17,57,14. ,19,00073
2020020,1,2020,11,07,01,15,11. ,05,00026
2020020,1,2020,11,07,02,17,39. ,11,00033
2020020,1,2020,11,21,03,01,39. ,09,00063
2020020,1,2020,11,22,05,06,10. ,08,00058
2020020,1,2020,11,22,19,07,50. ,08,00016
2020020,3,2020,12,01,07,58,04. ,25,00101
2020020,1,2020,12,11,00,09,00. ,05,00036
2020020,4,2020,12,12,16,19,07. ,35,01217
2020020,1,2020,12,16,00,36,20. ,06,00037
2020020,1,2020,12,16,10,29,25. ,06,00033
2020020,4,2020,12,21,02,23,38. ,36,00826
2020020,2,2020,12,26,06,32,59. ,16,00117
2020020,2,2021,01,12,11,41,19. ,15,00083
2020020,1,2021,01,23,14,40,14. ,05,00037
2020020,2,2021,01,27,14,07,30. ,15,00095
2020020,2,2021,01,29,04,24,40. ,17,00154
2020020,4,2021,02,13,23,09,30. ,37,00557
2020020,1,2021,02,14,03,25,58. ,12,00064
2020020,1,2021,02,18,16,51,16. ,10,00079
2020020,1,2021,02,20,01,16,57. ,10,00048
2020020,2,2021,02,26,20,31,51. ,23,00315
2020020,1,2021,03,09,08,30,49. ,10,00060
2020020,1,2021,03,14,02,17,10. ,11,00055
2020020,1,2021,03,17,17,30,05. ,07,00037
2020020,2,2021,03,20,09,26,40. ,17,00127
2020020,3,2021,03,20,18,10,21. ,33,00425
2020020,1,2021,04,01,13,30,37. ,11,00072
2020020,1,2021,04,03,21,59,14. ,08,00052
2020020,1,2021,04,09,17,54,31. ,13,00137
2020020,1,2021,04,14,12,28,16. ,09,00046
2020020,1,2021,04,15,20,24,10. ,09,00054
2020020,1,2021,04,18,09,29,50. ,14,00064
2020020,2,2021,04,24,18,35,27. ,19,00217
2020020,1,2021,05,01,09,10,53. ,07,00027
2020020,3,2021,05,01,10,28,07. ,34,00534
2020020,1,2021,05,07,03,44,01. ,05,00058
2020020,1,2021,05,11,00,47,38. ,05,00035
2020020,1,2021,05,12,08,30,16. ,09,00054
2020020,3,2021,05,14,08,59,09. ,25,00091
2020020,1,2021,05,16,12,25,10. ,09,00038
2020020,2,2021,05,20,05,27,37. ,18,00267
2020020,1,2021,05,26,03,56,38. ,09,00089
2020020,1,2021,05,27,06,04,40. ,06,00031
2020020,1,2021,05,29,19,11,35. ,05,00032
2020020,1,2021,06,01,13,43,22. ,10,00057
2020020,2,2021,06,09,07,34,38. ,22,00351
2020020,1,2021,06,09,13,57,30. ,10,00102
2020020,2,2021,06,09,22,06,10. ,23,00312
2020020,2,2021,06,10,18,56,29. ,15,00092
2020020,1,2021,06,10,20,36,41. ,10,00066
2020020,1,2021,06,13,20,58,45. ,11,00099
2020020,1,2021,06,20,20,09,13. ,14,00074
2020020,1,2021,07,01,06,44,26. ,09,00042
2020020,1,2021,07,04,01,24,30. ,09,00064
2020020,1,2021,07,10,01,26,22. ,09,00080
2020020,2,2021,07,26,11,16,37. ,20,00207
2020020,1,2021,07,30,13,05,27. ,10,00057
2020020,1,2021,08,10,18,39,45. ,06,00059
2020020,1,2021,08,23,04,17,23. ,12,00107
2020020,1,2021,09,05,14,49,31. ,05,00032
2020020,1,2021,09,17,06,42,29. ,08,00064
2020020,1,2021,09,24,10,32,29. ,11,00095
2020020,1,2021,09,29,17,39,28. ,14,00047
2020020,2,2021,09,30,12,52,38. ,17,00118
2020020,A,2021,10,06,02,46,17. ,45,01669
2020020,1,2021,10,06,07,34,05. ,09,00062
2020020,1,2021,10,07,23,25,14. ,05,00035
2020020,2,2021,10,09,14,32,14. ,20,00222
2020020,1,2021,10,13,07,08,32. ,09,00075
2020020,3,2021,10,18,00,49,45. ,28,00384
2020020,2,2021,10,19,21,37,04. ,19,00134
2020020,1,2021,10,28,05,54,20. ,06,00053
2020020,1,2021,11,01,08,27,39. ,13,00147
2020020,1,2021,11,07,21,44,53. ,06,00030
2020020,2,2021,11,08,04,22,33. ,20,00198
2020020,1,2021,11,14,22,09,23. ,08,00038
2020020,1,2021,11,24,17,06,57. ,13,00066
2020020,1,2021,12,01,23,31,46. ,14,00096
2020020,1,2021,12,06,23,33,54. ,07,00045
2020020,1,2021,12,21,01,06,24. ,11,00044
2020020,1,2021,12,23,06,54,14. ,13,00109
