station,intensity,year,month,day,hour,minute,second,intensity_equip,acceleration_max_comb
2110020,2,2004,08,10,15,13,47. ,19,00246
2110020,1,2004,09,24,20,44,44. ,06,00065
2110020,1,2004,11,02,22,04,52. ,06,00032
2110020,1,2004,11,08,03,29,09. ,06,00053
2110020,1,2004,11,19,17,41,06. ,13,00091
2110020,1,2004,11,29,03,34,15. ,07,00029
2110020,1,2004,12,06,23,17,12. ,07,00019
2110020,1,2004,12,14,18,20,41. ,09,00130
2110020,1,2004,12,25,19,46,12. ,08,00124
2110020,1,2004,12,29,22,59,04. ,14,00150
2110020,2,2004,12,30,22,30,00. ,21,00252
2110020,1,2004,12,31,17,30,52. ,06,00051
2110020,1,2005,02,26,21,38,28. ,10,00063
2110020,1,2005,03,19,05,11,46. ,05,00060
2110020,1,2005,03,19,12,10,00. ,09,00104
2110020,1,2005,03,30,04,12,31. ,07,00083
2110020,1,2005,05,02,00,26,56. ,07,00065
2110020,1,2005,05,21,07,01,26. ,10,00037
2110020,1,2005,05,27,17,07,58. ,07,00035
2110020,4,2005,08,16,11,46,45. ,37,01098
2110020,1,2005,08,22,00,24,59. ,05,00057
2110020,1,2005,08,24,19,16,20. ,12,00042
2110020,1,2005,08,29,16,42,01. ,08,00079
2110020,1,2005,08,31,03,11,27. ,08,00030
2110020,1,2005,09,28,20,20,46. ,06,00040
2110020,2,2005,10,09,18,14,33. ,21,00393
2110020,1,2005,10,19,20,46,00. ,08,00027
2110020,1,2005,10,22,22,13,45. ,06,00026
2110020,2,2005,10,24,18,35,06. ,18,00254
2110020,1,2005,11,02,10,38,22. ,08,00055
2110020,1,2005,11,13,09,25,48. ,10,00144
2110020,2,2005,11,15,06,39,38. ,19,00171
2110020,1,2005,11,25,15,51,05. ,05,00063
2110020,2,2005,12,02,22,13,34. ,18,00125
2110020,1,2005,12,05,03,03,55. ,09,00033
2110020,1,2005,12,05,07,21,05. ,05,00016
2110020,1,2005,12,08,13,05,46. ,13,00171
2110020,3,2005,12,17,03,32,30. ,28,/////
2110020,1,2005,12,17,23,09,18. ,07,00057
2110020,1,2006,01,18,23,26,06. ,13,00073
2110020,1,2006,02,01,04,24,24. ,07,00060
2110020,1,2006,02,03,13,04,34. ,06,00057
2110020,1,2006,03,12,07,07,20. ,10,00049
2110020,1,2006,03,19,22,47,29. ,05,00058
2110020,1,2006,04,02,16,23,14. ,11,00100
2110020,2,2006,04,22,23,36,14. ,22,00394
2110020,3,2006,07,01,08,28,27. ,26,00395
2110020,1,2006,07,06,02,09,16. ,07,00048
2110020,2,2006,08,17,12,45,39. ,20,00297
2110020,1,2006,09,09,19,36,31. ,10,00094
2110020,1,2006,10,02,02,07,42. ,14,00096
2110020,1,2006,12,19,01,27,59. ,06,00089
2110020,2,2006,12,28,09,25,09. ,17,00196
2110020,1,2007,01,13,13,29,20. ,08,00022
2110020,2,2007,03,31,22,32,27. ,18,00290
2110020,1,2007,04,10,10,22,42. ,06,00088
2110020,1,2007,04,10,10,24,04. ,13,00172
2110020,1,2007,05,29,07,36,30. ,08,00102
2110020,1,2007,06,16,05,29,11. ,13,00166
2110020,2,2007,07,16,23,20,13. ,15,00068
2110020,1,2007,08,04,17,03,47. ,05,00063
2110020,2,2007,11,07,20,06,07. ,15,00098
2110020,1,2007,11,19,15,00,38. ,13,00160
2110020,1,2007,11,26,22,52,27. ,09,00044
2110020,2,2007,12,25,23,04,46. ,17,00153
2110020,1,2007,12,26,08,39,10. ,10,00066
2110020,2,2008,01,11,08,00,48. ,19,00364
2110020,1,2008,02,10,17,05,18. ,09,00090
2110020,1,2008,02,13,08,36,08. ,11,00128
2110020,1,2008,03,29,08,03,46. ,13,00150
2110020,1,2008,04,06,19,09,26. ,09,00069
2110020,2,2008,04,11,05,33,10. ,16,00197
2110020,2,2008,04,17,04,20,04. ,23,00362
2110020,1,2008,05,08,01,46,39. ,14,00034
2110020,1,2008,06,02,00,58,53. ,13,00146
2110020,1,2008,07,12,08,06,26. ,09,00066
2110020,2,2008,07,19,11,40,09. ,15,00061
2110020,1,2008,07,21,20,31,25. ,10,00027
2110020,4,2008,07,24,00,26,37. ,44,02503
2110020,2,2008,07,24,11,28,24. ,17,00181
2110020,1,2008,09,22,16,33,12. ,05,00024
2110020,1,2008,09,24,08,44,07. ,12,00195
2110020,2,2008,10,30,00,49,14. ,19,00318
2110020,1,2008,12,04,08,17,36. ,06,00017
2110020,1,2009,02,01,06,52,59. ,08,00038
2110020,1,2009,02,15,18,25,12. ,11,00049
2110020,1,2009,04,25,22,55,06. ,05,00022
2110020,1,2009,05,27,06,40,51. ,05,00049
2110020,2,2009,06,23,16,37,31. ,21,00203
2110020,2,2009,08,09,19,58,42. ,17,00072
2110020,1,2009,08,24,14,27,25. ,11,00042
2110020,1,2009,11,01,04,39,37. ,09,00124
2110020,1,2010,02,01,07,40,37. ,06,00052
2110020,1,2010,02,04,21,24,59. ,13,00120
2110020,1,2010,03,01,07,08,23. ,10,00065
2110020,2,2010,03,13,21,47,01. ,16,00137
2110020,2,2010,03,14,17,08,31. ,23,00207
2110020,1,2010,04,26,06,23,25. ,14,00088
2110020,2,2010,06,13,12,33,26. ,16,00098
2110020,1,2010,06,29,07,24,38. ,13,00110
2110020,1,2010,07,04,04,33,32. ,11,00059
2110020,2,2010,07,05,06,56,10. ,24,00189
2110020,2,2010,07,27,08,31,12. ,24,00512
2110020,1,2010,08,10,14,51,17. ,11,00023
2110020,1,2010,09,13,14,48,56. ,09,00043
2110020,1,2010,09,29,03,36,11. ,08,00060
2110020,1,2010,10,04,23,17,35. ,10,00108
2110020,1,2010,11,25,05,05,16. ,05,00045
2110020,1,2011,02,10,22,03,59. ,06,00028
2110020,3,2011,03,09,11,45,43. ,28,00312
2110020,1,2011,03,09,13,37,43. ,07,00019
2110020,2,2011,03,10,03,16,46. ,17,00096
2110020,2,2011,03,10,06,24,30. ,17,00073
2110020,A,2011,03,11,14,46,47. ,49,03871
2110020,2,2011,03,11,14,52,40. ,18,00146
2110020,2,2011,03,11,14,54,40. ,17,00105
2110020,1,2011,03,11,14,56,40. ,11,00074
2110020,2,2011,03,11,14,57,40. ,23,00261
2110020,1,2011,03,11,15,01,40. ,10,00074
2110020,2,2011,03,11,15,04,10. ,16,00136
2110020,1,2011,03,11,15,05,10. ,12,00133
2110020,3,2011,03,11,15,06,10. ,33,00701
2110020,1,2011,03,11,15,08,10. ,11,00073
2110020,3,2011,03,11,15,09,10. ,32,00339
2110020,1,2011,03,11,15,12,10. ,11,00064
2110020,2,2011,03,11,15,13,10. ,23,00365
2110020,2,2011,03,11,15,17,20. ,21,00257
2110020,1,2011,03,11,15,21,02. ,09,00140
2110020,1,2011,03,11,15,22,02. ,11,00043
2110020,3,2011,03,11,15,23,09. ,30,00517
2110020,3,2011,03,11,15,27,10. ,27,00379
2110020,1,2011,03,11,15,30,16. ,09,00062
2110020,1,2011,03,11,15,32,22. ,07,00025
2110020,1,2011,03,11,15,34,18. ,06,00037
2110020,1,2011,03,11,15,35,31. ,09,00067
2110020,1,2011,03,11,15,38,28. ,08,00054
2110020,3,2011,03,11,15,41,00. ,28,00534
2110020,2,2011,03,11,15,43,53. ,17,00202
2110020,2,2011,03,11,15,46,23. ,20,00258
2110020,2,2011,03,11,15,48,29. ,21,00273
2110020,1,2011,03,11,15,49,28. ,11,00043
2110020,2,2011,03,11,15,50,23. ,16,00070
2110020,1,2011,03,11,15,53,08. ,06,00039
2110020,1,2011,03,11,15,56,14. ,12,00103
2110020,1,2011,03,11,15,58,13. ,06,00090
2110020,1,2011,03,11,16,00,15. ,06,00035
2110020,1,2011,03,11,16,01,44. ,06,00083
2110020,3,2011,03,11,16,04,40. ,25,00396
2110020,2,2011,03,11,16,05,40. ,23,00296
2110020,1,2011,03,11,16,11,41. ,06,00015
2110020,1,2011,03,11,16,16,10. ,12,00026
2110020,2,2011,03,11,16,26,15. ,20,00131
2110020,4,2011,03,11,16,29,07. ,35,01291
2110020,1,2011,03,11,16,31,00. ,13,00080
2110020,1,2011,03,11,16,32,00. ,12,00115
2110020,1,2011,03,11,16,34,34. ,10,00064
2110020,1,2011,03,11,16,35,34. ,07,00036
2110020,1,2011,03,11,16,36,46. ,08,00082
2110020,2,2011,03,11,16,37,40. ,20,00300
2110020,1,2011,03,11,16,38,53. ,13,00068
2110020,1,2011,03,11,16,39,50. ,14,00144
2110020,1,2011,03,11,16,41,18. ,10,00112
2110020,1,2011,03,11,16,43,04. ,12,00110
2110020,1,2011,03,11,16,52,50. ,12,00123
2110020,1,2011,03,11,16,54,18. ,10,00092
2110020,2,2011,03,11,16,55,19. ,19,00120
2110020,1,2011,03,11,17,04,27. ,05,00036
2110020,1,2011,03,11,17,05,51. ,07,00019
2110020,1,2011,03,11,17,10,43. ,09,00065
2110020,1,2011,03,11,17,12,39. ,09,00068
2110020,1,2011,03,11,17,19,27. ,10,00073
2110020,1,2011,03,11,17,20,50. ,09,00020
2110020,1,2011,03,11,17,23,40. ,05,00060
2110020,1,2011,03,11,17,27,58. ,14,00071
2110020,1,2011,03,11,17,28,50. ,06,00022
2110020,2,2011,03,11,17,31,10. ,17,00137
2110020,1,2011,03,11,17,33,10. ,09,00065
2110020,2,2011,03,11,17,41,11. ,20,00210
2110020,2,2011,03,11,17,47,33. ,16,00303
2110020,1,2011,03,11,17,56,26. ,05,00040
2110020,1,2011,03,11,18,04,50. ,06,00034
2110020,2,2011,03,11,18,11,18. ,16,00231
2110020,1,2011,03,11,18,27,41. ,13,00081
2110020,1,2011,03,11,18,35,09. ,06,00033
2110020,2,2011,03,11,18,42,46. ,21,00189
2110020,3,2011,03,11,19,10,41. ,27,00303
2110020,1,2011,03,11,19,12,56. ,11,00095
2110020,1,2011,03,11,19,15,17. ,08,00090
2110020,1,2011,03,11,19,39,14. ,05,00054
2110020,1,2011,03,11,19,44,34. ,10,00166
2110020,1,2011,03,12,08,53,50. ,12,00086
2110020,1,2011,03,12,09,10,37. ,08,00077
2110020,1,2011,03,12,10,04,31. ,07,00054
2110020,1,2011,03,12,10,17,41. ,07,00023
2110020,1,2011,03,12,10,21,30. ,06,00077
2110020,1,2011,03,12,10,34,41. ,08,00028
2110020,1,2011,03,12,10,48,08. ,11,00040
2110020,1,2011,03,12,11,30,22. ,11,00141
2110020,1,2011,03,12,11,43,29. ,10,00059
2110020,2,2011,03,12,12,02,15. ,16,00122
2110020,2,2011,03,12,13,06,20. ,24,00344
2110020,1,2011,03,13,16,57,30. ,06,00015
2110020,1,2011,03,13,18,25,28. ,09,00031
2110020,2,2011,03,13,18,52,41. ,20,00228
2110020,1,2011,03,13,20,20,02. ,05,00032
2110020,1,2011,03,13,20,27,49. ,08,00054
2110020,1,2011,03,13,20,38,23. ,08,00028
2110020,1,2011,03,13,22,43,58. ,10,00073
2110020,1,2011,03,13,23,44,32. ,06,00056
2110020,1,2011,03,14,00,27,45. ,11,00093
2110020,1,2011,03,14,00,45,30. ,05,00052
2110020,1,2011,03,14,06,53,15. ,05,00067
2110020,1,2011,03,14,07,13,26. ,08,00084
2110020,1,2011,03,14,07,36,17. ,05,00065
2110020,1,2011,03,14,10,51,13. ,11,00094
2110020,1,2011,03,14,12,10,28. ,10,00134
2110020,1,2011,03,14,15,13,14. ,13,00068
2110020,1,2011,03,14,15,19,17. ,06,00041
2110020,2,2011,03,14,15,44,05. ,15,00127
2110020,1,2011,03,14,15,47,41. ,05,00014
2110020,1,2011,03,14,15,53,23. ,06,00032
2110020,1,2011,03,14,18,39,04. ,11,00090
2110020,1,2011,03,14,19,35,14. ,12,00078
2110020,1,2011,03,14,23,51,20. ,08,00054
2110020,2,2011,03,15,04,28,47. ,18,00212
2110020,1,2011,03,15,04,29,47. ,05,00058
2110020,1,2011,03,15,08,24,18. ,06,00053
2110020,2,2011,03,15,13,56,02. ,21,00445
2110020,1,2011,03,15,16,08,55. ,09,00054
2110020,1,2011,03,15,22,28,40. ,12,00055
2110020,1,2011,03,15,22,38,36. ,08,00037
2110020,1,2011,03,15,23,41,03. ,06,00035
2110020,1,2011,03,16,00,24,52. ,10,00032
2110020,2,2011,03,16,04,01,50. ,18,00154
2110020,1,2011,03,16,05,44,58. ,09,00205
2110020,1,2011,03,16,12,34,56. ,05,00049
2110020,1,2011,03,16,13,15,13. ,10,00081
2110020,2,2011,03,16,15,29,29. ,18,00137
2110020,1,2011,03,16,17,17,48. ,06,00051
2110020,2,2011,03,16,23,46,30. ,19,00188
2110020,1,2011,03,17,00,08,49. ,08,00101
2110020,2,2011,03,17,08,38,38. ,19,00221
2110020,1,2011,03,17,11,50,45. ,07,00050
2110020,2,2011,03,17,13,14,29. ,16,00105
2110020,1,2011,03,17,17,45,14. ,07,00032
2110020,1,2011,03,17,18,00,18. ,06,00040
2110020,1,2011,03,17,18,06,36. ,06,00037
2110020,1,2011,03,17,21,55,58. ,12,00035
2110020,1,2011,03,18,00,45,37. ,08,00088
2110020,1,2011,03,18,02,35,09. ,05,00072
2110020,1,2011,03,18,04,03,21. ,11,00099
2110020,1,2011,03,18,06,24,39. ,13,00078
2110020,1,2011,03,18,11,55,29. ,10,00057
2110020,1,2011,03,18,16,31,03. ,14,00131
2110020,1,2011,03,18,21,17,19. ,14,00104
2110020,1,2011,03,18,21,59,53. ,09,00080
2110020,1,2011,03,19,03,33,04. ,14,00161
2110020,1,2011,03,19,04,53,46. ,07,00036
2110020,1,2011,03,19,08,08,41. ,06,00055
2110020,2,2011,03,19,08,33,11. ,23,00252
2110020,1,2011,03,19,18,58,00. ,07,00021
2110020,1,2011,03,20,03,11,10. ,05,00043
2110020,1,2011,03,20,08,37,30. ,10,00073
2110020,1,2011,03,20,10,05,47. ,09,00088
2110020,1,2011,03,20,10,10,04. ,12,00070
2110020,1,2011,03,20,10,31,44. ,09,00039
2110020,1,2011,03,20,14,56,08. ,10,00065
2110020,3,2011,03,20,21,03,57. ,29,00421
2110020,1,2011,03,21,02,42,39. ,11,00122
2110020,1,2011,03,21,03,44,10. ,12,00124
2110020,1,2011,03,21,12,14,24. ,05,00068
2110020,1,2011,03,21,17,09,45. ,07,00081
2110020,1,2011,03,22,04,29,24. ,12,00100
2110020,1,2011,03,22,11,54,03. ,11,00129
2110020,1,2011,03,22,16,20,00. ,07,00041
2110020,1,2011,03,22,18,19,47. ,11,00059
2110020,1,2011,03,23,00,12,47. ,07,00096
2110020,2,2011,03,23,00,49,38. ,16,00139
2110020,1,2011,03,23,00,58,47. ,07,00073
2110020,1,2011,03,23,07,13,35. ,06,00032
2110020,2,2011,03,23,09,06,55. ,18,00240
2110020,1,2011,03,23,12,24,47. ,06,00051
2110020,1,2011,03,23,13,13,37. ,07,00035
2110020,1,2011,03,24,12,58,40. ,06,00038
2110020,1,2011,03,24,13,56,20. ,07,00055
2110020,3,2011,03,24,17,21,09. ,33,01012
2110020,1,2011,03,25,04,44,56. ,11,00110
2110020,3,2011,03,25,20,36,35. ,29,00583
2110020,1,2011,03,25,21,30,06. ,12,00090
2110020,1,2011,03,26,04,30,37. ,11,00135
2110020,1,2011,03,26,08,50,27. ,09,00072
2110020,2,2011,03,26,19,18,54. ,19,00160
2110020,1,2011,03,27,12,20,54. ,05,00029
2110020,1,2011,03,27,14,08,20. ,08,00066
2110020,3,2011,03,27,22,41,45. ,26,00256
2110020,3,2011,03,28,07,24,14. ,30,00644
2110020,1,2011,03,28,10,20,06. ,11,00144
2110020,1,2011,03,28,12,19,56. ,12,00143
2110020,1,2011,03,28,20,19,18. ,05,00025
2110020,1,2011,03,28,23,14,13. ,06,00070
2110020,2,2011,03,29,08,51,43. ,18,00407
2110020,1,2011,03,29,19,55,15. ,11,00044
2110020,1,2011,03,30,12,57,33. ,06,00061
2110020,1,2011,03,30,22,00,23. ,09,00075
2110020,1,2011,03,31,10,29,14. ,06,00053
2110020,3,2011,03,31,16,15,39. ,32,00739
2110020,1,2011,04,01,07,17,22. ,10,00136
2110020,3,2011,04,01,20,58,06. ,26,00410
2110020,1,2011,04,01,21,16,24. ,08,00077
2110020,2,2011,04,02,05,00,01. ,23,00287
2110020,2,2011,04,02,13,08,17. ,23,00316
2110020,1,2011,04,02,14,33,04. ,10,00073
2110020,1,2011,04,03,16,39,27. ,11,00084
2110020,1,2011,04,03,23,54,00. ,05,00034
2110020,1,2011,04,04,08,55,03. ,07,00044
2110020,1,2011,04,05,04,14,50. ,06,00077
2110020,1,2011,04,05,06,53,20. ,09,00101
2110020,1,2011,04,05,10,29,33. ,11,00099
2110020,1,2011,04,05,13,25,50. ,08,00077
2110020,1,2011,04,06,07,02,24. ,07,00070
2110020,1,2011,04,06,22,55,31. ,13,00076
2110020,1,2011,04,07,01,26,03. ,06,00041
2110020,1,2011,04,07,20,48,31. ,09,00086
2110020,A,2011,04,07,23,33,01. ,49,04591
2110020,1,2011,04,07,23,40,52. ,07,00060
2110020,1,2011,04,07,23,50,04. ,07,00059
2110020,1,2011,04,08,02,12,09. ,10,00122
2110020,1,2011,04,08,03,35,49. ,05,00067
2110020,1,2011,04,09,11,59,58. ,06,00075
2110020,3,2011,04,09,18,42,37. ,27,00569
2110020,1,2011,04,11,00,07,31. ,13,00159
2110020,1,2011,04,11,01,22,05. ,07,00049
2110020,1,2011,04,11,04,24,21. ,06,00031
2110020,2,2011,04,11,17,16,58. ,21,00107
2110020,1,2011,04,11,18,48,53. ,11,00086
2110020,1,2011,04,11,20,43,41. ,05,00021
2110020,1,2011,04,12,06,03,59. ,13,00162
2110020,1,2011,04,12,06,21,34. ,08,00090
2110020,1,2011,04,12,07,45,51. ,06,00062
2110020,1,2011,04,12,14,08,46. ,11,00043
2110020,2,2011,04,13,04,38,00. ,24,00387
2110020,1,2011,04,13,08,54,42. ,09,00065
2110020,1,2011,04,13,17,26,25. ,06,00072
2110020,1,2011,04,14,04,58,13. ,11,00025
2110020,1,2011,04,14,10,07,08. ,13,00157
2110020,1,2011,05,02,21,37,12. ,11,00093
2110020,2,2011,05,03,22,36,04. ,15,00132
2110020,1,2011,05,04,22,19,05. ,08,00124
2110020,1,2011,05,05,23,59,18. ,08,00044
2110020,2,2011,05,06,14,15,07. ,18,00358
2110020,1,2011,05,06,16,56,36. ,12,00281
2110020,1,2011,05,08,05,03,27. ,09,00109
2110020,2,2011,05,08,05,52,55. ,19,00135
2110020,1,2011,05,11,03,24,42. ,13,00137
2110020,1,2011,05,11,04,58,25. ,14,00182
2110020,2,2011,05,12,03,22,08. ,18,00247
2110020,1,2011,05,13,01,21,21. ,11,00066
2110020,1,2011,05,14,08,36,40. ,09,00041
2110020,1,2011,05,15,08,51,29. ,09,00044
2110020,1,2011,05,15,21,15,13. ,09,00053
2110020,1,2011,05,15,21,33,30. ,05,00035
2110020,1,2011,05,16,04,07,59. ,12,00140
2110020,1,2011,05,16,12,21,01. ,05,00078
2110020,2,2011,05,19,17,33,14. ,19,00260
2110020,1,2011,05,20,16,29,32. ,07,00051
2110020,1,2011,05,21,14,35,43. ,05,00061
2110020,1,2011,05,21,19,42,47. ,08,00100
2110020,1,2011,05,23,14,21,28. ,05,00029
2110020,1,2011,05,24,12,41,37. ,11,00028
2110020,1,2011,05,27,00,04,56. ,05,00043
2110020,1,2011,05,28,08,02,18. ,09,00044
2110020,1,2011,05,29,03,53,12. ,07,00080
2110020,1,2011,05,29,18,41,06. ,08,00133
2110020,3,2011,05,31,21,28,47. ,26,00783
2110020,1,2011,06,01,02,15,32. ,07,00106
2110020,1,2011,06,01,08,54,17. ,08,00080
2110020,1,2011,06,03,09,06,11. ,07,00041
2110020,1,2011,06,04,12,37,46. ,08,00051
2110020,1,2011,06,07,05,11,08. ,05,00043
2110020,2,2011,06,09,07,11,26. ,20,00355
2110020,1,2011,06,10,03,16,33. ,05,00027
2110020,1,2011,06,10,22,40,03. ,11,00104
2110020,2,2011,06,11,07,36,19. ,17,00159
2110020,2,2011,06,14,23,56,24. ,23,00365
2110020,1,2011,06,15,21,48,41. ,08,00136
2110020,2,2011,06,18,20,31,46. ,15,00096
2110020,2,2011,06,21,13,40,01. ,17,00363
2110020,1,2011,06,21,14,17,21. ,09,00116
2110020,1,2011,06,22,10,39,51. ,08,00092
2110020,1,2011,06,22,23,29,37. ,10,00037
2110020,3,2011,06,23,06,51,12. ,27,00348
2110020,3,2011,06,23,19,35,24. ,26,00395
2110020,1,2011,06,28,15,51,20. ,05,00081
2110020,1,2011,06,28,22,23,26. ,08,00049
2110020,1,2011,06,30,21,43,07. ,06,00052
2110020,1,2011,07,01,09,38,00. ,09,00062
2110020,1,2011,07,08,03,36,39. ,14,00074
2110020,1,2011,07,08,11,43,14. ,13,00169
2110020,1,2011,07,08,22,11,15. ,05,00045
2110020,1,2011,07,09,22,41,58. ,06,00063
2110020,2,2011,07,10,09,57,49. ,22,00165
2110020,1,2011,07,11,10,36,27. ,11,00129
2110020,3,2011,07,11,13,29,40. ,26,00825
2110020,2,2011,07,12,18,00,10. ,22,00309
2110020,2,2011,07,13,00,37,48. ,18,00247
2110020,1,2011,07,13,05,06,47. ,05,00121
2110020,1,2011,07,14,10,35,18. ,13,00132
2110020,1,2011,07,15,01,47,30. ,08,00081
2110020,1,2011,07,16,22,23,18. ,07,00133
2110020,3,2011,07,23,13,34,33. ,32,00681
2110020,1,2011,07,24,08,56,40. ,05,00062
2110020,2,2011,07,25,00,07,25. ,17,00159
2110020,2,2011,07,25,03,52,04. ,21,00147
2110020,2,2011,07,25,20,05,06. ,19,00225
2110020,1,2011,07,25,20,11,08. ,07,00086
2110020,1,2011,07,26,05,40,15. ,14,00147
2110020,1,2011,07,26,22,36,26. ,11,00105
2110020,1,2011,07,29,01,01,56. ,07,00093
2110020,1,2011,07,30,08,44,26. ,05,00091
2110020,2,2011,07,31,03,54,48. ,23,00195
2110020,1,2011,07,31,21,40,23. ,06,00059
2110020,1,2011,08,01,04,34,09. ,11,00100
2110020,1,2011,08,01,15,55,18. ,09,00068
2110020,1,2011,08,01,22,45,14. ,13,00073
2110020,1,2011,08,03,05,08,33. ,08,00098
2110020,1,2011,08,05,19,53,56. ,06,00032
2110020,1,2011,08,10,02,45,11. ,09,00144
2110020,1,2011,08,10,13,30,06. ,08,00065
2110020,2,2011,08,11,22,31,46. ,18,00219
2110020,2,2011,08,12,03,23,02. ,18,00096
2110020,1,2011,08,13,13,44,41. ,06,00074
2110020,1,2011,08,17,04,35,55. ,08,00039
2110020,1,2011,08,17,11,26,36. ,06,00071
2110020,2,2011,08,17,12,05,27. ,18,00158
2110020,1,2011,08,17,12,14,51. ,08,00078
2110020,1,2011,08,19,13,51,12. ,13,00257
2110020,2,2011,08,19,14,37,05. ,22,00246
2110020,1,2011,08,21,04,37,42. ,14,00181
2110020,2,2011,08,21,07,58,59. ,17,00205
2110020,1,2011,08,25,13,08,15. ,12,00095
2110020,1,2011,08,26,08,34,24. ,12,00149
2110020,1,2011,08,30,22,45,18. ,13,00183
2110020,1,2011,09,02,13,08,22. ,08,00097
2110020,2,2011,09,02,13,48,53. ,17,00156
2110020,1,2011,09,07,14,42,27. ,05,00050
2110020,1,2011,09,09,07,06,43. ,11,00088
2110020,1,2011,09,09,23,40,39. ,13,00178
2110020,1,2011,09,13,10,34,17. ,06,00080
2110020,2,2011,09,13,23,14,49. ,16,00239
2110020,1,2011,09,15,09,00,39. ,05,00141
2110020,1,2011,09,17,04,27,26. ,13,00042
2110020,1,2011,09,18,00,13,48. ,13,00116
2110020,2,2011,09,18,16,05,02. ,15,00048
2110020,1,2011,09,19,03,33,03. ,08,00048
2110020,2,2011,09,21,05,59,24. ,16,00152
2110020,2,2011,09,23,22,12,41. ,24,00402
2110020,1,2011,10,05,14,18,13. ,06,00034
2110020,1,2011,10,10,11,46,43. ,12,00086
2110020,1,2011,10,18,18,06,20. ,09,00136
2110020,1,2011,10,21,17,04,42. ,05,00024
2110020,1,2011,10,24,01,32,32. ,06,00066
2110020,1,2011,10,24,03,58,56. ,05,00055
2110020,1,2011,10,25,06,37,45. ,05,00051
2110020,1,2011,10,28,08,20,38. ,05,00122
2110020,1,2011,10,28,11,07,01. ,07,00088
2110020,2,2011,10,29,15,25,11. ,20,00182
2110020,1,2011,10,31,08,08,48. ,05,00036
2110020,1,2011,11,02,10,43,35. ,12,00234
2110020,1,2011,11,06,08,44,08. ,09,00121
2110020,1,2011,11,11,16,52,25. ,08,00089
2110020,2,2011,11,17,17,34,48. ,15,00169
2110020,1,2011,11,19,22,06,31. ,13,00202
2110020,1,2011,11,24,04,25,22. ,12,00061
2110020,1,2011,11,26,10,43,36. ,10,00114
2110020,1,2011,11,30,21,55,41. ,05,00080
2110020,1,2011,12,02,09,50,58. ,08,00068
2110020,1,2011,12,02,17,59,04. ,06,00069
2110020,1,2011,12,03,13,16,47. ,13,00200
2110020,1,2011,12,05,04,20,33. ,09,00089
2110020,2,2011,12,10,15,08,29. ,24,00507
2110020,1,2011,12,16,18,46,32. ,05,00072
2110020,1,2011,12,18,15,09,17. ,05,00059
2110020,1,2011,12,21,11,07,12. ,14,00120
2110020,1,2011,12,27,02,56,37. ,10,00154
2110020,1,2011,12,30,18,35,09. ,12,00199
2110020,1,2011,12,31,04,11,48. ,08,00089
2110020,2,2012,01,01,14,31,19. ,19,00082
2110020,1,2012,01,06,01,47,26. ,07,00042
2110020,3,2012,01,09,07,13,17. ,26,00630
2110020,1,2012,01,12,12,21,50. ,11,00058
2110020,1,2012,01,12,14,37,56. ,13,00060
2110020,1,2012,01,18,17,55,58. ,11,00096
2110020,1,2012,01,19,04,33,08. ,06,00059
2110020,1,2012,01,19,09,10,34. ,08,00118
2110020,1,2012,01,19,10,11,21. ,05,00074
2110020,1,2012,01,19,16,42,22. ,06,00065
2110020,1,2012,01,26,05,43,23. ,13,00117
2110020,2,2012,01,28,09,22,53. ,15,00063
2110020,1,2012,02,03,19,00,09. ,14,00152
2110020,1,2012,02,07,01,06,31. ,05,00045
2110020,1,2012,02,09,16,01,13. ,06,00064
2110020,1,2012,02,10,06,52,38. ,09,00073
2110020,1,2012,02,12,04,56,08. ,08,00074
2110020,1,2012,02,16,14,09,59. ,13,00130
2110020,1,2012,02,21,04,16,41. ,07,00085
2110020,2,2012,02,24,04,28,17. ,20,00332
2110020,1,2012,02,28,01,30,53. ,11,00155
2110020,2,2012,03,03,22,26,34. ,16,00199
2110020,2,2012,03,08,12,23,48. ,19,00272
2110020,1,2012,03,09,01,41,57. ,05,00045
2110020,1,2012,03,10,10,33,58. ,10,00086
2110020,2,2012,03,14,18,09,36. ,17,00119
2110020,1,2012,03,14,19,50,45. ,05,00025
2110020,1,2012,03,17,22,48,09. ,06,00081
2110020,2,2012,03,18,09,36,40. ,23,00472
2110020,1,2012,03,22,03,25,23. ,08,00091
2110020,1,2012,03,25,21,23,20. ,06,00057
2110020,1,2012,03,25,22,23,20. ,11,00075
2110020,3,2012,03,27,20,01,00. ,33,00625
2110020,2,2012,03,30,05,38,41. ,15,00304
2110020,1,2012,03,30,18,41,20. ,06,00027
2110020,1,2012,04,01,23,05,23. ,13,00065
2110020,1,2012,04,02,21,53,18. ,06,00088
2110020,1,2012,04,03,02,48,30. ,09,00077
2110020,1,2012,04,10,11,57,54. ,06,00075
2110020,1,2012,04,12,05,29,40. ,10,00083
2110020,1,2012,04,12,23,51,37. ,10,00032
2110020,1,2012,04,14,10,12,03. ,06,00084
2110020,1,2012,04,17,23,30,08. ,08,00068
2110020,1,2012,04,24,21,34,34. ,06,00097
2110020,2,2012,04,30,00,02,34. ,18,00187
2110020,1,2012,05,03,16,16,00. ,06,00078
2110020,1,2012,05,06,05,13,00. ,12,00103
2110020,2,2012,05,09,06,47,11. ,20,00481
2110020,2,2012,05,10,09,28,34. ,15,00076
2110020,1,2012,05,10,15,41,42. ,10,00087
2110020,1,2012,05,13,07,09,05. ,06,00081
2110020,2,2012,05,16,01,01,02. ,16,00133
2110020,1,2012,05,18,10,23,49. ,05,00067
2110020,1,2012,05,20,16,21,40. ,09,00025
2110020,1,2012,05,24,00,03,32. ,10,00032
2110020,1,2012,06,10,17,38,19. ,05,00041
2110020,1,2012,06,15,16,32,20. ,11,00064
2110020,3,2012,06,18,05,32,31. ,31,00627
2110020,1,2012,06,24,10,29,30. ,12,00122
2110020,1,2012,06,26,22,43,06. ,09,00138
2110020,2,2012,06,30,16,12,15. ,17,00190
2110020,1,2012,07,09,13,02,12. ,05,00060
2110020,1,2012,07,13,14,14,44. ,11,00117
2110020,1,2012,07,13,23,42,40. ,07,00061
2110020,1,2012,07,21,12,01,58. ,08,00034
2110020,1,2012,07,22,17,20,52. ,08,00062
2110020,2,2012,07,30,07,05,18. ,22,00398
2110020,1,2012,08,01,23,37,57. ,06,00096
2110020,2,2012,08,03,19,21,28. ,23,00354
2110020,1,2012,08,08,01,11,36. ,14,00098
2110020,1,2012,08,26,03,37,59. ,11,00096
2110020,1,2012,08,29,08,17,57. ,10,00091
2110020,1,2012,08,30,02,43,40. ,05,00049
2110020,3,2012,08,30,04,05,26. ,25,00611
2110020,1,2012,09,10,21,21,35. ,05,00098
2110020,1,2012,09,17,17,22,49. ,06,00099
2110020,1,2012,09,18,04,09,58. ,05,00030
2110020,1,2012,09,23,03,24,38. ,08,00130
2110020,1,2012,09,28,02,39,09. ,07,00065
2110020,1,2012,09,30,10,39,46. ,05,00074
2110020,1,2012,10,01,06,41,02. ,09,00126
2110020,2,2012,10,01,07,39,39. ,20,00242
2110020,1,2012,10,02,07,22,30. ,14,00048
2110020,1,2012,10,03,18,40,28. ,14,00108
2110020,1,2012,10,03,20,05,16. ,10,00131
2110020,1,2012,10,08,19,49,20. ,05,00054
2110020,2,2012,10,19,18,13,13. ,18,00284
2110020,1,2012,10,22,10,43,34. ,11,00091
2110020,2,2012,10,25,19,32,45. ,22,00248
2110020,1,2012,10,26,19,36,43. ,11,00129
2110020,1,2012,10,31,13,28,16. ,11,00114
2110020,2,2012,11,10,07,35,33. ,18,00238
2110020,1,2012,11,21,09,02,40. ,05,00058
2110020,3,2012,12,07,17,19,00. ,33,00651
2110020,1,2012,12,07,17,32,08. ,09,00050
2110020,1,2012,12,15,05,37,40. ,11,00092
2110020,1,2012,12,15,13,27,52. ,06,00032
2110020,1,2012,12,18,19,26,13. ,11,00111
2110020,3,2012,12,21,17,07,30. ,27,00788
2110020,2,2012,12,29,23,59,47. ,18,00139
2110020,1,2013,01,06,01,47,24. ,09,00137
2110020,1,2013,01,08,16,52,06. ,09,00057
2110020,2,2013,01,13,12,17,52. ,23,00514
2110020,1,2013,02,01,10,27,23. ,08,00084
2110020,2,2013,02,02,23,18,41. ,19,00134
2110020,1,2013,02,05,22,31,21. ,07,00063
2110020,1,2013,02,11,12,46,01. ,06,00059
2110020,1,2013,02,13,11,21,59. ,12,00138
2110020,1,2013,02,18,20,06,59. ,08,00100
2110020,2,2013,02,22,00,34,37. ,15,00158
2110020,1,2013,02,26,01,19,53. ,07,00055
2110020,1,2013,02,26,21,46,26. ,11,00159
2110020,1,2013,03,05,05,43,16. ,06,00071
2110020,2,2013,03,13,06,32,40. ,23,00443
2110020,1,2013,03,30,13,22,48. ,06,00094
2110020,2,2013,03,31,16,46,32. ,20,00166
2110020,1,2013,04,02,03,54,00. ,12,00048
2110020,1,2013,04,02,04,09,53. ,12,00135
2110020,1,2013,04,14,22,25,47. ,06,00035
2110020,3,2013,04,17,21,03,48. ,28,00539
2110020,1,2013,04,17,23,13,51. ,09,00122
2110020,1,2013,04,19,12,09,50. ,11,00044
2110020,1,2013,05,06,09,07,03. ,07,00090
2110020,1,2013,05,16,08,47,08. ,06,00029
2110020,2,2013,05,18,14,48,38. ,20,00157
2110020,1,2013,05,27,18,16,51. ,07,00064
2110020,1,2013,06,04,05,01,42. ,06,00065
2110020,1,2013,06,13,22,35,31. ,05,00082
2110020,2,2013,07,10,14,22,29. ,21,00237
2110020,1,2013,07,11,03,18,28. ,06,00070
2110020,1,2013,07,11,22,44,44. ,07,00096
2110020,2,2013,07,13,03,31,48. ,15,00136
2110020,2,2013,07,16,07,46,13. ,20,00275
2110020,1,2013,07,19,02,05,27. ,11,00173
2110020,2,2013,07,19,08,44,22. ,19,00287
2110020,1,2013,07,19,18,05,20. ,14,00131
2110020,1,2013,07,26,04,05,42. ,08,00043
2110020,1,2013,07,26,09,43,00. ,10,00178
2110020,1,2013,07,29,18,20,09. ,14,00141
2110020,1,2013,07,31,09,14,46. ,10,00042
2110020,3,2013,08,04,12,29,09. ,28,00791
2110020,1,2013,08,22,17,03,04. ,05,00107
2110020,1,2013,08,25,18,18,56. ,09,00098
2110020,1,2013,08,26,14,24,42. ,12,00123
2110020,1,2013,08,31,01,56,53. ,06,00057
2110020,1,2013,09,04,09,22,21. ,11,00027
2110020,1,2013,09,14,21,42,24. ,05,00040
2110020,1,2013,09,18,09,28,05. ,10,00130
2110020,1,2013,10,11,13,21,06. ,08,00091
2110020,1,2013,10,20,00,14,52. ,12,00094
2110020,2,2013,10,26,02,11,08. ,19,00173
2110020,1,2013,11,01,00,01,38. ,13,00066
2110020,1,2013,11,12,05,54,45. ,09,00095
2110020,1,2013,11,14,07,09,30. ,05,00053
2110020,2,2013,11,16,14,54,53. ,20,00216
2110020,2,2013,11,26,00,43,22. ,20,00275
2110020,1,2013,12,04,04,56,09. ,07,00065
2110020,1,2013,12,15,18,21,50. ,05,00056
2110020,1,2013,12,18,19,14,30. ,13,00138
2110020,1,2014,01,08,21,28,35. ,07,00081
2110020,1,2014,01,12,00,46,29. ,11,00125
2110020,1,2014,01,16,10,12,56. ,05,00018
2110020,2,2014,02,06,02,32,27. ,22,00319
2110020,1,2014,02,06,21,10,51. ,10,00107
2110020,1,2014,02,19,05,02,55. ,05,00058
2110020,1,2014,02,24,16,39,29. ,11,00124
2110020,1,2014,02,27,23,05,14. ,06,00068
2110020,3,2014,04,03,08,22,58. ,30,00905
2110020,2,2014,04,05,10,16,31. ,18,00245
2110020,1,2014,04,17,02,20,36. ,11,00098
2110020,1,2014,04,28,07,09,01. ,05,00056
2110020,1,2014,05,04,16,11,10. ,05,00072
2110020,1,2014,05,05,05,20,21. ,07,00048
2110020,1,2014,05,12,02,20,58. ,07,00106
2110020,2,2014,06,08,14,24,39. ,21,00407
2110020,1,2014,06,09,06,11,21. ,13,00099
2110020,2,2014,06,15,02,31,58. ,22,00261
2110020,1,2014,06,16,05,15,47. ,12,00056
2110020,1,2014,06,18,21,41,18. ,10,00090
2110020,1,2014,06,25,18,07,54. ,05,00112
2110020,1,2014,06,27,06,56,20. ,08,00048
2110020,2,2014,07,05,07,42,21. ,18,00139
2110020,1,2014,07,07,04,28,52. ,09,00161
2110020,1,2014,07,12,04,23,04. ,09,00027
2110020,1,2014,08,04,14,58,40. ,11,00136
2110020,1,2014,08,07,00,12,18. ,07,00055
2110020,1,2014,08,10,12,44,21. ,08,00034
2110020,2,2014,08,26,12,36,39. ,15,00140
2110020,1,2014,09,10,10,10,10. ,14,00117
2110020,1,2014,10,02,14,33,00. ,08,00102
2110020,1,2014,10,03,09,58,09. ,13,00062
2110020,1,2014,10,06,15,38,25. ,06,00059
2110020,1,2014,10,11,11,37,00. ,06,00016
2110020,1,2014,10,15,12,51,38. ,09,00092
2110020,1,2014,11,08,08,55,01. ,05,00030
2110020,1,2014,11,08,21,09,44. ,05,00077
2110020,1,2014,11,12,12,05,33. ,12,00125
2110020,1,2014,11,15,09,57,13. ,08,00159
2110020,1,2014,11,19,13,32,47. ,11,00094
2110020,1,2014,11,20,10,52,33. ,08,00040
2110020,1,2014,12,18,03,45,14. ,13,00172
2110020,1,2014,12,20,18,30,45. ,07,00043
2110020,1,2014,12,25,08,07,00. ,06,00029
2110020,1,2015,01,01,14,01,25. ,12,00123
2110020,1,2015,01,07,18,59,09. ,07,00058
2110020,1,2015,01,10,21,21,55. ,05,00081
2110020,2,2015,01,14,02,46,53. ,22,00488
2110020,1,2015,02,06,05,29,01. ,05,00051
2110020,2,2015,02,17,08,07,00. ,24,00214
2110020,2,2015,02,17,13,46,58. ,19,00128
2110020,2,2015,02,24,19,36,32. ,15,00238
2110020,2,2015,02,26,10,11,38. ,22,00255
2110020,1,2015,03,09,11,59,02. ,13,00195
2110020,1,2015,03,14,02,09,47. ,05,00066
2110020,2,2015,03,19,10,34,14. ,17,00222
2110020,1,2015,03,23,22,57,10. ,09,00090
2110020,1,2015,04,03,04,05,02. ,09,00084
2110020,1,2015,04,12,13,33,41. ,09,00141
2110020,1,2015,04,23,19,18,16. ,05,00065
2110020,1,2015,04,30,01,10,31. ,11,00052
2110020,1,2015,05,01,15,34,57. ,06,00092
2110020,1,2015,05,02,14,59,51. ,08,00062
2110020,1,2015,05,04,10,42,41. ,06,00066
2110020,1,2015,05,08,15,29,41. ,05,00062
2110020,4,2015,05,13,06,13,09. ,35,00980
2110020,1,2015,05,17,06,41,47. ,06,00061
2110020,1,2015,05,20,02,17,55. ,05,00074
2110020,1,2015,05,30,20,28,06. ,08,00015
2110020,1,2015,06,11,09,29,20. ,06,00065
2110020,1,2015,06,11,13,52,11. ,07,00013
2110020,2,2015,06,13,05,56,12. ,20,00452
2110020,1,2015,06,22,11,18,06. ,07,00065
2110020,1,2015,07,02,15,06,08. ,11,00121
2110020,1,2015,07,04,13,24,10. ,09,00053
2110020,1,2015,07,05,19,42,12. ,06,00042
2110020,1,2015,07,09,17,28,14. ,07,00032
2110020,2,2015,07,10,03,33,27. ,17,00091
2110020,1,2015,07,21,18,17,26. ,09,00052
2110020,1,2015,08,01,09,23,19. ,05,00079
2110020,1,2015,08,01,23,25,09. ,08,00090
2110020,1,2015,08,03,14,30,49. ,08,00051
2110020,1,2015,08,08,06,43,37. ,07,00130
2110020,2,2015,08,10,11,35,04. ,16,00262
2110020,1,2015,08,10,22,31,25. ,06,00063
2110020,1,2015,08,20,21,57,50. ,10,00049
2110020,1,2015,08,23,11,08,55. ,12,00102
2110020,1,2015,08,25,03,24,55. ,07,00054
2110020,1,2015,09,04,01,52,53. ,06,00018
2110020,1,2015,09,04,06,04,52. ,08,00079
2110020,1,2015,09,05,12,13,34. ,08,00083
2110020,1,2015,09,24,19,10,58. ,05,00054
2110020,1,2015,09,25,05,06,15. ,09,00101
2110020,1,2015,10,06,18,32,23. ,11,00090
2110020,1,2015,10,21,15,05,41. ,07,00050
2110020,2,2015,10,23,01,19,06. ,16,00242
2110020,1,2015,11,13,14,12,32. ,11,00134
2110020,1,2015,11,29,16,38,56. ,09,00134
2110020,1,2015,12,02,07,48,26. ,09,00062
2110020,1,2015,12,02,13,41,45. ,12,00143
2110020,1,2015,12,13,06,06,07. ,06,00062
2110020,1,2015,12,16,07,41,51. ,08,00067
2110020,1,2015,12,19,03,41,18. ,07,00084
2110020,1,2015,12,22,01,59,56. ,06,00042
2110020,1,2016,01,12,02,10,24. ,05,00028
2110020,1,2016,01,14,12,26,56. ,11,00038
2110020,1,2016,01,26,20,38,09. ,06,00048
2110020,2,2016,02,02,14,32,08. ,20,00141
2110020,1,2016,02,09,01,54,57. ,07,00047
2110020,1,2016,02,25,01,11,15. ,12,00117
2110020,1,2016,03,07,16,37,38. ,05,00028
2110020,2,2016,03,18,03,59,34. ,17,00182
2110020,1,2016,03,23,16,56,47. ,08,00122
2110020,1,2016,04,19,14,55,29. ,05,00071
2110020,1,2016,04,20,21,20,21. ,13,00066
2110020,1,2016,04,27,00,01,53. ,08,00051
2110020,2,2016,05,05,01,10,41. ,16,00150
2110020,2,2016,05,15,10,10,54. ,16,00171
2110020,1,2016,05,22,17,07,20. ,12,00166
2110020,1,2016,06,22,12,41,38. ,07,00106
2110020,1,2016,07,04,13,43,06. ,05,00069
2110020,2,2016,07,20,08,50,32. ,19,00263
2110020,1,2016,08,13,17,49,57. ,05,00053
2110020,1,2016,08,15,16,05,28. ,10,00040
2110020,2,2016,08,22,15,11,31. ,15,00114
2110020,1,2016,09,02,08,27,26. ,06,00059
2110020,1,2016,09,17,22,40,04. ,07,00051
2110020,1,2016,09,20,08,47,01. ,14,00139
2110020,2,2016,10,16,16,37,19. ,19,00201
2110020,1,2016,11,10,07,21,00. ,08,00067
2110020,3,2016,11,12,06,43,18. ,30,00558
2110020,2,2016,11,22,06,00,32. ,20,00099
2110020,1,2016,12,10,13,45,31. ,06,00028
2110020,1,2016,12,20,01,42,17. ,07,00014
2110020,1,2016,12,24,16,04,49. ,07,00074
2110020,1,2016,12,28,21,40,06. ,05,00022
2110020,1,2016,12,31,05,09,20. ,06,00038
2110020,1,2017,01,03,01,11,14. ,07,00100
2110020,1,2017,01,03,21,14,04. ,06,00042
2110020,1,2017,01,05,00,45,03. ,06,00030
2110020,1,2017,01,06,02,39,32. ,05,00038
2110020,1,2017,01,26,17,07,05. ,08,00032
2110020,1,2017,02,06,11,27,48. ,10,00090
2110020,2,2017,02,28,16,49,47. ,17,00109
2110020,1,2017,03,12,04,58,33. ,06,00036
2110020,1,2017,04,10,03,11,06. ,09,00070
2110020,2,2017,06,23,08,59,16. ,16,00249
2110020,1,2017,07,11,17,03,09. ,06,00088
2110020,1,2017,07,12,10,55,00. ,05,00069
2110020,1,2017,07,20,09,12,14. ,10,00045
2110020,2,2017,07,25,21,08,15. ,15,00125
2110020,2,2017,07,27,17,45,56. ,16,00176
2110020,1,2017,07,31,22,07,25. ,08,00087
2110020,1,2017,08,02,09,19,43. ,09,00085
2110020,1,2017,08,07,02,56,04. ,07,00102
2110020,1,2017,08,18,12,10,28. ,10,00086
2110020,1,2017,08,22,07,38,12. ,08,00073
2110020,1,2017,09,08,22,23,53. ,08,00046
2110020,1,2017,09,21,01,38,26. ,05,00034
2110020,1,2017,09,23,00,20,39. ,08,00077
2110020,2,2017,09,27,05,22,48. ,19,00108
2110020,1,2017,10,06,17,00,38. ,09,00038
2110020,1,2017,10,06,23,57,37. ,11,00051
2110020,1,2017,10,09,23,47,44. ,10,00091
2110020,2,2017,11,11,01,38,41. ,18,00312
2110020,1,2017,11,16,20,36,25. ,08,00074
2110020,1,2017,11,22,17,59,15. ,09,00122
2110020,1,2017,11,25,20,37,06. ,08,00127
2110020,1,2017,12,04,16,42,21. ,05,00064
2110020,1,2017,12,14,21,12,28. ,05,00078
2110020,2,2017,12,16,02,58,57. ,23,00274
2110020,1,2017,12,18,06,10,05. ,10,00119
2110020,1,2018,01,09,13,43,42. ,06,00080
2110020,1,2018,01,24,19,52,17. ,12,00049
2110020,1,2018,01,27,03,11,28. ,14,00117
2110020,1,2018,01,30,09,26,18. ,09,00137
2110020,1,2018,02,02,23,52,26. ,07,00086
2110020,1,2018,02,17,06,39,09. ,12,00115
2110020,1,2018,02,26,01,29,24. ,06,00028
2110020,1,2018,03,15,05,41,20. ,10,00093
2110020,2,2018,03,23,06,32,29. ,18,00202
2110020,2,2018,04,12,22,38,03. ,21,00328
2110020,1,2018,04,19,13,58,14. ,11,00079
2110020,1,2018,04,29,12,09,54. ,12,00187
2110020,2,2018,05,07,05,01,06. ,15,00105
2110020,1,2018,05,13,01,49,58. ,13,00109
2110020,1,2018,05,29,00,47,29. ,06,00085
2110020,1,2018,06,18,00,43,59. ,05,00086
2110020,2,2018,06,26,20,03,22. ,16,00291
2110020,1,2018,07,02,20,47,19. ,05,00074
2110020,1,2018,07,12,17,39,50. ,07,00061
2110020,1,2018,07,31,17,43,16. ,09,00050
2110020,1,2018,08,08,00,13,59. ,06,00036
2110020,1,2018,08,20,03,10,29. ,11,00102
2110020,1,2018,09,06,03,09,43. ,08,00028
2110020,1,2018,09,09,20,38,24. ,05,00049
2110020,2,2018,09,19,01,22,11. ,18,00251
2110020,1,2018,09,25,12,31,20. ,05,00075
2110020,1,2018,10,10,04,58,57. ,13,00089
2110020,1,2018,10,23,20,06,46. ,11,00082
2110020,3,2018,10,26,03,36,26. ,25,00560
2110020,1,2018,10,27,20,39,48. ,06,00032
2110020,1,2018,11,26,22,04,16. ,07,00078
2110020,1,2018,12,03,11,46,13. ,08,00104
2110020,1,2018,12,04,04,15,30. ,06,00071
2110020,2,2018,12,16,01,28,28. ,15,00201
2110020,1,2018,12,27,01,49,12. ,05,00055
2110020,1,2019,01,06,17,34,38. ,13,00133
2110020,1,2019,01,26,17,23,40. ,12,00065
2110020,2,2019,02,20,01,25,15. ,15,00170
2110020,1,2019,03,02,12,24,58. ,05,00022
2110020,2,2019,03,07,04,26,20. ,20,00249
2110020,1,2019,04,07,10,02,51. ,10,00119
2110020,1,2019,04,11,17,19,18. ,07,00022
2110020,1,2019,04,25,21,00,23. ,09,00121
2110020,1,2019,05,04,09,19,18. ,09,00055
2110020,1,2019,05,04,11,41,56. ,11,00118
2110020,1,2019,05,05,04,51,55. ,05,00054
2110020,1,2019,05,06,14,13,41. ,05,00083
2110020,1,2019,05,18,10,18,15. ,14,00116
2110020,1,2019,06,09,05,33,50. ,08,00132
2110020,1,2019,06,11,10,21,42. ,10,00107
2110020,2,2019,06,18,22,23,17. ,16,00046
2110020,1,2019,07,02,10,00,34. ,06,00096
2110020,2,2019,07,17,18,00,40. ,15,00158
2110020,1,2019,07,28,03,34,09. ,07,00031
2110020,2,2019,08,04,03,04,43. ,17,00178
2110020,2,2019,08,04,19,23,40. ,19,00149
2110020,1,2019,08,14,07,03,03. ,09,00057
2110020,1,2019,08,15,14,33,44. ,06,00028
2110020,1,2019,08,15,18,07,57. ,05,00036
2110020,1,2019,08,24,03,05,46. ,06,00060
2110020,2,2019,09,15,12,02,50. ,17,00231
2110020,2,2019,09,25,17,28,58. ,23,00512
2110020,1,2019,09,27,20,11,17. ,07,00086
2110020,1,2019,10,19,18,09,06. ,06,00043
2110020,1,2019,10,23,12,43,43. ,05,00044
2110020,1,2019,11,29,13,02,13. ,05,00022
2110020,1,2019,12,11,18,39,46. ,09,00065
2110020,1,2019,12,19,15,22,10. ,09,00041
2110020,1,2019,12,22,21,34,04. ,06,00032
2110020,1,2019,12,26,18,26,58. ,14,00178
2110020,1,2020,02,12,19,38,10. ,12,00084
2110020,1,2020,02,13,19,37,10. ,09,00034
2110020,3,2020,04,20,05,39,14. ,30,00578
2110020,1,2020,05,15,06,40,34. ,10,00079
2110020,1,2020,05,18,12,01,06. ,12,00114
2110020,1,2020,05,19,12,17,57. ,10,00053
2110020,1,2020,06,16,01,55,40. ,05,00052
2110020,1,2020,06,20,02,38,16. ,09,00281
2110020,1,2020,08,27,09,48,59. ,05,00078
2110020,1,2020,09,03,12,05,11. ,08,00066
2110020,3,2020,09,12,11,44,22. ,28,00516
2110020,1,2020,09,12,11,51,01. ,12,00089
2110020,1,2020,09,12,12,49,24. ,11,00059
2110020,1,2020,09,13,05,29,50. ,08,00089
2110020,2,2020,09,17,09,18,09. ,19,00420
2110020,1,2020,09,30,22,58,54. ,07,00086
2110020,1,2020,10,05,23,01,30. ,13,00159
2110020,1,2020,10,06,15,28,00. ,14,00122
2110020,1,2020,12,12,16,19,24. ,14,00100
2110020,1,2020,12,20,18,36,07. ,05,00064
2110020,2,2020,12,21,02,24,15. ,18,00065
2110020,1,2020,12,25,06,27,52. ,05,00048
2110020,1,2021,01,19,05,47,46. ,08,00090
2110020,4,2021,02,13,23,08,16. ,36,00981
2110020,2,2021,02,14,03,25,40. ,23,00352
2110020,1,2021,02,17,07,07,47. ,06,00095
2110020,1,2021,02,20,10,17,30. ,05,00065
2110020,1,2021,03,06,22,42,27. ,07,00120
2110020,2,2021,03,09,08,30,11. ,20,00225
2110020,1,2021,03,17,17,29,29. ,13,00097
2110020,4,2021,03,20,18,10,00. ,39,01366
2110020,1,2021,04,03,21,58,41. ,12,00142
2110020,2,2021,04,18,09,29,26. ,22,00396
2110020,1,2021,04,19,13,06,55. ,10,00116
2110020,1,2021,05,01,09,10,46. ,05,00060
2110020,4,2021,05,01,10,27,46. ,39,01734
2110020,2,2021,05,14,08,58,50. ,24,00165
2110020,1,2021,06,08,10,19,55. ,07,00056
2110020,1,2021,06,09,07,34,50. ,07,00058
2110020,1,2021,06,09,22,06,30. ,05,00027
2110020,1,2021,07,01,06,44,11. ,12,00141
2110020,1,2021,08,17,08,56,30. ,05,00087
2110020,1,2021,08,22,11,25,17. ,08,00061
2110020,1,2021,09,08,03,41,39. ,09,00183
2110020,1,2021,09,13,14,00,06. ,12,00189
2110020,1,2021,09,18,05,21,36. ,09,00134
2110020,1,2021,09,27,19,59,07. ,05,00060
2110020,1,2021,09,29,17,39,26. ,08,00031
2110020,1,2021,09,30,17,45,54. ,12,00102
2110020,2,2021,10,06,02,46,21. ,22,00290
2110020,1,2021,10,09,14,32,29. ,05,00031
2110020,1,2021,11,09,00,34,55. ,07,00082
2110020,2,2021,11,23,18,48,53. ,20,00411
2110020,2,2021,11,24,17,06,44. ,18,00330
2110020,1,2021,12,08,16,22,58. ,10,00058
