station,intensity,year,month,day,hour,minute,second,intensity_equip,acceleration_max_comb
2220620,2,2004,05,29,12,47,20. ,20,00121
2220620,1,2004,06,13,14,57,07. ,05,00033
2220620,1,2004,06,27,04,43,53. ,12,00067
2220620,1,2004,06,30,13,40,21. ,05,00054
2220620,1,2004,07,05,18,23,14. ,08,00039
2220620,2,2004,08,10,15,14,18. ,15,00060
2220620,1,2004,08,19,20,41,20. ,13,00064
2220620,2,2004,09,01,11,49,50. ,21,00118
2220620,1,2004,10,17,03,55,43. ,13,00053
2220620,2,2004,10,23,17,57,03. ,18,00079
2220620,1,2004,10,23,18,04,15. ,11,00042
2220620,1,2004,10,23,18,35,07. ,14,00051
2220620,1,2004,11,01,01,10,14. ,08,00040
2220620,1,2004,11,02,22,05,14. ,09,00040
2220620,1,2004,11,08,03,29,09. ,07,00036
2220620,2,2004,11,19,17,41,13. ,21,00136
2220620,1,2004,11,29,03,34,41. ,10,00038
2220620,2,2004,12,01,10,33,10. ,15,00108
2220620,1,2004,12,06,23,17,38. ,09,00030
2220620,1,2004,12,19,19,17,19. ,07,00024
2220620,2,2004,12,29,22,59,05. ,17,00100
2220620,2,2004,12,30,10,54,04. ,18,00132
2220620,3,2004,12,30,22,30,10. ,26,00358
2220620,2,2005,01,01,05,14,33. ,20,00137
2220620,1,2005,02,26,21,38,53. ,09,00029
2220620,1,2005,03,19,05,11,54. ,06,00028
2220620,1,2005,03,19,12,10,06. ,11,00046
2220620,2,2005,04,04,02,57,32. ,16,00071
2220620,1,2005,04,11,07,23,30. ,07,00023
2220620,1,2005,05,02,04,37,01. ,06,00035
2220620,1,2005,05,07,00,27,58. ,12,00079
2220620,1,2005,05,21,07,01,45. ,11,00038
2220620,2,2005,05,27,17,07,35. ,17,00067
2220620,1,2005,07,02,09,32,55. ,06,00023
2220620,1,2005,07,23,16,36,14. ,11,00037
2220620,1,2005,08,08,00,07,43. ,12,00039
2220620,1,2005,08,10,15,12,48. ,07,00035
2220620,A,2005,08,16,11,46,45. ,49,03793
2220620,1,2005,08,16,11,52,35. ,06,00031
2220620,1,2005,08,16,12,32,12. ,09,00051
2220620,1,2005,08,16,13,55,47. ,05,00027
2220620,1,2005,08,16,19,42,20. ,06,00062
2220620,2,2005,08,24,19,15,43. ,18,00084
2220620,1,2005,08,31,03,11,39. ,14,00044
2220620,1,2005,09,06,18,13,33. ,08,00041
2220620,1,2005,09,11,05,07,27. ,12,00052
2220620,1,2005,09,12,04,29,03. ,14,00058
2220620,2,2005,10,09,18,14,46. ,20,00142
2220620,1,2005,10,10,12,01,44. ,06,00041
2220620,1,2005,10,12,13,30,40. ,09,00032
2220620,1,2005,10,18,03,48,42. ,12,00051
2220620,2,2005,10,19,20,45,20. ,23,00141
2220620,2,2005,10,22,22,13,21. ,23,00177
2220620,2,2005,10,24,18,35,20. ,16,00078
2220620,2,2005,11,01,11,01,33. ,17,00080
2220620,1,2005,11,02,10,38,33. ,06,00024
2220620,3,2005,11,15,06,39,41. ,28,00270
2220620,3,2005,12,02,22,13,30. ,26,00225
2220620,1,2005,12,05,03,04,24. ,08,00031
2220620,2,2005,12,05,07,20,59. ,20,00138
2220620,1,2005,12,08,13,06,03. ,11,00057
2220620,3,2005,12,17,03,32,32. ,29,/////
2220620,2,2006,01,18,23,25,49. ,23,00158
2220620,1,2006,02,01,04,24,29. ,11,00040
2220620,1,2006,02,01,20,37,07. ,07,00022
2220620,1,2006,02,03,13,04,25. ,11,00052
2220620,2,2006,02,03,13,38,39. ,18,00064
2220620,1,2006,02,03,13,40,31. ,09,00028
2220620,1,2006,02,09,22,05,55. ,05,00034
2220620,1,2006,02,13,17,23,47. ,09,00029
2220620,1,2006,03,12,03,51,12. ,07,00064
2220620,1,2006,03,12,07,07,47. ,08,00029
2220620,2,2006,03,19,16,28,09. ,17,00095
2220620,1,2006,03,19,22,47,36. ,09,00039
2220620,1,2006,03,24,07,59,35. ,12,00061
2220620,1,2006,03,29,19,29,16. ,12,00070
2220620,1,2006,04,02,16,23,17. ,13,00057
2220620,2,2006,04,10,09,21,54. ,16,00114
2220620,1,2006,04,13,01,21,08. ,05,00029
2220620,2,2006,04,22,23,36,25. ,21,00174
2220620,1,2006,05,06,20,46,10. ,13,00070
2220620,2,2006,07,01,08,28,30. ,21,00153
2220620,2,2006,07,06,06,11,51. ,23,00282
2220620,1,2006,08,17,12,45,46. ,11,00050
2220620,1,2006,09,05,07,10,06. ,07,00033
2220620,2,2006,09,09,19,36,31. ,23,00175
2220620,2,2006,10,02,02,08,06. ,17,00095
2220620,2,2006,12,28,09,25,23. ,16,00104
2220620,1,2007,01,13,13,29,40. ,13,00052
2220620,1,2007,01,16,03,19,41. ,09,00040
2220620,2,2007,03,31,22,32,24. ,23,00217
2220620,3,2007,04,05,20,39,45. ,27,00521
2220620,1,2007,04,10,10,24,14. ,05,00031
2220620,3,2007,04,12,22,50,29. ,25,00313
2220620,1,2007,05,27,00,07,09. ,07,00045
2220620,3,2007,05,29,16,03,36. ,25,00604
2220620,1,2007,06,09,19,33,41. ,06,00031
2220620,1,2007,06,13,10,50,00. ,06,00028
2220620,2,2007,06,16,05,29,34. ,17,00113
2220620,2,2007,07,16,10,14,28. ,16,00063
2220620,1,2007,07,16,15,38,45. ,08,00027
2220620,1,2007,07,16,23,19,02. ,11,00041
2220620,1,2007,07,28,08,51,57. ,06,00029
2220620,1,2007,08,01,17,18,34. ,10,00037
2220620,2,2007,11,07,20,06,03. ,17,00143
2220620,1,2007,11,26,06,42,38. ,11,00067
2220620,2,2007,11,26,22,52,04. ,24,00165
2220620,3,2007,12,25,23,04,53. ,26,00242
2220620,1,2007,12,26,08,39,27. ,12,00063
2220620,1,2008,01,11,08,01,11. ,09,00033
2220620,1,2008,03,08,01,55,53. ,13,00054
2220620,1,2008,03,24,12,40,50. ,11,00043
2220620,2,2008,04,17,04,20,03. ,21,00123
2220620,2,2008,05,02,14,42,04. ,15,00059
2220620,2,2008,05,08,01,03,10. ,17,00070
2220620,3,2008,05,08,01,46,14. ,27,00234
2220620,2,2008,06,02,00,58,51. ,17,00115
2220620,4,2008,06,14,08,44,00. ,42,01181
2220620,1,2008,06,14,08,53,37. ,11,00050
2220620,2,2008,06,14,09,20,24. ,21,00141
2220620,1,2008,06,14,10,00,42. ,09,00043
2220620,2,2008,06,14,12,28,01. ,15,00065
2220620,2,2008,06,14,23,42,54. ,17,00092
2220620,2,2008,06,16,23,15,01. ,22,00164
2220620,1,2008,06,17,04,05,32. ,09,00047
2220620,1,2008,06,26,23,34,16. ,10,00043
2220620,2,2008,06,27,22,57,42. ,15,00059
2220620,1,2008,06,29,15,53,44. ,12,00053
2220620,1,2008,07,05,16,49,53. ,14,00072
2220620,1,2008,07,14,23,57,08. ,10,00043
2220620,3,2008,07,19,11,39,57. ,27,00258
2220620,1,2008,07,21,18,01,51. ,12,00037
2220620,3,2008,07,21,20,31,12. ,25,00177
2220620,2,2008,07,22,17,47,25. ,16,00069
2220620,4,2008,07,24,00,26,48. ,42,01658
2220620,2,2008,07,24,11,28,39. ,16,00100
2220620,1,2008,09,22,16,33,28. ,11,00043
2220620,1,2008,09,23,22,27,23. ,11,00040
2220620,2,2008,09,24,08,44,17. ,17,00096
2220620,3,2008,10,30,00,48,56. ,32,00614
2220620,1,2008,11,10,16,23,37. ,05,00076
2220620,1,2008,11,28,10,14,00. ,11,00046
2220620,1,2008,12,04,08,17,50. ,12,00032
2220620,1,2008,12,04,12,11,48. ,10,00033
2220620,2,2008,12,07,07,32,00. ,20,00148
2220620,1,2008,12,20,19,30,32. ,13,00043
2220620,2,2009,01,03,16,13,40. ,17,00090
2220620,3,2009,02,01,06,52,39. ,25,00171
2220620,1,2009,02,16,07,39,24. ,07,00053
2220620,2,2009,02,17,09,13,24. ,20,00119
2220620,1,2009,02,28,15,27,14. ,14,00171
2220620,1,2009,03,08,22,34,44. ,13,00045
2220620,2,2009,04,21,18,58,22. ,21,00156
2220620,1,2009,04,28,06,38,31. ,13,00056
2220620,2,2009,06,01,00,33,29. ,19,00174
2220620,2,2009,06,23,16,37,56. ,19,00141
2220620,2,2009,08,09,19,58,24. ,24,00176
2220620,1,2009,08,13,07,51,14. ,12,00056
2220620,2,2009,09,08,22,34,20. ,19,00127
2220620,2,2009,09,22,20,41,14. ,24,00222
2220620,2,2009,10,23,10,29,18. ,17,00085
2220620,1,2009,12,02,15,15,03. ,14,00054
2220620,2,2009,12,19,04,31,15. ,20,00146
2220620,2,2009,12,28,00,23,53. ,15,00085
2220620,1,2010,01,29,00,25,38. ,13,00072
2220620,1,2010,01,29,00,29,56. ,12,00048
2220620,2,2010,01,30,01,43,55. ,23,00214
2220620,4,2010,03,13,21,46,40. ,37,00998
2220620,4,2010,03,14,17,08,20. ,38,00984
2220620,2,2010,04,26,06,23,00. ,18,00113
2220620,2,2010,06,01,13,49,50. ,15,00094
2220620,3,2010,06,13,12,33,10. ,34,00569
2220620,2,2010,07,04,04,33,38. ,15,00066
2220620,2,2010,07,05,06,56,40. ,23,00150
2220620,2,2010,07,27,08,31,40. ,18,00091
2220620,2,2010,09,29,17,00,30. ,16,00075
2220620,2,2010,10,08,15,53,40. ,16,00085
2220620,2,2010,11,25,05,05,10. ,18,00136
2220620,1,2011,01,01,08,01,50. ,14,00058
2220620,2,2011,02,10,22,03,40. ,21,00109
2220620,2,2011,02,21,20,34,20. ,20,00101
2220620,3,2011,03,09,11,45,50. ,34,00541
2220620,3,2011,03,10,03,16,50. ,25,00168
2220620,3,2011,03,10,06,24,30. ,26,00196
2220620,D,2011,03,11,14,47,50. ,60,20192
2220620,3,2011,03,11,14,51,50. ,34,00472
2220620,4,2011,03,11,14,54,50. ,36,00535
2220620,3,2011,03,11,14,56,50. ,25,00160
2220620,3,2011,03,11,14,58,50. ,33,00416
2220620,2,2011,03,11,15,01,00. ,20,00094
2220620,2,2011,03,11,15,05,20. ,24,00190
2220620,2,2011,03,11,15,07,20. ,21,00106
2220620,2,2011,03,11,15,08,20. ,23,00126
2220620,3,2011,03,11,15,09,30. ,33,00349
2220620,3,2011,03,11,15,13,20. ,33,00409
2220620,3,2011,03,11,15,14,20. ,26,00252
2220620,4,2011,03,11,15,16,20. ,35,00452
2220620,2,2011,03,11,15,19,46. ,22,00087
2220620,2,2011,03,11,15,21,00. ,17,00066
2220620,2,2011,03,11,15,22,00. ,21,00112
2220620,3,2011,03,11,15,23,29. ,32,00449
2220620,4,2011,03,11,15,27,30. ,38,00774
2220620,2,2011,03,11,15,29,56. ,20,00104
2220620,2,2011,03,11,15,32,11. ,21,00095
2220620,2,2011,03,11,15,33,56. ,23,00119
2220620,1,2011,03,11,15,35,35. ,14,00060
2220620,2,2011,03,11,15,37,05. ,20,00119
2220620,2,2011,03,11,15,38,00. ,18,00125
2220620,2,2011,03,11,15,41,09. ,19,00083
2220620,2,2011,03,11,15,43,06. ,18,00082
2220620,2,2011,03,11,15,44,39. ,21,00153
2220620,2,2011,03,11,15,45,49. ,17,00075
2220620,2,2011,03,11,15,48,49. ,16,00106
2220620,2,2011,03,11,15,49,40. ,20,00093
2220620,2,2011,03,11,15,53,14. ,22,00106
2220620,2,2011,03,11,15,55,33. ,16,00076
2220620,2,2011,03,11,15,56,36. ,15,00063
2220620,2,2011,03,11,15,58,28. ,16,00059
2220620,2,2011,03,11,15,59,50. ,20,00100
2220620,2,2011,03,11,16,01,50. ,22,00202
2220620,2,2011,03,11,16,03,45. ,19,00102
2220620,3,2011,03,11,16,04,41. ,28,00247
2220620,3,2011,03,11,16,05,40. ,26,00244
2220620,2,2011,03,11,16,11,40. ,19,00091
2220620,3,2011,03,11,16,15,34. ,32,00366
2220620,2,2011,03,11,16,17,33. ,23,00139
2220620,2,2011,03,11,16,18,30. ,21,00102
2220620,3,2011,03,11,16,26,50. ,28,00280
2220620,4,2011,03,11,16,29,50. ,42,01100
2220620,4,2011,03,11,16,28,52. ,42,01667
2220620,3,2011,03,11,16,30,50. ,31,00399
2220620,2,2011,03,11,16,32,48. ,16,00065
2220620,2,2011,03,11,16,35,35. ,20,00094
2220620,2,2011,03,11,16,37,12. ,16,00089
2220620,2,2011,03,11,16,39,17. ,21,00107
2220620,3,2011,03,11,16,41,24. ,26,00199
2220620,1,2011,03,11,16,49,04. ,14,00045
2220620,2,2011,03,11,16,50,44. ,16,00069
2220620,3,2011,03,11,16,55,01. ,33,00378
2220620,2,2011,03,11,16,57,05. ,20,00092
2220620,1,2011,03,11,17,04,49. ,14,00058
2220620,3,2011,03,11,17,05,40. ,27,00208
2220620,2,2011,03,11,17,10,43. ,18,00110
2220620,3,2011,03,11,17,12,42. ,26,00204
2220620,2,2011,03,11,17,17,02. ,15,00054
2220620,3,2011,03,11,17,20,10. ,26,00155
2220620,2,2011,03,11,17,27,45. ,19,00093
2220620,3,2011,03,11,17,28,40. ,26,00201
2220620,4,2011,03,11,17,31,20. ,41,01155
2220620,2,2011,03,11,17,34,11. ,17,00092
2220620,4,2011,03,11,17,41,10. ,43,01364
2220620,2,2011,03,11,17,47,29. ,18,00083
2220620,2,2011,03,11,17,48,25. ,18,00120
2220620,1,2011,03,11,17,54,33. ,13,00044
2220620,2,2011,03,11,18,06,52. ,18,00076
2220620,2,2011,03,11,18,12,17. ,15,00073
2220620,1,2011,03,11,18,16,46. ,14,00100
2220620,3,2011,03,11,18,27,55. ,26,00225
2220620,2,2011,03,11,18,34,51. ,23,00234
2220620,2,2011,03,11,18,43,14. ,21,00127
2220620,2,2011,03,11,18,53,09. ,15,00049
2220620,2,2011,03,11,18,55,47. ,16,00064
2220620,2,2011,03,11,18,59,09. ,15,00072
2220620,3,2011,03,11,19,11,19. ,25,00168
2220620,3,2011,03,11,19,13,06. ,26,00246
2220620,1,2011,03,11,19,15,51. ,13,00054
2220620,3,2011,03,11,19,21,42. ,26,00169
2220620,2,2011,03,11,19,36,13. ,18,00084
2220620,2,2011,03,11,19,58,27. ,23,00145
2220620,3,2011,03,11,20,01,09. ,32,00405
2220620,1,2011,03,11,20,06,48. ,13,00051
2220620,2,2011,03,11,20,17,40. ,17,00079
2220620,2,2011,03,11,20,29,23. ,17,00082
2220620,3,2011,03,11,20,31,21. ,31,00445
2220620,4,2011,03,11,20,37,08. ,36,00694
2220620,3,2011,03,11,20,39,57. ,25,00268
2220620,2,2011,03,11,20,47,48. ,15,00055
2220620,3,2011,03,11,20,57,39. ,28,00274
2220620,3,2011,03,11,21,13,29. ,34,00522
2220620,3,2011,03,11,21,16,06. ,29,00275
2220620,1,2011,03,11,21,21,50. ,12,00054
2220620,2,2011,03,11,21,33,55. ,20,00094
2220620,2,2011,03,11,21,55,19. ,21,00123
2220620,2,2011,03,11,21,56,33. ,17,00113
2220620,2,2011,03,11,22,16,24. ,17,00071
2220620,2,2011,03,11,22,17,48. ,16,00069
2220620,2,2011,03,11,22,34,03. ,15,00066
2220620,2,2011,03,11,22,48,23. ,21,00109
2220620,3,2011,03,11,22,56,32. ,31,00321
2220620,1,2011,03,11,22,59,44. ,14,00045
2220620,2,2011,03,11,23,11,13. ,20,00089
2220620,2,2011,03,11,23,29,15. ,19,00102
2220620,1,2011,03,11,23,31,29. ,13,00051
2220620,1,2011,03,11,23,44,58. ,13,00046
2220620,2,2011,03,12,00,02,19. ,15,00059
2220620,2,2011,03,12,00,06,59. ,20,00113
2220620,2,2011,03,12,00,08,41. ,18,00083
2220620,1,2011,03,12,00,16,00. ,12,00045
2220620,1,2011,03,12,00,26,43. ,14,00054
2220620,2,2011,03,12,01,57,13. ,18,00082
2220620,2,2011,03,12,02,15,34. ,17,00089
2220620,1,2011,03,12,02,30,35. ,14,00079
2220620,2,2011,03,12,02,57,14. ,16,00066
2220620,2,2011,03,12,03,12,10. ,19,00084
2220620,3,2011,03,12,03,44,49. ,27,00226
2220620,3,2011,03,12,04,03,34. ,29,00302
2220620,1,2011,03,12,04,23,57. ,13,00074
2220620,2,2011,03,12,04,45,52. ,19,00129
2220620,3,2011,03,12,05,11,51. ,25,00185
2220620,1,2011,03,12,05,27,11. ,14,00046
2220620,2,2011,03,12,05,35,23. ,19,00095
2220620,1,2011,03,12,05,36,59. ,13,00045
2220620,2,2011,03,12,06,01,28. ,18,00084
2220620,1,2011,03,12,06,34,51. ,14,00054
2220620,2,2011,03,12,08,55,19. ,21,00101
2220620,2,2011,03,12,09,00,17. ,16,00062
2220620,2,2011,03,12,09,25,35. ,20,00110
2220620,2,2011,03,12,09,41,07. ,16,00066
2220620,3,2011,03,12,10,04,23. ,32,00515
2220620,2,2011,03,12,10,14,27. ,19,00094
2220620,2,2011,03,12,10,17,43. ,17,00078
2220620,1,2011,03,12,10,31,23. ,13,00047
2220620,2,2011,03,12,10,34,16. ,15,00058
2220620,2,2011,03,12,10,46,55. ,15,00060
2220620,3,2011,03,12,10,47,51. ,26,00157
2220620,2,2011,03,12,11,00,30. ,18,00075
2220620,1,2011,03,12,11,20,42. ,14,00071
2220620,2,2011,03,12,11,34,52. ,15,00073
2220620,2,2011,03,12,11,48,37. ,18,00094
2220620,2,2011,03,12,11,53,10. ,16,00069
2220620,2,2011,03,12,12,02,41. ,18,00090
2220620,2,2011,03,12,13,06,39. ,22,00122
2220620,1,2011,03,12,16,55,06. ,14,00046
2220620,3,2011,03,12,19,53,50. ,33,00450
2220620,2,2011,03,12,21,54,37. ,22,00157
2220620,4,2011,03,12,22,16,00. ,35,00662
2220620,1,2011,03,12,22,24,52. ,14,00048
2220620,2,2011,03,12,22,27,47. ,15,00057
2220620,1,2011,03,12,23,22,44. ,14,00062
2220620,3,2011,03,12,23,43,30. ,27,00241
2220620,2,2011,03,13,03,09,40. ,15,00077
2220620,2,2011,03,13,06,49,04. ,17,00070
2220620,2,2011,03,13,06,58,55. ,24,00166
2220620,3,2011,03,13,07,13,17. ,26,00206
2220620,2,2011,03,13,07,32,08. ,20,00123
2220620,2,2011,03,13,08,21,12. ,24,00200
2220620,3,2011,03,13,08,25,00. ,32,00475
2220620,1,2011,03,13,09,43,59. ,14,00052
2220620,2,2011,03,13,13,02,52. ,20,00138
2220620,2,2011,03,13,14,55,30. ,20,00114
2220620,2,2011,03,13,15,00,30. ,18,00093
2220620,2,2011,03,13,18,25,50. ,16,00063
2220620,2,2011,03,13,18,53,01. ,19,00123
2220620,2,2011,03,13,19,43,30. ,17,00101
2220620,1,2011,03,13,20,28,01. ,13,00047
2220620,3,2011,03,13,20,38,12. ,28,00263
2220620,1,2011,03,13,22,44,19. ,14,00057
2220620,2,2011,03,14,00,28,10. ,17,00074
2220620,2,2011,03,14,02,41,10. ,17,00090
2220620,2,2011,03,14,03,45,45. ,17,00097
2220620,2,2011,03,14,05,00,36. ,16,00060
2220620,2,2011,03,14,10,03,10. ,22,00126
2220620,1,2011,03,14,13,46,11. ,13,00044
2220620,3,2011,03,14,15,13,00. ,30,00316
2220620,3,2011,03,14,15,18,50. ,30,00340
2220620,2,2011,03,14,15,44,34. ,17,00068
2220620,2,2011,03,14,15,47,46. ,16,00062
2220620,3,2011,03,14,15,53,00. ,27,00246
2220620,1,2011,03,14,16,45,26. ,11,00077
2220620,2,2011,03,14,18,08,30. ,18,00091
2220620,2,2011,03,15,00,22,07. ,17,00080
2220620,1,2011,03,15,03,00,30. ,14,00046
2220620,1,2011,03,15,03,42,01. ,14,00049
2220620,2,2011,03,15,04,28,54. ,20,00121
2220620,2,2011,03,15,04,29,54. ,22,00123
2220620,2,2011,03,15,18,50,40. ,15,00048
2220620,3,2011,03,15,22,28,20. ,32,00484
2220620,2,2011,03,15,22,38,20. ,17,00069
2220620,2,2011,03,16,01,41,39. ,19,00102
2220620,3,2011,03,16,04,01,56. ,27,00263
2220620,2,2011,03,16,04,53,52. ,19,00095
2220620,1,2011,03,16,05,04,20. ,12,00047
2220620,2,2011,03,16,12,53,10. ,17,00053
2220620,3,2011,03,16,13,14,50. ,28,00336
2220620,2,2011,03,16,15,29,57. ,17,00064
2220620,3,2011,03,16,23,46,30. ,27,00253
2220620,2,2011,03,17,04,01,01. ,15,00085
2220620,2,2011,03,17,08,39,00. ,18,00107
2220620,1,2011,03,17,11,31,07. ,11,00065
2220620,2,2011,03,17,11,51,09. ,15,00065
2220620,2,2011,03,17,13,15,00. ,17,00067
2220620,2,2011,03,17,15,25,13. ,17,00067
2220620,2,2011,03,17,17,26,19. ,17,00060
2220620,1,2011,03,17,17,45,19. ,14,00065
2220620,2,2011,03,17,21,36,20. ,17,00085
2220620,3,2011,03,17,21,55,30. ,29,00315
2220620,1,2011,03,18,00,45,43. ,13,00060
2220620,2,2011,03,18,06,18,42. ,21,00163
2220620,1,2011,03,18,06,25,01. ,13,00080
2220620,2,2011,03,18,11,48,26. ,21,00124
2220620,1,2011,03,18,14,58,22. ,14,00060
2220620,2,2011,03,18,16,31,15. ,17,00067
2220620,1,2011,03,18,21,17,40. ,14,00054
2220620,2,2011,03,18,21,21,29. ,20,00111
2220620,2,2011,03,19,03,33,20. ,19,00090
2220620,3,2011,03,19,04,53,31. ,25,00218
2220620,2,2011,03,19,05,33,11. ,19,00089
2220620,3,2011,03,19,08,33,40. ,26,00209
2220620,2,2011,03,19,08,49,30. ,20,00096
2220620,2,2011,03,19,11,56,22. ,23,00153
2220620,3,2011,03,19,18,57,30. ,26,00196
2220620,1,2011,03,20,05,48,56. ,13,00056
2220620,2,2011,03,20,10,10,28. ,15,00067
2220620,1,2011,03,20,10,25,21. ,14,00055
2220620,4,2011,03,20,10,31,20. ,37,00679
2220620,3,2011,03,20,14,55,46. ,28,00268
2220620,2,2011,03,20,20,32,30. ,18,00126
2220620,2,2011,03,20,21,04,20. ,19,00076
2220620,2,2011,03,20,21,44,02. ,18,00096
2220620,1,2011,03,21,03,44,09. ,13,00067
2220620,2,2011,03,21,04,54,50. ,18,00108
2220620,1,2011,03,21,05,18,43. ,14,00051
2220620,2,2011,03,21,08,43,48. ,17,00078
2220620,2,2011,03,22,01,47,36. ,15,00062
2220620,1,2011,03,22,11,54,27. ,13,00062
2220620,2,2011,03,22,16,20,00. ,21,00112
2220620,3,2011,03,22,18,19,20. ,30,00302
2220620,2,2011,03,23,00,50,00. ,23,00166
2220620,2,2011,03,23,03,50,38. ,15,00087
2220620,3,2011,03,23,07,14,34. ,25,00212
2220620,3,2011,03,23,07,35,30. ,25,00177
2220620,3,2011,03,23,07,37,10. ,25,00208
2220620,2,2011,03,23,09,07,20. ,22,00189
2220620,2,2011,03,23,19,44,20. ,19,00092
2220620,2,2011,03,24,12,58,53. ,16,00061
2220620,4,2011,03,24,17,21,20. ,42,01305
2220620,3,2011,03,25,04,45,17. ,29,00463
2220620,2,2011,03,25,13,11,48. ,18,00122
2220620,3,2011,03,25,20,36,40. ,31,00393
2220620,1,2011,03,26,12,29,55. ,13,00059
2220620,3,2011,03,26,19,18,50. ,25,00207
2220620,2,2011,03,26,19,24,11. ,20,00098
2220620,1,2011,03,27,20,09,00. ,12,00060
2220620,2,2011,03,27,22,42,11. ,19,00110
2220620,4,2011,03,28,07,24,10. ,37,00978
2220620,1,2011,03,28,12,20,20. ,11,00048
2220620,2,2011,03,28,20,34,40. ,16,00079
2220620,3,2011,03,29,19,55,00. ,27,00231
2220620,2,2011,03,30,22,00,30. ,15,00067
2220620,2,2011,03,30,22,19,50. ,18,00098
2220620,3,2011,03,31,16,15,50. ,33,00467
2220620,1,2011,03,31,22,43,27. ,10,00047
2220620,2,2011,04,01,07,17,10. ,23,00169
2220620,2,2011,04,01,20,58,30. ,21,00113
2220620,2,2011,04,02,05,00,10. ,15,00084
2220620,3,2011,04,02,13,08,30. ,29,00386
2220620,1,2011,04,02,23,38,50. ,13,00053
2220620,3,2011,04,03,16,39,00. ,31,00436
2220620,2,2011,04,03,16,53,34. ,16,00072
2220620,2,2011,04,03,23,53,50. ,15,00054
2220620,1,2011,04,04,12,29,06. ,13,00069
2220620,2,2011,04,04,17,39,03. ,15,00056
2220620,2,2011,04,06,07,02,20. ,22,00166
2220620,3,2011,04,06,22,55,10. ,33,00455
2220620,2,2011,04,07,01,26,00. ,18,00088
2220620,C,2011,04,07,23,32,50. ,58,14806
2220620,2,2011,04,07,23,47,48. ,17,00141
2220620,3,2011,04,07,23,49,50. ,28,00330
2220620,2,2011,04,07,23,53,38. ,24,00222
2220620,1,2011,04,07,23,59,44. ,13,00053
2220620,2,2011,04,08,00,01,28. ,15,00110
2220620,2,2011,04,08,00,07,12. ,21,00124
2220620,2,2011,04,08,00,25,38. ,19,00110
2220620,1,2011,04,08,00,31,54. ,14,00075
2220620,1,2011,04,08,04,14,42. ,13,00056
2220620,2,2011,04,08,06,43,17. ,22,00174
2220620,2,2011,04,08,09,29,18. ,17,00071
2220620,2,2011,04,08,11,58,08. ,19,00093
2220620,2,2011,04,09,11,59,50. ,15,00081
2220620,3,2011,04,09,18,42,30. ,32,00517
2220620,3,2011,04,11,00,07,30. ,27,00323
2220620,2,2011,04,11,01,22,00. ,15,00117
2220620,2,2011,04,11,13,52,10. ,21,00157
2220620,4,2011,04,11,17,16,40. ,39,00959
2220620,2,2011,04,11,17,18,40. ,23,00186
2220620,1,2011,04,11,17,46,21. ,14,00057
2220620,2,2011,04,11,18,00,20. ,18,00086
2220620,2,2011,04,11,18,06,00. ,22,00123
2220620,1,2011,04,11,18,19,39. ,14,00070
2220620,2,2011,04,11,18,48,59. ,16,00066
2220620,2,2011,04,11,20,43,10. ,24,00195
2220620,1,2011,04,12,00,22,29. ,14,00057
2220620,2,2011,04,12,06,04,00. ,16,00067
2220620,3,2011,04,12,14,08,00. ,29,00281
2220620,3,2011,04,13,08,54,30. ,26,00294
2220620,2,2011,04,13,10,08,40. ,19,00099
2220620,1,2011,04,14,07,36,40. ,14,00069
2220620,2,2011,04,14,12,09,40. ,19,00104
2220620,2,2011,04,14,18,57,22. ,15,00089
2220620,2,2011,04,15,23,35,00. ,15,00068
2220620,2,2011,04,16,11,20,40. ,17,00067
2220620,1,2011,04,16,12,23,04. ,13,00082
2220620,2,2011,04,16,13,20,20. ,19,00090
2220620,2,2011,04,17,13,24,20. ,20,00153
2220620,2,2011,04,18,00,48,00. ,16,00071
2220620,2,2011,04,19,23,11,20. ,16,00073
2220620,3,2011,04,21,01,33,40. ,30,00389
2220620,3,2011,04,21,17,18,40. ,30,00366
2220620,2,2011,04,21,22,38,10. ,15,00062
2220620,3,2011,04,22,01,11,30. ,32,00607
2220620,2,2011,04,22,12,13,18. ,16,00100
2220620,3,2011,04,23,00,25,50. ,34,00522
2220620,2,2011,04,23,19,13,20. ,21,00126
2220620,2,2011,04,24,13,48,18. ,22,00230
2220620,1,2011,04,24,23,34,25. ,14,00063
2220620,2,2011,04,26,00,59,51. ,15,00065
2220620,3,2011,04,26,06,16,40. ,31,00516
2220620,2,2011,04,26,13,02,20. ,17,00076
2220620,2,2011,04,26,13,15,04. ,18,00093
2220620,2,2011,04,26,21,27,17. ,20,00149
2220620,3,2011,04,28,06,45,10. ,29,00394
2220620,2,2011,04,28,10,45,10. ,19,00134
2220620,3,2011,04,28,18,28,00. ,32,00499
2220620,2,2011,04,30,07,20,00. ,20,00097
2220620,3,2011,04,30,14,07,10. ,29,00278
2220620,1,2011,05,01,11,49,10. ,14,00068
2220620,2,2011,05,02,11,10,00. ,19,00107
2220620,2,2011,05,02,21,37,10. ,17,00087
2220620,2,2011,05,03,05,31,50. ,15,00061
2220620,2,2011,05,05,23,59,20. ,20,00099
2220620,2,2011,05,06,02,05,00. ,15,00066
2220620,2,2011,05,06,14,15,30. ,21,00147
2220620,2,2011,05,06,16,56,30. ,18,00091
2220620,2,2011,05,08,05,53,20. ,19,00094
2220620,2,2011,05,08,19,43,10. ,21,00161
2220620,3,2011,05,14,08,36,20. ,27,00220
2220620,2,2011,05,15,08,51,10. ,24,00183
2220620,2,2011,05,15,21,15,00. ,19,00082
2220620,2,2011,05,16,04,08,00. ,17,00115
2220620,2,2011,05,17,00,54,00. ,18,00110
2220620,2,2011,05,17,06,14,20. ,20,00169
2220620,2,2011,05,19,17,33,10. ,24,00276
2220620,2,2011,05,20,16,29,10. ,22,00159
2220620,2,2011,05,29,18,41,04. ,20,00137
2220620,1,2011,05,31,21,29,20. ,14,00060
2220620,2,2011,06,02,09,30,09. ,18,00116
2220620,2,2011,06,02,11,16,00. ,18,00117
2220620,2,2011,06,03,09,06,11. ,19,00098
2220620,3,2011,06,04,01,00,54. ,28,00266
2220620,3,2011,06,04,12,37,35. ,28,00427
2220620,2,2011,06,07,05,10,50. ,22,00188
2220620,2,2011,06,09,07,11,55. ,16,00090
2220620,2,2011,06,11,07,36,22. ,22,00189
2220620,2,2011,06,12,05,09,34. ,15,00068
2220620,2,2011,06,14,23,56,48. ,21,00133
2220620,1,2011,06,18,10,40,43. ,11,00041
2220620,3,2011,06,18,20,31,25. ,28,00318
2220620,1,2011,06,20,03,59,15. ,10,00044
2220620,2,2011,06,21,13,40,17. ,16,00101
2220620,1,2011,06,22,23,30,06. ,10,00029
2220620,3,2011,06,23,06,51,31. ,27,00203
2220620,4,2011,06,23,19,35,14. ,35,00742
2220620,1,2011,06,24,23,39,12. ,05,00046
2220620,1,2011,06,25,16,06,48. ,08,00031
2220620,2,2011,06,26,21,29,29. ,19,00114
2220620,1,2011,06,28,15,51,19. ,14,00101
2220620,1,2011,06,28,17,11,32. ,08,00041
2220620,1,2011,06,28,22,23,24. ,06,00028
2220620,1,2011,06,30,02,09,52. ,09,00061
2220620,2,2011,06,30,19,23,04. ,22,00140
2220620,1,2011,06,30,21,43,21. ,07,00030
2220620,1,2011,07,01,09,38,13. ,07,00027
2220620,1,2011,07,03,16,49,31. ,05,00024
2220620,1,2011,07,04,05,41,46. ,09,00029
2220620,3,2011,07,08,03,36,17. ,29,00340
2220620,2,2011,07,08,22,09,11. ,17,00092
2220620,1,2011,07,09,22,42,12. ,10,00036
2220620,3,2011,07,10,09,57,42. ,30,00332
2220620,1,2011,07,11,10,36,34. ,10,00051
2220620,1,2011,07,11,13,30,09. ,12,00045
2220620,2,2011,07,12,18,00,28. ,22,00221
2220620,2,2011,07,13,00,37,47. ,23,00182
2220620,1,2011,07,14,03,50,26. ,12,00048
2220620,3,2011,07,14,10,35,19. ,25,00237
2220620,1,2011,07,14,14,49,09. ,14,00098
2220620,1,2011,07,18,17,21,35. ,12,00079
2220620,2,2011,07,19,10,39,23. ,23,00153
2220620,4,2011,07,23,13,34,43. ,36,00685
2220620,2,2011,07,24,08,56,40. ,22,00144
2220620,2,2011,07,25,00,07,39. ,18,00089
2220620,4,2011,07,25,03,51,40. ,39,00859
2220620,2,2011,07,25,20,05,13. ,23,00176
2220620,1,2011,07,25,20,11,15. ,12,00064
2220620,1,2011,07,26,05,40,18. ,12,00071
2220620,2,2011,07,26,22,36,25. ,19,00104
2220620,1,2011,07,29,01,02,08. ,10,00034
2220620,4,2011,07,31,03,54,17. ,40,00927
2220620,2,2011,08,01,04,34,22. ,15,00075
2220620,1,2011,08,01,15,55,29. ,12,00048
2220620,1,2011,08,01,22,45,42. ,12,00045
2220620,1,2011,08,03,05,08,38. ,12,00074
2220620,1,2011,08,09,10,57,51. ,09,00052
2220620,1,2011,08,10,02,45,16. ,12,00066
2220620,2,2011,08,11,22,31,40. ,22,00189
2220620,3,2011,08,12,03,22,29. ,34,00515
2220620,1,2011,08,13,13,44,37. ,10,00055
2220620,2,2011,08,17,12,05,32. ,24,00196
2220620,2,2011,08,17,12,14,56. ,21,00121
2220620,2,2011,08,17,20,45,22. ,15,00066
2220620,1,2011,08,18,09,37,04. ,09,00041
2220620,2,2011,08,18,14,34,58. ,15,00105
2220620,1,2011,08,19,01,46,16. ,08,00040
2220620,1,2011,08,19,13,51,37. ,13,00083
2220620,4,2011,08,19,14,36,50. ,41,01273
2220620,1,2011,08,20,20,03,11. ,11,00074
2220620,1,2011,08,21,04,37,49. ,13,00069
2220620,2,2011,08,21,07,59,06. ,18,00120
2220620,1,2011,09,02,13,48,59. ,14,00068
2220620,2,2011,09,05,21,14,58. ,16,00090
2220620,2,2011,09,07,02,55,44. ,17,00079
2220620,1,2011,09,07,14,42,36. ,14,00051
2220620,2,2011,09,08,22,38,49. ,17,00079
2220620,1,2011,09,09,07,07,18. ,10,00037
2220620,1,2011,09,13,01,14,38. ,10,00045
2220620,2,2011,09,13,23,15,07. ,16,00078
2220620,2,2011,09,14,23,57,02. ,17,00093
2220620,2,2011,09,15,17,01,11. ,17,00063
2220620,1,2011,09,16,07,39,55. ,10,00053
2220620,2,2011,09,17,04,27,56. ,15,00047
2220620,1,2011,09,18,00,13,47. ,11,00057
2220620,1,2011,09,18,16,05,27. ,14,00046
2220620,2,2011,09,19,03,32,40. ,21,00124
2220620,2,2011,09,21,05,59,26. ,21,00158
2220620,2,2011,09,21,22,31,48. ,17,00078
2220620,1,2011,09,23,04,59,52. ,13,00083
2220620,1,2011,09,23,22,13,08. ,11,00039
2220620,1,2011,09,28,15,43,29. ,09,00045
2220620,2,2011,09,29,04,18,39. ,22,00150
2220620,1,2011,09,29,19,05,48. ,13,00056
2220620,1,2011,09,30,03,18,04. ,12,00084
2220620,1,2011,10,01,00,05,23. ,08,00046
2220620,1,2011,10,01,17,52,31. ,10,00064
2220620,1,2011,10,07,07,01,26. ,09,00038
2220620,3,2011,10,10,11,46,14. ,32,00467
2220620,2,2011,10,12,01,40,15. ,21,00121
2220620,2,2011,10,18,06,30,03. ,16,00103
2220620,1,2011,10,20,06,22,20. ,14,00064
2220620,1,2011,10,22,17,57,58. ,10,00042
2220620,1,2011,10,24,01,32,33. ,14,00085
2220620,2,2011,10,26,02,09,32. ,24,00203
2220620,1,2011,10,27,07,50,34. ,13,00070
2220620,2,2011,10,29,15,25,09. ,15,00091
2220620,1,2011,11,02,10,43,55. ,13,00064
2220620,1,2011,11,05,13,49,44. ,07,00058
2220620,1,2011,11,08,07,13,39. ,06,00038
2220620,2,2011,11,10,01,05,31. ,17,00090
2220620,1,2011,11,17,17,35,01. ,12,00048
2220620,2,2011,11,20,02,37,21. ,18,00104
2220620,2,2011,11,20,10,24,33. ,16,00066
2220620,3,2011,11,24,04,24,52. ,29,00285
2220620,1,2011,11,27,10,08,11. ,08,00058
2220620,2,2011,11,29,03,53,56. ,23,00181
2220620,1,2011,11,30,21,55,43. ,13,00074
2220620,2,2011,12,02,09,50,51. ,22,00135
2220620,2,2011,12,03,13,17,07. ,21,00134
2220620,2,2011,12,03,15,42,56. ,16,00065
2220620,3,2011,12,05,04,20,26. ,27,00240
2220620,2,2011,12,06,10,26,32. ,15,00092
2220620,1,2011,12,09,07,17,47. ,10,00037
2220620,1,2011,12,09,12,57,43. ,07,00033
2220620,2,2011,12,10,15,08,31. ,19,00142
2220620,1,2011,12,11,16,07,10. ,10,00056
2220620,1,2011,12,16,14,27,57. ,12,00051
2220620,1,2011,12,22,05,11,10. ,12,00043
2220620,1,2011,12,27,02,56,29. ,11,00068
2220620,2,2011,12,27,16,34,00. ,15,00081
2220620,2,2011,12,30,18,35,15. ,20,00132
2220620,3,2012,01,01,14,30,59. ,27,00204
2220620,2,2012,01,07,19,43,44. ,15,00081
2220620,1,2012,01,07,21,31,19. ,13,00078
2220620,1,2012,01,08,13,41,46. ,14,00059
2220620,3,2012,01,12,12,21,30. ,30,00255
2220620,2,2012,01,12,14,38,03. ,22,00114
2220620,2,2012,01,18,17,56,05. ,16,00115
2220620,1,2012,01,23,07,52,46. ,14,00075
2220620,2,2012,01,23,20,46,19. ,21,00135
2220620,3,2012,01,26,05,43,07. ,30,00446
2220620,2,2012,02,10,06,52,28. ,18,00094
2220620,2,2012,02,12,04,56,19. ,20,00156
2220620,1,2012,02,14,15,23,08. ,14,00060
2220620,2,2012,02,16,14,10,05. ,19,00102
2220620,2,2012,02,24,04,28,34. ,17,00086
2220620,1,2012,02,28,23,14,25. ,14,00103
2220620,2,2012,02,29,18,00,39. ,19,00102
2220620,2,2012,03,06,18,50,49. ,15,00109
2220620,2,2012,03,08,12,23,50. ,19,00100
2220620,2,2012,03,10,02,26,23. ,18,00079
2220620,2,2012,03,14,18,10,23. ,21,00112
2220620,2,2012,03,15,23,22,11. ,24,00205
2220620,3,2012,03,17,22,47,58. ,27,00341
2220620,2,2012,03,18,09,37,07. ,19,00106
2220620,3,2012,03,25,22,23,05. ,32,00501
2220620,3,2012,03,27,20,01,24. ,33,00374
2220620,2,2012,03,30,05,38,41. ,17,00092
2220620,2,2012,03,30,13,38,59. ,24,00168
2220620,3,2012,04,01,23,05,01. ,30,00360
2220620,3,2012,04,12,23,51,22. ,28,00296
2220620,2,2012,04,13,19,10,43. ,23,00168
2220620,2,2012,04,26,05,45,50. ,20,00125
2220620,2,2012,04,30,00,03,13. ,16,00077
2220620,2,2012,05,06,05,12,46. ,24,00201
2220620,2,2012,05,06,15,07,34. ,17,00095
2220620,1,2012,05,12,15,03,52. ,13,00092
2220620,4,2012,05,16,01,01,03. ,35,00848
2220620,1,2012,05,24,13,52,18. ,12,00066
2220620,2,2012,06,02,19,29,32. ,16,00105
2220620,2,2012,06,15,16,32,16. ,17,00085
2220620,3,2012,06,18,05,32,41. ,31,00370
2220620,2,2012,06,20,07,29,15. ,16,00068
2220620,1,2012,06,22,21,45,10. ,10,00068
2220620,2,2012,06,24,10,29,44. ,19,00094
2220620,3,2012,06,28,14,52,26. ,26,00233
2220620,2,2012,06,30,16,12,11. ,23,00203
2220620,2,2012,07,03,13,22,41. ,16,00067
2220620,1,2012,07,06,06,06,15. ,11,00083
2220620,2,2012,07,21,12,01,46. ,19,00109
2220620,2,2012,07,30,07,05,46. ,21,00147
2220620,2,2012,08,21,01,43,32. ,18,00092
2220620,3,2012,08,26,03,37,41. ,30,00463
2220620,A,2012,08,30,04,05,27. ,45,02172
2220620,2,2012,10,01,07,39,39. ,21,00126
2220620,3,2012,10,03,18,40,23. ,28,00388
2220620,2,2012,10,22,10,43,57. ,16,00076
2220620,2,2012,10,22,18,27,33. ,19,00119
2220620,3,2012,10,25,19,32,43. ,31,00478
2220620,3,2012,10,26,19,37,00. ,25,00185
2220620,2,2012,11,10,07,35,41. ,20,00177
2220620,3,2012,11,11,14,16,23. ,25,00189
2220620,2,2012,11,22,02,43,01. ,17,00092
2220620,2,2012,11,23,08,27,26. ,16,00062
2220620,4,2012,11,24,05,21,52. ,38,00883
2220620,3,2012,11,24,10,30,22. ,25,00249
2220620,4,2012,12,07,17,19,05. ,41,01194
2220620,2,2012,12,07,17,32,15. ,24,00155
2220620,3,2012,12,15,13,27,34. ,31,00428
2220620,1,2012,12,17,10,31,59. ,12,00097
2220620,3,2012,12,21,17,07,34. ,27,00398
2220620,2,2012,12,29,16,20,10. ,19,00103
2220620,3,2012,12,29,23,59,55. ,25,00192
2220620,2,2013,01,07,22,54,25. ,16,00078
2220620,2,2013,01,10,21,48,48. ,23,00167
2220620,2,2013,02,02,23,19,36. ,23,00128
2220620,2,2013,02,09,13,43,50. ,17,00096
2220620,2,2013,02,13,11,22,00. ,24,00229
2220620,2,2013,02,16,10,33,21. ,22,00130
2220620,3,2013,02,22,00,34,35. ,32,00657
2220620,2,2013,02,26,01,19,49. ,16,00115
2220620,2,2013,02,26,21,46,43. ,23,00165
2220620,1,2013,03,13,06,33,03. ,14,00056
2220620,2,2013,03,31,16,46,49. ,21,00121
2220620,2,2013,04,02,03,54,26. ,18,00076
2220620,2,2013,04,06,05,01,39. ,16,00068
2220620,2,2013,04,14,22,25,29. ,21,00127
2220620,1,2013,04,17,10,01,08. ,12,00074
2220620,4,2013,04,17,21,03,46. ,41,01435
2220620,4,2013,05,18,14,48,15. ,35,00628
2220620,1,2013,07,13,03,31,52. ,12,00060
2220620,2,2013,07,19,08,44,46. ,20,00150
2220620,1,2013,07,19,18,05,38. ,14,00056
2220620,2,2013,07,20,01,39,48. ,21,00152
2220620,1,2013,07,20,12,07,16. ,05,00089
2220620,2,2013,07,22,18,45,44. ,17,00139
2220620,2,2013,07,23,12,02,54. ,15,00072
2220620,1,2013,07,31,09,14,43. ,14,00084
2220620,4,2013,08,04,12,29,05. ,42,01403
2220620,2,2013,08,10,07,56,45. ,17,00086
2220620,2,2013,08,25,18,18,51. ,19,00206
2220620,2,2013,09,04,09,22,02. ,21,00098
2220620,2,2013,09,20,02,25,49. ,22,00181
2220620,1,2013,10,15,06,03,13. ,12,00099
2220620,3,2013,10,20,00,14,44. ,28,00336
2220620,3,2013,10,26,02,11,15. ,32,00463
2220620,2,2013,10,26,23,36,36. ,17,00093
2220620,2,2013,10,30,12,22,40. ,17,00099
2220620,2,2013,11,01,00,01,45. ,18,00092
2220620,2,2013,11,12,05,54,56. ,22,00134
2220620,3,2013,11,21,12,38,27. ,26,00206
2220620,2,2013,11,26,00,43,25. ,19,00125
2220620,2,2013,12,18,19,14,43. ,20,00120
2220620,2,2013,12,29,10,22,38. ,19,00139
2220620,2,2014,02,06,02,32,47. ,19,00105
2220620,2,2014,02,06,21,10,52. ,24,00260
2220620,3,2014,02,08,02,19,00. ,25,00244
2220620,2,2014,02,08,11,35,00. ,19,00120
2220620,1,2014,02,12,06,34,45. ,12,00103
2220620,2,2014,02,25,20,59,59. ,15,00076
2220620,1,2014,03,20,18,18,51. ,11,00058
2220620,1,2014,03,30,20,12,43. ,11,00048
2220620,2,2014,04,01,13,09,05. ,15,00115
2220620,2,2014,04,03,08,23,20. ,24,00199
2220620,2,2014,04,05,10,17,01. ,21,00123
2220620,3,2014,04,13,18,16,35. ,25,00202
2220620,1,2014,04,19,17,09,37. ,07,00044
2220620,1,2014,04,29,10,21,49. ,12,00070
2220620,1,2014,04,29,14,00,34. ,13,00060
2220620,2,2014,05,05,05,20,01. ,17,00095
2220620,1,2014,06,04,01,30,38. ,13,00057
2220620,2,2014,06,08,14,25,00. ,21,00157
2220620,3,2014,06,09,06,11,05. ,28,00563
2220620,3,2014,06,15,02,32,19. ,26,00258
2220620,2,2014,06,16,03,20,06. ,16,00074
2220620,3,2014,06,16,05,15,19. ,34,00536
2220620,1,2014,06,18,21,41,25. ,09,00057
2220620,1,2014,06,19,18,50,35. ,07,00056
2220620,1,2014,06,20,17,49,21. ,07,00047
2220620,2,2014,06,27,06,56,05. ,18,00100
2220620,2,2014,07,05,07,42,52. ,16,00061
2220620,3,2014,07,12,04,22,36. ,27,00224
2220620,2,2014,07,24,17,57,08. ,17,00097
2220620,1,2014,08,26,12,36,58. ,11,00046
2220620,1,2014,08,27,04,49,59. ,08,00039
2220620,1,2014,09,04,15,59,57. ,13,00064
2220620,1,2014,09,10,10,10,46. ,08,00028
2220620,2,2014,09,24,21,46,13. ,15,00078
2220620,2,2014,09,24,22,31,23. ,19,00128
2220620,1,2014,10,02,14,32,58. ,09,00057
2220620,1,2014,10,03,09,58,38. ,12,00040
2220620,3,2014,10,15,12,51,38. ,25,00296
2220620,1,2014,10,21,08,54,17. ,09,00059
2220620,1,2014,11,01,16,21,10. ,10,00051
2220620,2,2014,11,08,08,54,56. ,22,00205
2220620,1,2014,11,17,20,25,15. ,08,00042
2220620,2,2014,11,20,10,52,13. ,24,00178
2220620,1,2014,12,12,13,08,16. ,09,00057
2220620,2,2014,12,18,03,45,36. ,22,00182
2220620,3,2014,12,20,18,30,27. ,25,00196
2220620,2,2014,12,20,18,50,15. ,19,00141
2220620,2,2014,12,25,08,06,41. ,21,00116
2220620,1,2014,12,25,09,06,53. ,10,00053
2220620,2,2014,12,27,06,05,04. ,20,00214
2220620,2,2015,01,01,14,01,40. ,20,00142
2220620,1,2015,01,09,18,13,11. ,12,00164
2220620,1,2015,01,10,21,22,12. ,11,00049
2220620,1,2015,01,26,10,32,15. ,10,00073
2220620,1,2015,02,15,09,15,20. ,10,00033
2220620,3,2015,02,17,08,07,25. ,27,00240
2220620,2,2015,02,17,13,47,34. ,17,00081
2220620,3,2015,02,26,10,11,51. ,28,00347
2220620,1,2015,03,09,11,59,17. ,12,00050
2220620,1,2015,03,12,20,03,15. ,13,00054
2220620,2,2015,03,19,10,34,17. ,18,00107
2220620,1,2015,03,27,02,28,48. ,13,00096
2220620,2,2015,04,03,04,05,09. ,23,00242
2220620,2,2015,05,03,13,03,19. ,18,00098
2220620,4,2015,05,13,06,13,17. ,37,00918
2220620,2,2015,05,15,12,31,12. ,24,00204
2220620,2,2015,05,30,20,27,48. ,16,00055
2220620,2,2015,06,13,05,56,35. ,17,00102
2220620,1,2015,06,19,09,35,43. ,13,00059
2220620,1,2015,06,21,13,16,41. ,10,00070
2220620,1,2015,06,22,11,18,28. ,14,00049
2220620,1,2015,07,02,15,06,09. ,12,00056
2220620,1,2015,07,04,13,24,22. ,12,00044
2220620,1,2015,07,05,19,42,25. ,11,00051
2220620,2,2015,07,10,03,33,53. ,15,00059
2220620,1,2015,07,16,14,39,38. ,14,00084
2220620,2,2015,07,21,18,17,15. ,20,00137
2220620,1,2015,08,01,09,23,31. ,12,00058
2220620,3,2015,08,01,23,25,07. ,28,00335
2220620,2,2015,08,03,14,30,32. ,24,00208
2220620,2,2015,08,05,20,56,37. ,23,00143
2220620,1,2015,08,10,11,35,12. ,14,00091
2220620,1,2015,08,14,05,14,12. ,14,00060
2220620,1,2015,08,20,21,58,03. ,11,00043
2220620,2,2015,08,23,11,09,10. ,18,00099
2220620,2,2015,08,25,03,25,07. ,16,00066
2220620,1,2015,09,28,13,10,36. ,06,00071
2220620,2,2015,10,06,18,32,37. ,20,00098
2220620,3,2015,10,21,15,05,17. ,28,00360
2220620,1,2015,11,13,14,12,42. ,13,00078
2220620,2,2015,11,19,18,33,29. ,16,00079
2220620,2,2015,12,02,07,48,38. ,18,00094
2220620,3,2015,12,02,13,41,44. ,34,01061
2220620,1,2015,12,13,06,06,21. ,12,00041
2220620,2,2015,12,19,03,41,32. ,16,00093
2220620,2,2015,12,22,01,59,51. ,19,00104
2220620,2,2016,01,26,20,38,05. ,21,00159
2220620,2,2016,02,02,14,32,45. ,21,00143
2220620,2,2016,02,02,18,54,00. ,16,00111
2220620,2,2016,02,09,01,54,53. ,15,00077
2220620,2,2016,02,19,22,14,35. ,16,00068
2220620,2,2016,02,25,01,11,13. ,17,00101
2220620,1,2016,02,25,11,44,13. ,10,00065
2220620,2,2016,03,01,09,14,15. ,15,00082
2220620,1,2016,03,13,17,44,31. ,13,00089
2220620,1,2016,03,16,09,25,23. ,05,00106
2220620,1,2016,03,18,04,00,07. ,12,00044
2220620,1,2016,03,23,16,56,43. ,08,00040
2220620,3,2016,04,20,21,20,03. ,25,00209
2220620,3,2016,04,27,00,01,37. ,28,00394
2220620,1,2016,04,27,00,14,49. ,06,00045
2220620,2,2016,05,05,01,10,43. ,17,00099
2220620,1,2016,05,13,02,44,09. ,13,00055
2220620,1,2016,05,15,10,11,24. ,10,00038
2220620,1,2016,06,22,12,41,36. ,10,00056
2220620,2,2016,06,27,07,57,55. ,18,00079
2220620,1,2016,06,29,14,01,57. ,13,00092
2220620,2,2016,07,27,23,48,12. ,17,00090
2220620,1,2016,08,15,03,49,47. ,09,00043
2220620,3,2016,08,15,16,05,13. ,29,00292
2220620,1,2016,08,19,21,08,33. ,14,00066
2220620,2,2016,08,22,15,11,35. ,19,00121
2220620,1,2016,09,12,17,01,52. ,09,00053
2220620,2,2016,09,17,22,40,16. ,21,00124
2220620,1,2016,09,20,08,47,32. ,13,00058
2220620,3,2016,10,16,16,37,18. ,25,00249
2220620,2,2016,10,16,16,58,43. ,16,00135
2220620,2,2016,11,02,07,38,05. ,19,00102
2220620,2,2016,11,10,07,21,11. ,24,00220
2220620,4,2016,11,12,06,43,14. ,40,01176
2220620,1,2016,11,21,11,47,31. ,12,00062
2220620,4,2016,11,22,06,00,15. ,36,00773
2220620,2,2016,11,22,06,10,56. ,21,00125
2220620,2,2016,11,22,06,40,18. ,16,00056
2220620,2,2016,11,22,10,38,38. ,16,00077
2220620,2,2016,11,22,23,04,38. ,17,00082
2220620,2,2016,11,24,06,24,14. ,23,00152
2220620,2,2016,12,05,05,43,59. ,18,00095
2220620,2,2016,12,20,01,41,48. ,16,00066
2220620,3,2016,12,28,21,39,41. ,27,00240
2220620,3,2016,12,31,05,08,59. ,29,00312
2220620,1,2017,01,03,01,11,41. ,12,00062
2220620,3,2017,01,05,00,44,41. ,26,00229
2220620,1,2017,01,05,02,54,00. ,14,00059
2220620,1,2017,01,06,02,39,45. ,14,00081
2220620,1,2017,01,28,22,41,23. ,13,00068
2220620,1,2017,01,29,05,25,52. ,12,00073
2220620,2,2017,02,11,06,06,03. ,20,00125
2220620,1,2017,02,19,15,02,22. ,13,00062
2220620,2,2017,02,27,00,04,10. ,24,00194
2220620,4,2017,02,28,16,49,21. ,39,01161
2220620,2,2017,03,12,04,58,05. ,24,00253
2220620,1,2017,03,23,17,53,16. ,08,00046
2220620,1,2017,03,31,05,58,07. ,10,00077
2220620,2,2017,04,09,07,20,41. ,16,00084
2220620,2,2017,04,10,03,11,03. ,19,00135
2220620,1,2017,04,10,06,05,53. ,11,00094
2220620,1,2017,04,20,02,16,08. ,13,00055
2220620,2,2017,07,07,21,48,49. ,23,00290
2220620,1,2017,07,11,17,03,22. ,11,00071
2220620,2,2017,07,12,10,54,53. ,17,00131
2220620,2,2017,07,15,12,02,49. ,18,00102
2220620,3,2017,07,20,09,11,47. ,28,00282
2220620,1,2017,07,25,18,06,36. ,10,00085
2220620,1,2017,07,26,00,51,03. ,13,00059
2220620,1,2017,07,29,07,25,32. ,12,00104
2220620,1,2017,07,31,22,07,18. ,12,00070
2220620,2,2017,08,02,02,02,57. ,22,00179
2220620,1,2017,09,10,12,50,26. ,11,00059
2220620,2,2017,09,20,05,18,43. ,16,00072
2220620,2,2017,09,21,01,38,34. ,17,00099
2220620,2,2017,09,27,05,23,17. ,21,00102
2220620,1,2017,10,01,10,25,56. ,10,00057
2220620,2,2017,10,06,17,00,42. ,17,00075
2220620,3,2017,10,06,23,57,05. ,33,00621
2220620,2,2017,10,09,23,47,39. ,16,00118
2220620,1,2017,11,03,21,38,58. ,09,00038
2220620,1,2017,11,04,14,29,20. ,11,00057
2220620,4,2017,11,11,01,38,37. ,35,00597
2220620,1,2017,11,13,07,25,32. ,12,00051
2220620,2,2017,11,17,10,03,22. ,15,00077
2220620,1,2017,12,07,05,47,44. ,13,00061
2220620,2,2017,12,16,02,59,29. ,19,00095
2220620,2,2017,12,18,06,10,25. ,15,00089
2220620,2,2017,12,19,06,54,47. ,23,00185
2220620,1,2018,01,24,19,52,50. ,14,00044
2220620,1,2018,01,24,22,56,07. ,13,00066
2220620,2,2018,01,27,03,11,21. ,18,00124
2220620,2,2018,02,17,06,39,11. ,18,00129
2220620,3,2018,02,26,01,28,59. ,27,00270
2220620,1,2018,03,15,05,41,19. ,11,00062
2220620,3,2018,03,23,06,32,40. ,25,00241
2220620,1,2018,03,30,08,18,31. ,12,00048
2220620,1,2018,04,12,08,02,47. ,11,00060
2220620,3,2018,04,12,22,38,03. ,28,00367
2220620,1,2018,05,07,05,01,31. ,13,00056
2220620,1,2018,05,10,19,57,37. ,11,00053
2220620,2,2018,05,13,01,50,00. ,19,00106
2220620,1,2018,05,26,23,01,59. ,14,00083
2220620,2,2018,07,12,17,39,51. ,18,00094
2220620,1,2018,07,26,02,46,33. ,09,00053
2220620,3,2018,07,31,17,42,51. ,31,00403
2220620,2,2018,08,08,18,07,55. ,20,00099
2220620,2,2018,08,11,06,11,53. ,24,00166
2220620,2,2018,08,20,03,10,24. ,15,00087
2220620,2,2018,09,05,05,12,12. ,15,00068
2220620,2,2018,09,11,04,27,52. ,22,00156
2220620,2,2018,09,19,01,22,09. ,24,00196
2220620,2,2018,09,25,12,31,32. ,17,00085
2220620,1,2018,10,09,04,52,34. ,14,00059
2220620,2,2018,10,16,08,34,42. ,16,00070
2220620,1,2018,10,21,05,14,01. ,13,00067
2220620,2,2018,10,22,19,47,34. ,23,00153
2220620,2,2018,10,23,20,06,44. ,15,00071
2220620,3,2018,10,26,03,36,25. ,32,00500
2220620,1,2018,10,27,09,08,48. ,11,00044
2220620,1,2018,10,28,18,01,42. ,11,00063
2220620,1,2018,11,05,03,03,08. ,13,00091
2220620,2,2018,11,23,23,30,50. ,24,00165
2220620,2,2018,12,04,04,15,59. ,17,00082
2220620,2,2018,12,08,10,54,41. ,20,00107
2220620,2,2018,12,14,17,05,11. ,22,00141
2220620,1,2018,12,16,01,28,52. ,13,00052
2220620,2,2018,12,31,23,10,56. ,17,00101
2220620,2,2019,01,06,17,34,39. ,24,00251
2220620,1,2019,01,26,17,24,07. ,14,00054
2220620,1,2019,01,27,14,22,05. ,11,00072
2220620,2,2019,02,05,15,58,17. ,18,00187
2220620,2,2019,02,20,01,25,22. ,18,00119
2220620,1,2019,02,24,09,33,53. ,14,00056
2220620,1,2019,03,02,12,25,23. ,11,00038
2220620,2,2019,03,07,04,26,23. ,23,00223
2220620,2,2019,03,30,03,00,55. ,15,00109
2220620,1,2019,04,07,10,02,46. ,13,00062
2220620,1,2019,04,08,03,00,24. ,12,00080
2220620,1,2019,04,25,21,00,23. ,11,00084
2220620,1,2019,05,04,09,19,40. ,12,00059
2220620,2,2019,05,18,10,18,19. ,22,00204
2220620,2,2019,06,11,10,21,38. ,20,00173
2220620,1,2019,06,12,19,35,31. ,10,00040
2220620,2,2019,06,17,08,01,00. ,18,00119
2220620,3,2019,06,18,22,22,45. ,34,00505
2220620,1,2019,07,17,00,26,19. ,09,00041
2220620,2,2019,07,17,18,00,49. ,24,00196
2220620,1,2019,07,20,12,57,01. ,09,00042
2220620,2,2019,07,28,03,33,49. ,16,00074
2220620,4,2019,08,04,19,23,18. ,38,00924
2220620,2,2019,08,24,03,05,46. ,21,00183
2220620,1,2019,08,24,13,53,30. ,14,00045
2220620,1,2019,10,03,10,44,24. ,11,00060
2220620,1,2019,10,21,02,59,05. ,10,00064
2220620,1,2019,11,03,00,34,10. ,11,00051
2220620,2,2019,11,03,14,03,17. ,17,00103
2220620,1,2019,11,09,16,20,59. ,07,00061
2220620,2,2019,11,16,18,17,24. ,22,00202
2220620,1,2019,11,29,13,02,36. ,12,00031
2220620,1,2019,12,07,12,34,24. ,12,00064
2220620,2,2019,12,11,18,39,23. ,24,00223
2220620,1,2019,12,26,18,27,01. ,13,00056
2220620,1,2019,12,27,14,10,46. ,12,00041
2220620,1,2020,01,03,03,25,07. ,13,00036
2220620,1,2020,02,06,20,21,00. ,12,00039
2220620,3,2020,02,12,19,37,39. ,33,00564
2220620,2,2020,02,13,19,37,34. ,19,00101
2220620,4,2020,04,20,05,39,24. ,35,00811
2220620,1,2020,05,11,08,59,30. ,13,00043
2220620,3,2020,05,18,12,00,51. ,33,00703
2220620,3,2020,05,19,12,17,29. ,29,00385
2220620,1,2020,06,01,06,03,13. ,12,00047
2220620,1,2020,06,13,02,42,32. ,10,00046
