station,intensity,year,month,day,hour,minute,second,intensity_equip,acceleration_max_comb
2501232,1,2016,11,21,07,00,18. ,06,00036
2501232,1,2016,11,21,11,47,37. ,06,00041
2501232,4,2016,11,22,06,00,04. ,44,03130
2501232,2,2016,11,22,06,03,00. ,23,00250
2501232,2,2016,11,22,06,04,00. ,18,00149
2501232,1,2016,11,22,06,06,00. ,10,00133
2501232,1,2016,11,22,06,08,00. ,09,00085
2501232,2,2016,11,22,06,10,00. ,21,00283
2501232,2,2016,11,22,06,12,00. ,15,00107
2501232,1,2016,11,22,06,14,00. ,11,00055
2501232,1,2016,11,22,06,16,00. ,07,00039
2501232,1,2016,11,22,06,18,00. ,13,00085
2501232,1,2016,11,22,06,20,47. ,09,00081
2501232,1,2016,11,22,06,22,40. ,06,00041
2501232,1,2016,11,22,06,26,30. ,11,00067
2501232,2,2016,11,22,06,28,38. ,20,00217
2501232,1,2016,11,22,06,29,30. ,05,00035
2501232,1,2016,11,22,06,32,50. ,08,00064
2501232,1,2016,11,22,06,36,30. ,10,00099
2501232,2,2016,11,22,06,39,58. ,19,00130
2501232,1,2016,11,22,06,40,50. ,09,00086
2501232,1,2016,11,22,06,42,52. ,13,00105
2501232,2,2016,11,22,06,51,15. ,19,00259
2501232,2,2016,11,22,06,57,05. ,17,00136
2501232,1,2016,11,22,06,58,00. ,12,00081
2501232,1,2016,11,22,07,04,40. ,05,00049
2501232,1,2016,11,22,07,47,44. ,08,00061
2501232,1,2016,11,22,07,48,40. ,12,00093
2501232,1,2016,11,22,08,23,42. ,08,00051
2501232,2,2016,11,22,08,40,10. ,19,00216
2501232,1,2016,11,22,09,08,29. ,07,00090
2501232,1,2016,11,22,09,09,20. ,07,00048
2501232,1,2016,11,22,09,28,33. ,09,00068
2501232,1,2016,11,22,10,10,20. ,11,00102
2501232,2,2016,11,22,10,31,53. ,16,00137
2501232,1,2016,11,22,10,33,50. ,07,00040
2501232,2,2016,11,22,10,38,17. ,20,00373
2501232,1,2016,11,22,11,25,05. ,06,00047
2501232,1,2016,11,22,12,06,20. ,11,00074
2501232,1,2016,11,22,12,32,29. ,13,00095
2501232,1,2016,11,22,12,56,08. ,11,00069
2501232,1,2016,11,22,13,01,47. ,11,00094
2501232,1,2016,11,22,13,04,32. ,07,00060
2501232,1,2016,11,22,14,18,02. ,11,00106
2501232,1,2016,11,22,16,32,43. ,14,00071
2501232,1,2016,11,22,17,14,50. ,07,00066
2501232,1,2016,11,22,17,26,13. ,07,00083
2501232,1,2016,11,22,17,49,57. ,13,00121
2501232,1,2016,11,22,18,49,44. ,10,00062
2501232,1,2016,11,22,22,35,06. ,10,00104
2501232,1,2016,11,22,22,36,00. ,05,00050
2501232,3,2016,11,22,23,04,13. ,26,00488
2501232,1,2016,11,23,02,41,39. ,09,00089
2501232,1,2016,11,23,05,10,17. ,08,00079
2501232,1,2016,11,23,06,06,18. ,07,00064
2501232,1,2016,11,23,06,59,19. ,06,00057
2501232,1,2016,11,23,16,17,20. ,08,00050
2501232,1,2016,11,23,18,37,04. ,07,00080
2501232,1,2016,11,23,20,02,50. ,06,00085
2501232,1,2016,11,23,23,47,22. ,07,00056
2501232,1,2016,11,24,03,13,24. ,09,00060
2501232,3,2016,11,24,06,23,52. ,29,00565
2501232,1,2016,11,24,06,42,54. ,11,00098
2501232,1,2016,11,24,23,43,57. ,09,00063
2501232,1,2016,11,25,09,09,41. ,07,00051
2501232,2,2016,11,25,09,20,10. ,20,00219
2501232,1,2016,11,25,16,36,14. ,13,00141
2501232,1,2016,11,25,17,29,24. ,06,00056
2501232,1,2016,11,26,19,08,20. ,09,00069
2501232,1,2016,11,27,17,07,20. ,06,00041
2501232,2,2016,11,27,19,18,11. ,17,00118
2501232,2,2016,11,27,21,50,34. ,18,00153
2501232,1,2016,11,27,23,48,05. ,10,00062
2501232,1,2016,11,28,07,17,18. ,12,00120
2501232,1,2016,11,28,17,46,36. ,10,00075
2501232,1,2016,11,28,19,24,42. ,08,00090
2501232,1,2016,11,30,08,19,58. ,09,00052
2501232,1,2016,11,30,12,33,13. ,07,00057
2501232,1,2016,12,01,11,12,53. ,13,00106
2501232,1,2016,12,04,08,35,07. ,09,00056
2501232,1,2016,12,04,14,33,34. ,11,00087
2501232,2,2016,12,04,14,36,28. ,16,00102
2501232,2,2016,12,04,20,42,41. ,17,00179
2501232,1,2016,12,05,05,44,00. ,07,00050
2501232,1,2016,12,08,17,16,05. ,12,00086
2501232,1,2016,12,08,19,16,15. ,05,00051
2501232,1,2016,12,18,17,53,39. ,09,00046
2501232,1,2016,12,19,05,13,13. ,06,00052
2501232,2,2016,12,20,01,41,28. ,22,00194
2501232,1,2016,12,23,11,28,01. ,11,00076
2501232,1,2016,12,24,02,25,39. ,12,00064
2501232,1,2016,12,27,19,45,56. ,11,00084
2501232,3,2016,12,28,21,39,07. ,30,00537
2501232,1,2016,12,28,21,53,33. ,12,00056
2501232,1,2016,12,29,13,41,38. ,05,00051
2501232,3,2016,12,31,05,08,41. ,33,01010
2501232,3,2017,01,05,00,44,15. ,28,00671
2501232,1,2017,01,05,02,35,30. ,07,00083
2501232,2,2017,01,05,02,53,36. ,22,00282
2501232,2,2017,01,08,13,16,08. ,16,00288
2501232,1,2017,01,11,09,06,22. ,10,00178
2501232,1,2017,01,23,00,25,34. ,12,00091
2501232,2,2017,02,11,06,05,46. ,22,00226
2501232,1,2017,02,11,06,39,25. ,11,00101
2501232,1,2017,02,18,10,51,40. ,06,00089
2501232,1,2017,02,19,15,02,21. ,07,00061
2501232,1,2017,02,19,18,20,20. ,07,00034
2501232,2,2017,02,26,23,55,01. ,16,00179
2501232,3,2017,02,27,00,03,48. ,27,00444
2501232,1,2017,02,27,03,09,43. ,10,00156
2501232,1,2017,02,27,14,20,19. ,13,00090
2501232,4,2017,02,28,16,49,15. ,37,01109
2501232,1,2017,03,01,15,43,10. ,14,00087
2501232,1,2017,03,05,19,04,59. ,10,00080
2501232,2,2017,03,12,04,58,02. ,21,00308
2501232,2,2017,03,22,09,21,28. ,15,00095
2501232,1,2017,03,28,17,35,19. ,11,00169
2501232,1,2017,04,09,07,20,28. ,14,00083
2501232,1,2017,04,10,03,11,15. ,13,00104
2501232,1,2017,04,12,03,11,33. ,07,00046
2501232,1,2017,04,20,02,14,12. ,07,00048
2501232,1,2017,04,20,02,16,10. ,08,00043
2501232,1,2017,04,20,04,46,38. ,10,00078
2501232,1,2017,05,25,03,04,25. ,07,00096
2501232,1,2017,06,08,01,12,20. ,07,00054
2501232,1,2017,06,19,05,51,40. ,07,00050
2501232,3,2017,07,07,21,48,47. ,32,00959
2501232,1,2017,07,08,08,09,16. ,08,00101
2501232,1,2017,07,08,20,49,19. ,05,00036
2501232,1,2017,07,09,03,36,50. ,06,00060
2501232,1,2017,07,11,17,03,30. ,05,00036
2501232,1,2017,07,12,10,55,04. ,13,00101
2501232,1,2017,07,15,12,02,44. ,13,00090
2501232,3,2017,07,20,09,11,40. ,25,00294
2501232,1,2017,07,26,00,50,57. ,08,00051
2501232,1,2017,07,31,22,07,30. ,07,00061
2501232,3,2017,08,02,02,02,23. ,27,00586
2501232,1,2017,08,10,09,37,27. ,07,00033
2501232,1,2017,08,14,18,12,30. ,08,00054
2501232,1,2017,08,22,15,12,23. ,08,00090
2501232,2,2017,08,26,04,20,41. ,20,00290
2501232,2,2017,08,27,11,26,21. ,17,00164
2501232,1,2017,09,10,12,50,36. ,10,00064
2501232,1,2017,09,11,18,41,16. ,13,00114
2501232,1,2017,09,14,11,16,05. ,11,00077
2501232,1,2017,09,17,18,25,24. ,06,00064
2501232,1,2017,09,20,05,18,24. ,14,00120
2501232,2,2017,09,21,01,38,32. ,15,00101
2501232,1,2017,09,27,05,23,30. ,12,00038
2501232,2,2017,09,28,16,11,44. ,16,00125
2501232,2,2017,10,01,10,25,22. ,17,00166
2501232,1,2017,10,03,04,01,38. ,05,00040
2501232,1,2017,10,06,17,00,25. ,14,00118
2501232,4,2017,10,06,23,56,55. ,38,01667
2501232,2,2017,10,07,00,00,50. ,18,00306
2501232,1,2017,10,09,23,47,51. ,06,00063
2501232,1,2017,10,12,15,13,22. ,10,00066
2501232,1,2017,10,19,21,50,44. ,14,00152
2501232,1,2017,10,22,01,26,21. ,07,00065
2501232,1,2017,11,02,09,26,40. ,10,00057
2501232,1,2017,11,02,22,31,36. ,11,00094
2501232,1,2017,11,03,21,38,23. ,14,00160
2501232,1,2017,11,05,13,21,17. ,10,00086
2501232,2,2017,11,11,01,38,41. ,15,00113
2501232,1,2017,11,13,07,25,30. ,08,00038
2501232,2,2017,11,17,10,03,02. ,16,00148
2501232,1,2017,11,27,19,39,02. ,08,00070
2501232,1,2017,12,02,00,13,18. ,05,00038
2501232,1,2017,12,05,16,25,58. ,08,00157
2501232,1,2017,12,06,00,22,37. ,07,00077
2501232,1,2017,12,16,02,59,46. ,12,00037
2501232,2,2017,12,19,06,54,56. ,21,00162
2501232,1,2018,01,07,18,20,30. ,07,00032
2501232,1,2018,01,16,15,40,25. ,09,00078
2501232,1,2018,01,24,02,32,44. ,10,00105
2501232,2,2018,01,24,22,55,51. ,17,00154
2501232,2,2018,01,25,18,26,27. ,18,00263
2501232,1,2018,01,27,03,11,31. ,09,00104
2501232,1,2018,02,17,06,39,24. ,07,00055
2501232,1,2018,02,19,18,49,29. ,09,00047
2501232,1,2018,02,24,11,44,15. ,06,00054
2501232,3,2018,02,26,01,28,57. ,30,00574
2501232,2,2018,02,26,02,37,53. ,15,00102
2501232,1,2018,02,28,07,57,58. ,10,00059
2501232,1,2018,03,15,05,41,31. ,08,00051
2501232,1,2018,03,23,06,33,04. ,13,00069
2501232,1,2018,03,24,12,34,55. ,06,00046
2501232,1,2018,03,25,12,29,34. ,09,00073
2501232,1,2018,03,25,23,39,31. ,06,00040
2501232,2,2018,03,30,08,17,55. ,23,00223
2501232,1,2018,04,04,16,37,31. ,11,00141
2501232,1,2018,04,12,08,02,31. ,09,00071
2501232,2,2018,04,12,22,38,06. ,16,00129
2501232,1,2018,05,05,15,43,48. ,13,00131
2501232,1,2018,05,10,19,57,32. ,11,00093
2501232,1,2018,05,13,01,50,07. ,13,00070
2501232,1,2018,05,26,23,01,54. ,14,00097
2501232,1,2018,05,29,00,47,40. ,06,00044
2501232,1,2018,06,20,10,42,24. ,13,00110
2501232,1,2018,07,07,20,24,59. ,06,00034
2501232,2,2018,07,12,17,39,46. ,18,00106
2501232,1,2018,07,17,04,34,45. ,07,00047
2501232,2,2018,07,19,20,52,20. ,18,00176
2501232,1,2018,07,22,19,09,47. ,07,00055
2501232,2,2018,07,26,02,46,18. ,15,00135
2501232,3,2018,07,31,17,42,34. ,27,00481
2501232,1,2018,08,08,00,14,11. ,08,00043
2501232,2,2018,08,08,18,07,33. ,24,00471
2501232,2,2018,08,11,06,11,29. ,24,00344
2501232,1,2018,08,13,05,21,30. ,10,00114
2501232,1,2018,08,25,02,18,15. ,06,00050
2501232,1,2018,08,29,07,36,33. ,07,00077
2501232,3,2018,09,05,05,11,43. ,30,00739
2501232,2,2018,09,11,04,27,41. ,20,00221
2501232,2,2018,09,14,10,54,23. ,16,00164
2501232,2,2018,09,14,14,35,44. ,15,00095
2501232,1,2018,09,14,17,27,20. ,06,00043
2501232,1,2018,09,19,01,22,17. ,13,00105
2501232,1,2018,09,19,09,02,07. ,11,00105
2501232,1,2018,09,24,00,06,10. ,05,00039
2501232,1,2018,09,25,12,31,48. ,09,00038
2501232,1,2018,09,28,04,32,48. ,13,00199
2501232,1,2018,10,02,12,28,16. ,11,00076
2501232,1,2018,10,04,02,13,29. ,05,00050
2501232,1,2018,10,09,04,52,17. ,11,00057
2501232,1,2018,10,09,17,16,49. ,05,00047
2501232,1,2018,10,14,13,51,05. ,05,00059
2501232,1,2018,10,21,05,13,58. ,10,00085
2501232,3,2018,10,22,19,47,32. ,28,00574
2501232,1,2018,10,23,20,06,47. ,11,00081
2501232,3,2018,10,26,03,36,30. ,27,00377
2501232,2,2018,10,27,09,08,25. ,16,00107
2501232,1,2018,10,28,23,47,00. ,09,00069
2501232,1,2018,10,30,11,30,23. ,09,00057
2501232,1,2018,11,05,03,03,23. ,07,00048
2501232,3,2018,11,23,23,30,29. ,27,00546
2501232,1,2018,11,27,07,27,06. ,08,00089
2501232,1,2018,11,27,08,34,30. ,13,00070
2501232,1,2018,11,28,20,15,29. ,06,00041
2501232,2,2018,12,08,10,54,19. ,23,00567
2501232,1,2018,12,12,17,50,31. ,12,00078
2501232,1,2018,12,14,17,05,10. ,08,00039
2501232,1,2018,12,16,01,29,09. ,09,00032
2501232,1,2018,12,21,13,13,47. ,10,00099
2501232,1,2018,12,31,23,10,40. ,14,00104
2501232,2,2019,01,06,17,34,51. ,15,00088
2501232,2,2019,01,13,21,15,01. ,20,00146
2501232,1,2019,01,14,13,24,20. ,13,00066
2501232,1,2019,01,18,21,47,17. ,10,00036
2501232,1,2019,02,03,10,01,39. ,09,00101
2501232,1,2019,02,05,15,58,29. ,05,00040
2501232,1,2019,02,23,15,49,22. ,11,00108
2501232,1,2019,02,24,09,33,42. ,14,00079
2501232,1,2019,03,02,06,04,00. ,07,00042
2501232,1,2019,03,02,12,25,30. ,06,00023
2501232,1,2019,03,07,04,26,32. ,13,00080
2501232,1,2019,03,11,02,11,42. ,12,00045
2501232,1,2019,03,25,19,10,29. ,06,00056
2501232,1,2019,03,29,12,24,40. ,11,00138
2501232,1,2019,03,29,17,48,08. ,08,00037
2501232,1,2019,03,30,03,01,05. ,13,00095
2501232,1,2019,04,07,10,02,50. ,06,00053
2501232,1,2019,04,10,04,19,41. ,08,00182
2501232,1,2019,04,25,21,00,36. ,11,00143
2501232,1,2019,05,04,11,42,06. ,10,00062
2501232,1,2019,05,13,18,59,59. ,06,00044
2501232,1,2019,05,18,10,18,47. ,12,00067
2501232,1,2019,05,27,04,04,36. ,09,00059
2501232,1,2019,06,11,10,21,52. ,07,00065
2501232,1,2019,06,12,19,35,39. ,08,00043
2501232,2,2019,06,17,08,00,30. ,24,00287
2501232,3,2019,06,18,22,22,44. ,31,00472
2501232,1,2019,07,01,10,04,55. ,05,00031
2501232,2,2019,07,17,00,25,59. ,17,00275
2501232,1,2019,07,17,18,01,05. ,13,00079
2501232,2,2019,07,28,03,33,29. ,19,00127
2501232,1,2019,07,30,05,39,44. ,09,00055
2501232,4,2019,08,04,19,23,19. ,38,01097
2501232,1,2019,08,15,17,53,05. ,09,00098
2501232,1,2019,08,24,03,05,59. ,08,00049
2501232,1,2019,08,24,13,53,10. ,14,00062
2501232,1,2019,09,06,00,02,43. ,12,00153
2501232,1,2019,09,12,01,45,07. ,13,00116
2501232,1,2019,09,30,01,03,06. ,10,00069
2501232,1,2019,10,05,09,13,07. ,06,00059
2501232,1,2019,10,12,18,23,13. ,07,00039
2501232,2,2019,11,03,14,03,00. ,19,00326
2501232,1,2019,11,06,22,16,50. ,07,00060
2501232,1,2019,11,08,18,18,43. ,11,00105
2501232,1,2019,11,12,21,56,14. ,06,00040
2501232,1,2019,11,16,18,17,35. ,09,00052
2501232,1,2019,12,03,10,18,51. ,06,00045
2501232,2,2019,12,04,10,39,09. ,17,00154
2501232,1,2019,12,05,22,35,35. ,14,00124
2501232,2,2019,12,07,12,34,09. ,21,00390
2501232,2,2019,12,11,18,39,25. ,22,00200
2501232,1,2019,12,19,09,24,24. ,06,00031
2501232,1,2019,12,26,18,27,16. ,09,00040
2501232,2,2020,01,03,03,24,41. ,16,00061
2501232,1,2020,01,08,11,58,25. ,05,00036
2501232,1,2020,01,14,04,54,28. ,12,00085
2501232,2,2020,01,14,13,26,26. ,15,00086
2501232,1,2020,01,21,19,18,30. ,09,00103
2501232,1,2020,02,01,02,08,29. ,12,00073
2501232,1,2020,02,06,20,20,44. ,13,00053
2501232,3,2020,02,12,19,37,35. ,33,00806
2501232,1,2020,02,13,19,37,49. ,11,00038
2501232,1,2020,03,03,12,00,02. ,08,00071
2501232,2,2020,03,21,18,03,25. ,17,00167
2501232,1,2020,03,31,20,24,36. ,13,00077
2501232,1,2020,04,12,00,45,23. ,13,00072
2501232,2,2020,04,16,11,18,18. ,15,00130
2501232,2,2020,04,20,05,39,36. ,22,00182
2501232,1,2020,04,23,10,22,41. ,10,00143
2501232,1,2020,04,23,12,27,10. ,11,00102
2501232,1,2020,04,28,19,31,22. ,07,00072
2501232,1,2020,05,04,22,35,08. ,12,00078
2501232,1,2020,05,06,10,16,30. ,08,00032
2501232,2,2020,05,11,08,58,58. ,21,00165
2501232,3,2020,05,18,12,00,56. ,27,00303
2501232,4,2020,05,19,12,17,26. ,36,01311
2501232,2,2020,06,01,06,02,37. ,22,00261
2501232,1,2020,06,04,05,31,46. ,11,00083
2501232,1,2020,06,13,02,42,44. ,08,00046
2501232,1,2020,06,16,01,55,25. ,11,00120
2501232,1,2020,06,25,04,48,40. ,10,00040
2501232,2,2020,07,03,14,13,10. ,19,00214
2501232,1,2020,07,09,06,06,19. ,05,00028
2501232,2,2020,07,17,13,49,50. ,16,00160
2501232,1,2020,07,19,21,02,09. ,05,00032
2501232,2,2020,08,06,02,54,52. ,19,00082
2501232,1,2020,08,07,00,37,06. ,08,00037
2501232,1,2020,09,05,10,35,12. ,07,00043
2501232,2,2020,09,07,06,34,12. ,18,00130
2501232,2,2020,09,12,11,44,30. ,24,00218
2501232,1,2020,09,12,11,51,29. ,11,00055
2501232,1,2020,09,12,12,49,53. ,05,00038
2501232,1,2020,09,17,14,01,11. ,05,00051
2501232,1,2020,09,20,09,05,16. ,07,00056
2501232,2,2020,10,05,11,32,57. ,17,00201
2501232,1,2020,10,13,11,12,00. ,06,00067
2501232,1,2020,11,09,09,40,26. ,07,00073
2501232,1,2020,11,18,15,18,18. ,07,00042
2501232,3,2020,11,22,19,06,14. ,29,00443
2501232,1,2020,12,18,08,03,43. ,11,00126
2501232,1,2020,12,21,02,25,00. ,12,00029
2501232,1,2020,12,29,01,15,48. ,09,00092
2501232,2,2020,12,30,09,35,52. ,18,00173
2501232,1,2021,01,15,22,40,32. ,09,00053
2501232,2,2021,01,23,01,04,14. ,16,00150
2501232,1,2021,01,23,22,12,28. ,10,00082
2501232,1,2021,01,26,08,25,57. ,10,00046
2501232,1,2021,01,27,18,26,19. ,12,00186
2501232,1,2021,01,29,03,24,27. ,11,00099
2501232,C,2021,02,13,23,08,07. ,56,05861
2501232,2,2021,02,13,23,36,59. ,23,00226
2501232,2,2021,02,13,23,52,20. ,24,00227
2501232,1,2021,02,13,23,55,20. ,08,00056
2501232,1,2021,02,13,23,59,02. ,12,00092
2501232,1,2021,02,14,00,04,44. ,08,00062
2501232,1,2021,02,14,00,05,40. ,09,00072
2501232,1,2021,02,14,00,15,29. ,08,00049
2501232,1,2021,02,14,00,37,11. ,08,00047
2501232,1,2021,02,14,01,15,07. ,09,00042
2501232,2,2021,02,14,01,33,16. ,15,00131
2501232,1,2021,02,14,01,53,34. ,09,00053
2501232,1,2021,02,14,03,26,23. ,07,00046
2501232,1,2021,02,14,06,08,55. ,08,00053
2501232,1,2021,02,14,14,11,48. ,14,00067
2501232,1,2021,02,14,14,54,18. ,11,00070
2501232,3,2021,02,14,16,32,04. ,29,00669
2501232,1,2021,02,14,16,59,50. ,12,00093
2501232,1,2021,02,14,17,48,05. ,11,00103
2501232,2,2021,02,14,18,27,17. ,19,00251
2501232,1,2021,02,14,19,41,27. ,05,00048
2501232,1,2021,02,14,19,46,13. ,05,00044
2501232,1,2021,02,14,20,41,48. ,09,00062
2501232,1,2021,02,15,06,25,41. ,09,00113
2501232,1,2021,02,15,20,27,38. ,10,00058
2501232,1,2021,02,15,21,00,18. ,12,00105
2501232,2,2021,02,15,21,26,19. ,18,00157
2501232,1,2021,02,17,07,07,58. ,09,00058
2501232,2,2021,02,17,23,06,36. ,23,00254
2501232,1,2021,02,18,11,52,40. ,07,00061
2501232,2,2021,02,18,15,03,00. ,15,00114
2501232,1,2021,02,18,19,37,47. ,06,00061
2501232,1,2021,02,18,21,43,18. ,09,00069
2501232,2,2021,02,19,10,07,26. ,21,00205
2501232,1,2021,02,20,04,01,25. ,13,00128
2501232,1,2021,02,20,08,54,15. ,07,00050
2501232,1,2021,02,23,06,23,00. ,08,00052
2501232,1,2021,02,26,07,13,35. ,07,00057
2501232,2,2021,02,26,13,04,40. ,19,00137
2501232,1,2021,02,26,14,03,27. ,09,00059
2501232,1,2021,02,26,19,18,48. ,13,00076
2501232,2,2021,02,27,00,33,42. ,23,00296
2501232,2,2021,02,27,02,04,07. ,24,00316
2501232,1,2021,03,02,18,49,26. ,08,00070
2501232,1,2021,03,07,21,44,53. ,11,00069
2501232,1,2021,03,08,23,36,22. ,14,00103
2501232,2,2021,03,09,08,30,23. ,23,00211
2501232,1,2021,03,12,06,54,05. ,11,00086
2501232,1,2021,03,16,04,56,56. ,09,00054
2501232,3,2021,03,17,17,29,05. ,26,00318
2501232,1,2021,03,17,20,11,30. ,07,00050
2501232,4,2021,03,20,18,10,05. ,43,01857
2501232,1,2021,03,20,18,19,06. ,05,00068
2501232,1,2021,03,21,01,41,49. ,06,00031
2501232,1,2021,03,21,06,57,05. ,09,00072
2501232,1,2021,03,23,00,06,26. ,09,00084
2501232,1,2021,03,24,19,25,45. ,05,00040
2501232,1,2021,04,03,01,36,59. ,07,00047
2501232,1,2021,04,03,21,59,14. ,05,00028
2501232,1,2021,04,10,02,00,02. ,08,00048
2501232,1,2021,04,14,19,03,29. ,05,00066
2501232,3,2021,04,18,09,29,32. ,26,00350
2501232,2,2021,04,19,13,06,39. ,19,00166
2501232,1,2021,04,20,03,10,43. ,12,00072
2501232,2,2021,04,23,14,12,35. ,15,00205
2501232,4,2021,05,01,10,27,45. ,42,01946
2501232,2,2021,05,05,03,11,04. ,21,00312
2501232,1,2021,05,13,10,26,50. ,07,00043
2501232,3,2021,05,14,08,58,31. ,29,00474
2501232,2,2021,05,16,15,41,27. ,16,00163
2501232,1,2021,05,25,01,19,46. ,11,00096
2501232,1,2021,05,29,08,21,50. ,10,00032
2501232,1,2021,05,29,10,03,20. ,12,00045
2501232,2,2021,06,08,10,19,34. ,15,00127
2501232,1,2021,06,27,00,21,33. ,06,00081
2501232,2,2021,07,04,15,35,44. ,16,00222
2501232,2,2021,07,18,01,21,57. ,18,00164
2501232,2,2021,07,27,05,19,37. ,23,00269
2501232,1,2021,08,01,22,51,11. ,12,00133
2501232,1,2021,08,03,21,38,29. ,07,00054
2501232,1,2021,08,03,22,20,56. ,07,00038
2501232,2,2021,08,04,05,34,19. ,18,00078
2501232,1,2021,08,04,05,44,00. ,08,00028
2501232,1,2021,08,04,13,41,19. ,10,00028
2501232,4,2021,08,22,11,24,52. ,35,00765
2501232,1,2021,08,27,05,46,45. ,06,00046
2501232,2,2021,08,27,05,49,33. ,20,00146
2501232,1,2021,09,01,17,17,09. ,05,00050
2501232,2,2021,09,02,04,17,23. ,18,00182
2501232,1,2021,09,14,07,48,40. ,12,00046
2501232,1,2021,09,17,12,16,26. ,11,00091
2501232,1,2021,09,18,05,21,30. ,07,00037
2501232,1,2021,09,19,08,08,24. ,08,00043
2501232,2,2021,09,27,20,26,50. ,19,00209
2501232,1,2021,09,30,17,46,08. ,12,00068
2501232,1,2021,10,06,02,47,07. ,11,00045
2501232,2,2021,10,07,22,42,09. ,15,00088
2501232,1,2021,10,14,04,31,01. ,06,00066
2501232,1,2021,10,18,11,01,50. ,07,00040
2501232,1,2021,10,21,17,39,20. ,13,00049
2501232,2,2021,10,27,01,28,32. ,16,00081
2501232,1,2021,10,28,23,48,22. ,09,00061
2501232,2,2021,11,01,06,15,09. ,21,00203
2501232,2,2021,11,03,11,36,11. ,24,00424
2501232,1,2021,11,06,23,40,41. ,07,00045
2501232,2,2021,11,09,01,15,08. ,15,00147
2501232,1,2021,11,17,15,25,01. ,09,00123
2501232,1,2021,11,23,18,49,32. ,05,00030
2501232,1,2021,11,29,21,43,34. ,08,00037
2501232,2,2021,12,02,01,59,14. ,16,00081
2501232,2,2021,12,02,17,25,06. ,17,00117
2501232,2,2021,12,06,17,09,49. ,16,00132
2501232,2,2021,12,08,02,29,39. ,21,00400
2501232,2,2021,12,08,16,22,33. ,23,00260
2501232,1,2021,12,12,12,31,36. ,08,00052
2501232,1,2021,12,17,14,40,17. ,08,00058
