station,intensity,year,month,day,hour,minute,second,intensity_equip,acceleration_max_comb
2503930,1,2001,12,23,01,41,31. ,12,00062
2503930,1,2002,01,29,08,45,46. ,11,00032
2503930,1,2002,01,29,18,50,56. ,06,00055
2503930,2,2002,02,11,10,10,35. ,17,00064
2503930,3,2002,02,12,22,44,51. ,29,00567
2503930,2,2002,02,25,22,14,21. ,16,00122
2503930,2,2002,03,09,12,57,40. ,16,00080
2503930,2,2002,06,14,11,43,09. ,23,00142
2503930,2,2002,06,16,04,40,22. ,16,00062
2503930,1,2002,06,29,02,23,42. ,11,00024
2503930,2,2002,07,09,22,53,55. ,16,00047
2503930,2,2002,07,13,21,46,23. ,20,00094
2503930,3,2002,07,24,05,05,56. ,33,00333
2503930,1,2002,07,27,17,59,20. ,09,00060
2503930,1,2002,08,03,08,15,05. ,14,00036
2503930,1,2002,10,11,10,04,55. ,13,00032
2503930,2,2002,10,12,20,00,26. ,18,00055
2503930,2,2002,10,21,01,06,17. ,18,00083
2503930,2,2002,10,26,19,43,39. ,18,00072
2503930,3,2002,11,03,12,38,26. ,27,00167
2503930,1,2002,12,01,18,59,37. ,10,00022
2503930,1,2002,12,05,02,17,19. ,09,00047
2503930,1,2002,12,31,19,11,37. ,11,00036
2503930,2,2003,01,09,13,14,36. ,19,00094
2503930,1,2003,01,21,13,19,39. ,14,00062
2503930,1,2003,02,01,16,16,45. ,05,00053
2503930,2,2003,02,14,10,54,56. ,15,00197
2503930,3,2003,02,16,12,04,03. ,33,00862
2503930,1,2003,02,20,03,26,01. ,14,00154
2503930,2,2003,03,03,07,47,10. ,20,00100
2503930,2,2003,03,13,12,13,22. ,21,00128
2503930,2,2003,04,08,03,29,03. ,24,00110
2503930,1,2003,04,21,10,18,48. ,11,00057
2503930,2,2003,04,25,07,40,43. ,15,00059
2503930,1,2003,05,06,23,49,19. ,11,00010
2503930,1,2003,05,11,16,29,19. ,08,00074
2503930,1,2003,05,12,00,57,36. ,11,00037
2503930,1,2003,05,12,00,59,55. ,11,00029
2503930,1,2003,05,17,23,33,54. ,12,00039
2503930,4,2003,05,26,18,25,06. ,38,00707
2503930,2,2003,06,09,18,59,51. ,17,00027
2503930,2,2003,06,16,18,34,19. ,19,00101
2503930,2,2003,07,26,00,13,37. ,24,00117
2503930,1,2003,07,26,10,23,11. ,14,00046
2503930,1,2003,07,28,04,08,53. ,11,00027
2503930,1,2003,07,28,16,24,48. ,13,00083
2503930,2,2003,08,04,20,57,28. ,20,00166
2503930,2,2003,09,20,12,55,39. ,20,00073
2503930,2,2003,09,26,04,52,26. ,17,00056
2503930,1,2003,09,26,06,10,25. ,12,00033
2503930,1,2003,10,15,16,31,15. ,11,00029
2503930,1,2003,10,23,23,22,26. ,14,00117
2503930,2,2003,10,31,10,07,02. ,24,00099
2503930,3,2003,11,15,03,44,07. ,28,00175
2503930,3,2004,01,23,18,01,44. ,33,00456
2503930,2,2004,01,27,15,11,07. ,23,00164
2503930,2,2004,03,11,11,35,13. ,22,00134
2503930,1,2004,03,15,13,00,30. ,12,00033
2503930,2,2004,04,04,08,02,16. ,24,00192
2503930,2,2004,05,08,09,10,15. ,16,00160
2503930,2,2004,05,28,09,00,00. ,16,00115
2503930,2,2004,05,29,12,47,33. ,24,00127
2503930,2,2004,06,27,04,43,42. ,21,00123
2503930,2,2004,07,10,20,07,40. ,15,00066
2503930,1,2004,07,17,15,11,22. ,10,00031
2503930,3,2004,08,19,20,40,58. ,25,00381
2503930,2,2004,09,01,11,49,46. ,22,00111
2503930,2,2004,10,01,09,59,47. ,22,00182
2503930,3,2004,10,06,23,41,01. ,25,00139
2503930,1,2004,10,07,22,01,54. ,13,00059
2503930,2,2004,10,11,05,27,24. ,17,00164
2503930,2,2004,10,17,02,19,39. ,18,00055
2503930,2,2004,10,17,03,55,01. ,21,00101
2503930,3,2004,10,23,17,56,26. ,27,00180
2503930,1,2004,10,23,18,00,23. ,13,00033
2503930,2,2004,10,23,18,03,39. ,17,00049
2503930,2,2004,10,23,18,12,35. ,15,00030
2503930,2,2004,10,23,18,34,32. ,22,00121
2503930,1,2004,10,23,19,46,43. ,12,00028
2503930,1,2004,10,23,23,35,29. ,12,00028
2503930,1,2004,10,25,01,16,12. ,12,00040
2503930,2,2004,10,25,06,05,23. ,17,00055
2503930,3,2004,10,27,10,41,15. ,25,00150
2503930,1,2004,11,08,11,16,41. ,13,00035
2503930,1,2004,11,29,03,35,09. ,10,00024
2503930,2,2004,12,09,02,15,35. ,18,00233
2503930,2,2004,12,29,22,59,41. ,15,00047
2503930,1,2004,12,30,10,54,06. ,13,00057
2503930,3,2005,01,01,05,14,03. ,34,00739
2503930,1,2005,02,05,10,17,15. ,11,00031
2503930,1,2005,02,08,11,30,01. ,14,00050
2503930,2,2005,02,16,04,46,59. ,23,00183
2503930,1,2005,04,01,13,44,37. ,10,00073
2503930,1,2005,04,03,17,42,10. ,09,00036
2503930,3,2005,04,04,02,57,29. ,26,00234
2503930,3,2005,04,11,07,22,43. ,27,00185
2503930,1,2005,05,08,15,05,14. ,08,00066
2503930,2,2005,05,14,00,14,55. ,21,00138
2503930,2,2005,05,15,15,55,46. ,17,00083
2503930,1,2005,05,27,17,08,01. ,10,00033
2503930,2,2005,06,20,01,15,40. ,20,00062
2503930,2,2005,07,11,07,27,42. ,19,00114
2503930,1,2005,07,16,15,26,47. ,11,00073
2503930,2,2005,07,23,16,35,25. ,21,00097
2503930,1,2005,07,28,19,15,59. ,12,00019
2503930,2,2005,08,04,15,38,13. ,16,00047
2503930,2,2005,08,08,00,07,03. ,21,00077
2503930,2,2005,08,10,15,12,37. ,17,00086
2503930,4,2005,08,16,11,46,56. ,40,00710
2503930,1,2005,08,24,19,16,42. ,12,00034
2503930,2,2005,09,11,05,07,02. ,17,00066
2503930,1,2005,10,12,13,30,53. ,10,00028
2503930,1,2005,10,16,16,06,17. ,13,00043
2503930,1,2005,10,18,03,49,06. ,08,00019
2503930,3,2005,10,19,20,44,58. ,29,00278
2503930,3,2005,10,22,22,12,57. ,32,00462
2503930,1,2005,10,23,19,10,34. ,10,00023
2503930,2,2005,11,12,06,02,21. ,19,00106
2503930,3,2005,11,15,06,39,51. ,25,00154
2503930,1,2005,11,16,06,18,25. ,10,00035
2503930,2,2005,12,02,22,13,44. ,24,00131
2503930,2,2005,12,05,07,20,57. ,22,00085
2503930,3,2005,12,17,03,32,48. ,25,00137
2503930,2,2005,12,28,18,46,28. ,20,/////
2503930,2,2006,01,18,23,25,59. ,18,00076
2503930,2,2006,02,01,20,36,20. ,17,00072
2503930,2,2006,02,03,13,37,59. ,23,00104
2503930,1,2006,02,03,13,39,52. ,13,00045
2503930,1,2006,02,03,14,38,47. ,11,00027
2503930,1,2006,02,03,14,42,15. ,13,00035
2503930,1,2006,02,03,15,10,42. ,13,00036
2503930,2,2006,03,10,17,56,03. ,18,00123
2503930,1,2006,03,13,13,16,10. ,10,00022
2503930,2,2006,03,28,22,35,27. ,16,00053
2503930,2,2006,03,29,19,28,58. ,22,00160
2503930,2,2006,04,02,20,47,21. ,17,00072
2503930,3,2006,04,10,09,21,42. ,26,00231
2503930,1,2006,04,16,20,52,01. ,11,00029
2503930,2,2006,04,20,12,40,54. ,15,00057
2503930,2,2006,04,24,13,29,03. ,17,00061
2503930,1,2006,07,01,08,29,07. ,10,00028
2503930,1,2006,08,12,20,12,01. ,09,00028
2503930,1,2006,09,09,19,36,50. ,13,00042
2503930,1,2006,09,13,04,31,46. ,07,00039
2503930,1,2006,11,17,21,33,48. ,10,00025
2503930,1,2007,01,10,19,19,38. ,11,00023
2503930,1,2007,01,13,13,29,59. ,10,00023
2503930,2,2007,01,16,03,19,06. ,18,00087
2503930,1,2007,01,25,16,55,37. ,11,00061
2503930,1,2007,02,01,15,40,48. ,10,00084
2503930,1,2007,04,01,11,53,32. ,11,00031
2503930,1,2007,04,14,05,42,47. ,12,00034
2503930,1,2007,05,06,10,09,58. ,13,00051
2503930,1,2007,05,08,21,02,09. ,11,00046
2503930,2,2007,06,02,14,43,44. ,17,00058
2503930,2,2007,07,16,10,13,54. ,23,00109
2503930,2,2007,07,16,23,18,52. ,19,00120
2503930,1,2007,08,01,17,18,10. ,10,00038
2503930,1,2007,11,12,09,20,53. ,13,00092
2503930,2,2007,11,26,22,51,56. ,24,00161
2503930,2,2007,11,30,18,37,13. ,18,00082
2503930,2,2007,12,25,23,05,21. ,18,00074
2503930,1,2008,01,16,02,55,59. ,08,00029
2503930,2,2008,01,19,18,53,32. ,19,00201
2503930,2,2008,02,09,07,07,21. ,15,00067
2503930,1,2008,02,12,00,44,07. ,12,00070
2503930,1,2008,02,22,20,27,19. ,10,00039
2503930,1,2008,03,02,18,33,50. ,11,00065
2503930,3,2008,03,08,01,55,11. ,29,00301
2503930,1,2008,03,19,23,18,45. ,09,00044
2503930,3,2008,03,24,12,40,25. ,30,00221
2503930,3,2008,03,24,22,30,00. ,31,00325
2503930,2,2008,04,04,19,02,16. ,15,00085
2503930,2,2008,04,17,04,20,38. ,17,00078
2503930,2,2008,05,02,06,59,06. ,16,00068
2503930,2,2008,05,02,14,41,47. ,16,00067
2503930,1,2008,05,07,18,59,45. ,14,00037
2503930,3,2008,05,08,01,02,26. ,31,00226
2503930,2,2008,05,08,01,04,20. ,22,00098
2503930,2,2008,05,08,01,13,04. ,16,00046
2503930,2,2008,05,08,01,17,02. ,16,00049
2503930,3,2008,05,08,01,45,41. ,33,00387
2503930,1,2008,05,08,02,31,58. ,11,00027
2503930,1,2008,05,08,03,20,36. ,10,00026
2503930,1,2008,05,08,04,20,57. ,13,00034
2503930,1,2008,05,09,08,21,49. ,11,00026
2503930,1,2008,05,09,08,58,44. ,11,00080
2503930,2,2008,05,31,14,03,10. ,18,00062
2503930,2,2008,05,31,16,55,27. ,19,00068
2503930,1,2008,06,02,00,58,14. ,10,00036
2503930,3,2008,06,//,//,//,//. ,30,00238
2503930,1,2008,06,//,//,//,//. ,11,00024
2503930,2,2008,06,//,//,//,//. ,16,00204
2503930,3,2008,07,05,16,49,14. ,31,00442
2503930,3,2008,07,19,11,39,54. ,30,00214
2503930,1,2008,07,21,18,02,00. ,13,00033
2503930,2,2008,07,21,20,30,53. ,22,00121
2503930,2,2008,07,22,17,47,33. ,16,00051
2503930,4,2008,07,24,00,27,04. ,35,00415
2503930,1,2008,08,20,15,14,03. ,11,00032
2503930,3,2008,08,22,20,00,04. ,28,00324
2503930,2,2008,08,26,15,16,33. ,18,00075
2503930,1,2008,09,06,00,14,32. ,13,00032
2503930,1,2008,09,11,12,14,16. ,13,00050
2503930,2,2008,10,30,00,49,12. ,19,00111
2503930,1,2008,12,04,08,18,09. ,10,00027
2503930,1,2008,12,14,19,25,59. ,08,00042
2503930,1,2008,12,20,19,30,08. ,13,00027
2503930,1,2008,12,21,18,17,29. ,13,00036
2503930,2,2009,01,03,16,13,16. ,23,00122
2503930,3,2009,02,01,06,52,07. ,27,00209
2503930,2,2009,02,11,19,07,30. ,15,00105
2503930,2,2009,02,17,09,13,13. ,18,00137
2503930,1,2009,04,21,07,55,03. ,10,00029
2503930,2,2009,04,21,18,58,06. ,18,00074
2503930,2,2009,04,28,06,37,50. ,19,00106
2503930,2,2009,06,01,00,33,35. ,19,00103
2503930,1,2009,06,06,14,53,22. ,13,00047
2503930,2,2009,07,22,03,57,05. ,15,00073
2503930,1,2009,08,01,18,46,23. ,13,00038
2503930,2,2009,08,03,16,19,44. ,17,00080
2503930,1,2009,08,05,09,18,40. ,11,00031
2503930,1,2009,08,08,07,31,13. ,14,00041
2503930,3,2009,08,09,19,58,00. ,30,00295
2503930,2,2009,08,13,07,50,33. ,16,00074
2503930,2,2009,08,18,06,59,10. ,15,00091
2503930,3,2009,08,31,00,46,08. ,25,00146
2503930,1,2009,09,05,10,59,51. ,11,00071
2503930,1,2009,09,22,20,41,17. ,09,00034
2503930,1,2009,10,01,19,43,26. ,09,00090
2503930,1,2009,10,17,18,26,22. ,10,00065
2503930,3,2009,10,23,10,28,41. ,25,00155
2503930,2,2009,10,28,14,25,57. ,17,00068
2503930,1,2009,11,07,04,22,53. ,09,00032
2503930,1,2009,11,21,15,39,51. ,09,00027
2503930,1,2009,12,02,09,33,23. ,06,00036
2503930,2,2009,12,02,15,14,41. ,18,00072
2503930,2,2009,12,18,05,41,49. ,18,00082
2503930,2,2010,01,08,15,59,58. ,15,00130
2503930,1,2010,01,17,15,05,47. ,13,00038
2503930,3,2010,02,21,09,57,15. ,25,00173
2503930,2,2010,02,22,18,53,08. ,21,00124
2503930,3,2010,03,13,21,46,44. ,32,00416
2503930,4,2010,03,14,17,08,25. ,37,00542
2503930,2,2010,03,19,19,27,53. ,15,00060
2503930,2,2010,03,31,06,18,48. ,16,00132
2503930,1,2010,04,26,06,23,36. ,08,00039
2503930,1,2010,04,29,07,22,11. ,10,00048
2503930,1,2010,05,02,08,59,38. ,09,00022
2503930,1,2010,06,01,13,49,49. ,14,00061
2503930,4,2010,06,13,12,33,15. ,35,00538
2503930,1,2010,07,04,04,34,13. ,10,00024
2503930,1,2010,07,04,15,03,42. ,09,00055
2503930,2,2010,07,05,06,57,16. ,17,00047
2503930,1,2010,07,18,19,12,23. ,09,00053
2503930,1,2010,07,23,06,06,59. ,12,00039
2503930,2,2010,08,03,07,31,01. ,20,00154
2503930,1,2010,08,05,08,54,18. ,11,00051
2503930,1,2010,09,01,16,33,31. ,11,00039
2503930,1,2010,09,29,12,02,07. ,12,00056
2503930,3,2010,09,29,17,00,06. ,25,00159
2503930,2,2010,09,30,01,23,50. ,18,00078
2503930,2,2010,09,30,21,47,20. ,21,00128
2503930,2,2010,11,05,07,31,05. ,15,00084
2503930,1,2010,11,05,19,14,37. ,11,00040
2503930,3,2010,11,24,20,09,27. ,25,00150
2503930,3,2010,11,30,12,28,24. ,26,00154
2503930,2,2010,12,11,19,45,42. ,17,00137
2503930,1,2010,12,22,02,24,04. ,12,00033
2503930,3,2011,01,01,08,01,14. ,27,00246
2503930,1,2011,01,12,01,01,29. ,14,00076
2503930,1,2011,01,17,16,14,06. ,11,00048
2503930,1,2011,02,10,12,11,11. ,12,00085
2503930,3,2011,02,10,22,03,17. ,28,00178
2503930,2,2011,02,27,00,39,00. ,19,00082
2503930,3,2011,03,09,11,46,00. ,28,00169
2503930,2,2011,03,10,03,17,00. ,19,00072
2503930,2,2011,03,10,06,25,10. ,23,00111
2503930,B,2011,03,11,14,48,50. ,53,02019
2503930,4,2011,03,11,14,51,50. ,38,00577
2503930,4,2011,03,11,14,54,50. ,39,00960
2503930,2,2011,03,11,14,55,50. ,24,00154
2503930,3,2011,03,11,14,56,50. ,25,00277
2503930,4,2011,03,11,14,58,50. ,36,00448
2503930,2,2011,03,11,15,03,50. ,22,00088
2503930,3,2011,03,11,15,06,50. ,27,00147
2503930,3,2011,03,11,15,07,50. ,27,00182
2503930,3,2011,03,11,15,09,50. ,25,00137
2503930,2,2011,03,11,15,11,50. ,21,00079
2503930,3,2011,03,11,15,12,50. ,34,00547
2503930,1,2011,03,11,15,14,50. ,13,00034
2503930,4,2011,03,11,15,15,50. ,43,01028
2503930,3,2011,03,11,15,17,50. ,31,00306
2503930,2,2011,03,11,15,18,50. ,24,/////
2503930,2,2011,03,11,15,19,50. ,22,00098
2503930,2,2011,03,11,15,20,50. ,16,00051
2503930,2,2011,03,11,15,21,50. ,15,00050
2503930,1,2011,03,11,15,22,50. ,13,00044
2503930,2,2011,03,11,15,23,50. ,21,00087
2503930,3,2011,03,11,15,27,50. ,33,00340
2503930,2,2011,03,11,15,25,50. ,21,00090
2503930,2,2011,03,11,15,28,50. ,15,00051
2503930,2,2011,03,11,15,29,50. ,18,00059
2503930,2,2011,03,11,15,30,50. ,16,00055
2503930,2,2011,03,11,15,31,50. ,22,00105
2503930,2,2011,03,11,15,33,50. ,22,00086
2503930,1,2011,03,11,15,34,50. ,14,00042
2503930,2,2011,03,11,15,35,50. ,18,00058
2503930,2,2011,03,11,15,37,00. ,19,00074
2503930,2,2011,03,11,15,38,00. ,15,00041
2503930,2,2011,03,11,15,39,00. ,17,00050
2503930,2,2011,03,11,15,42,00. ,15,00041
2503930,1,2011,03,11,15,43,00. ,14,00048
2503930,3,2011,03,11,15,45,00. ,29,00331
2503930,1,2011,03,11,15,46,00. ,09,00020
2503930,2,2011,03,11,15,48,20. ,19,00142
2503930,1,2011,03,11,15,49,20. ,11,00029
2503930,1,2011,03,11,15,51,20. ,07,00017
2503930,1,2011,03,11,15,53,20. ,13,00034
2503930,2,2011,03,11,15,54,20. ,24,00133
2503930,1,2011,03,11,15,55,20. ,06,00027
2503930,2,2011,03,11,15,56,20. ,16,00048
2503930,2,2011,03,11,16,00,20. ,15,00050
2503930,1,2011,03,11,16,02,20. ,07,00023
2503930,2,2011,03,11,16,03,20. ,18,00114
2503930,2,2011,03,11,16,05,20. ,15,00041
2503930,1,2011,03,11,16,06,20. ,14,00047
2503930,1,2011,03,11,16,09,40. ,12,00034
2503930,1,2011,03,11,16,10,40. ,07,00020
2503930,1,2011,03,11,16,11,40. ,13,00032
2503930,1,2011,03,11,16,12,40. ,05,00030
2503930,1,2011,03,11,16,13,40. ,08,00020
2503930,3,2011,03,11,16,15,40. ,29,00192
2503930,3,2011,03,11,16,16,40. ,29,00194
2503930,3,2011,03,11,16,18,40. ,25,00123
2503930,2,2011,03,11,16,23,10. ,18,00056
2503930,1,2011,03,11,16,24,10. ,05,00013
2503930,2,2011,03,11,16,26,10. ,16,00044
2503930,2,2011,03,11,16,27,10. ,23,00126
2503930,3,2011,03,11,16,29,30. ,31,00303
2503930,4,2011,03,11,16,30,30. ,37,00719
2503930,2,2011,03,11,16,31,30. ,21,00092
2503930,1,2011,03,11,16,32,30. ,05,00015
2503930,1,2011,03,11,16,35,43. ,14,00036
2503930,1,2011,03,11,16,36,40. ,13,00036
2503930,1,2011,03,11,16,37,40. ,05,00017
2503930,1,2011,03,11,16,41,40. ,11,00022
2503930,2,2011,03,11,16,43,40. ,16,00048
2503930,2,2011,03,11,16,44,40. ,19,00066
2503930,1,2011,03,11,16,45,40. ,12,00034
2503930,1,2011,03,11,16,48,55. ,10,00025
2503930,1,2011,03,11,16,49,50. ,13,00033
2503930,1,2011,03,11,16,51,50. ,11,00028
2503930,2,2011,03,11,16,55,05. ,19,00076
2503930,2,2011,03,11,16,57,00. ,20,00070
2503930,1,2011,03,11,16,58,00. ,05,00014
2503930,1,2011,03,11,17,02,20. ,11,00023
2503930,2,2011,03,11,17,05,20. ,21,00090
2503930,1,2011,03,11,17,10,50. ,13,/////
2503930,3,2011,03,11,17,12,50. ,30,00263
2503930,2,2011,03,11,17,17,03. ,16,00054
2503930,3,2011,03,11,17,20,00. ,29,00192
2503930,2,2011,03,11,17,27,30. ,20,00094
2503930,2,2011,03,11,17,28,30. ,20,00106
2503930,3,2011,03,11,17,31,30. ,25,00323
2503930,1,2011,03,11,17,33,30. ,09,00068
2503930,2,2011,03,11,17,35,30. ,20,00079
2503930,1,2011,03,11,17,37,30. ,05,00014
2503930,1,2011,03,11,17,38,30. ,11,00031
2503930,4,2011,03,11,17,41,07. ,40,00876
2503930,1,2011,03,11,17,44,00. ,11,00027
2503930,2,2011,03,11,17,47,10. ,17,00051
2503930,1,2011,03,11,17,49,10. ,14,00040
2503930,1,2011,03,11,17,50,10. ,10,00043
2503930,2,2011,03,11,17,52,50. ,23,00098
2503930,2,2011,03,11,17,54,50. ,16,00064
2503930,1,2011,03,11,17,56,50. ,09,00034
2503930,3,2011,03,11,18,04,20. ,30,00298
2503930,1,2011,03,11,18,06,20. ,07,00019
2503930,1,2011,03,11,18,07,20. ,05,00016
2503930,2,2011,03,11,18,10,11. ,15,00060
2503930,2,2011,03,11,18,15,28. ,23,00141
2503930,2,2011,03,11,18,16,20. ,16,00087
2503930,2,2011,03,11,18,20,05. ,22,00167
2503930,1,2011,03,11,18,28,20. ,10,00026
2503930,2,2011,03,11,18,34,33. ,20,00127
2503930,1,2011,03,11,18,37,31. ,10,00026
2503930,1,2011,03,11,18,38,30. ,06,00031
2503930,2,2011,03,11,18,53,08. ,17,00051
2503930,3,2011,03,11,18,56,00. ,27,00165
2503930,2,2011,03,11,18,57,00. ,15,00116
2503930,2,2011,03,11,18,58,44. ,22,00109
2503930,1,2011,03,11,19,05,44. ,11,00033
2503930,1,2011,03,11,19,11,23. ,13,00031
2503930,1,2011,03,11,19,13,20. ,11,00033
2503930,1,2011,03,11,19,16,22. ,06,00029
2503930,3,2011,03,11,19,21,10. ,27,00163
2503930,3,2011,03,11,19,35,50. ,27,00205
2503930,1,2011,03,11,19,44,00. ,13,00041
2503930,3,2011,03,11,19,46,01. ,25,00181
2503930,2,2011,03,11,20,01,13. ,24,00189
2503930,1,2011,03,11,20,02,10. ,07,00022
2503930,3,2011,03,11,20,07,39. ,26,00272
2503930,1,2011,03,11,20,09,30. ,09,00022
2503930,1,2011,03,11,20,13,40. ,14,00037
2503930,2,2011,03,11,20,17,11. ,20,00087
2503930,2,2011,03,11,20,21,22. ,19,00066
2503930,1,2011,03,11,20,31,28. ,11,00025
2503930,2,2011,03,11,20,37,20. ,23,00107
2503930,1,2011,03,11,20,40,20. ,11,00028
2503930,1,2011,03,11,20,41,20. ,07,00019
2503930,1,2011,03,11,20,45,10. ,11,00024
2503930,2,2011,03,11,20,47,10. ,20,00103
2503930,1,2011,03,11,20,53,54. ,10,00056
2503930,1,2011,03,11,20,56,49. ,12,00031
2503930,1,2011,03,11,20,58,40. ,11,00024
2503930,3,2011,03,11,21,13,20. ,29,00208
2503930,1,2011,03,11,21,16,20. ,14,00035
2503930,2,2011,03,11,21,21,35. ,15,00097
2503930,1,2011,03,11,21,29,24. ,09,00026
2503930,1,2011,03,11,21,35,43. ,09,00042
2503930,1,2011,03,11,21,49,30. ,12,00030
2503930,1,2011,03,11,21,51,30. ,06,00024
2503930,1,2011,03,11,21,52,30. ,06,00022
2503930,1,2011,03,11,21,55,45. ,12,00030
2503930,2,2011,03,11,21,56,40. ,18,00072
2503930,1,2011,03,11,21,59,43. ,11,00024
2503930,2,2011,03,11,22,09,56. ,17,00131
2503930,2,2011,03,11,22,16,14. ,18,00076
2503930,2,2011,03,11,22,17,10. ,19,00074
2503930,2,2011,03,11,22,24,05. ,15,00047
2503930,1,2011,03,11,22,33,40. ,09,00053
2503930,1,2011,03,11,22,34,40. ,12,00029
2503930,1,2011,03,11,22,35,40. ,07,00080
2503930,2,2011,03,11,22,36,40. ,15,00076
2503930,3,2011,03,11,22,47,52. ,29,00292
2503930,2,2011,03,11,22,56,24. ,23,00109
2503930,2,2011,03,11,22,59,20. ,15,00045
2503930,2,2011,03,11,23,01,20. ,21,00113
2503930,2,2011,03,11,23,11,10. ,21,00094
2503930,1,2011,03,11,23,15,04. ,09,00057
2503930,2,2011,03,11,23,27,06. ,18,00093
2503930,3,2011,03,11,23,44,21. ,25,00145
2503930,2,2011,03,11,23,56,40. ,22,00120
2503930,1,2011,03,11,23,58,40. ,06,00024
2503930,1,2011,03,12,00,06,54. ,11,00033
2503930,2,2011,03,12,00,07,50. ,17,00054
2503930,2,2011,03,12,00,13,42. ,21,00088
2503930,2,2011,03,12,00,14,40. ,15,00068
2503930,2,2011,03,12,00,20,10. ,19,00065
2503930,1,2011,03,12,00,26,33. ,13,00041
2503930,2,2011,03,12,00,33,17. ,15,00042
2503930,1,2011,03,12,00,42,40. ,11,00025
2503930,1,2011,03,12,00,43,40. ,09,00040
2503930,1,2011,03,12,00,58,08. ,11,00060
2503930,1,2011,03,12,00,59,00. ,06,00042
2503930,2,2011,03,12,01,05,38. ,16,00107
2503930,1,2011,03,12,01,06,30. ,09,00041
2503930,2,2011,03,12,01,49,50. ,19,00073
2503930,1,2011,03,12,01,57,30. ,09,00020
2503930,1,2011,03,12,02,08,18. ,10,00095
2503930,3,2011,03,12,02,30,59. ,25,00207
2503930,1,2011,03,12,02,57,01. ,10,00050
2503930,1,2011,03,12,02,58,00. ,06,00015
2503930,2,2011,03,12,03,11,50. ,22,00096
2503930,1,2011,03,12,03,17,30. ,12,00031
2503930,3,2011,03,12,03,44,19. ,34,00422
2503930,2,2011,03,12,03,46,10. ,17,00068
2503930,3,2011,03,12,03,59,40. ,25,00156
2503930,2,2011,03,12,04,04,40. ,17,00051
2503930,2,2011,03,12,04,08,57. ,20,00119
2503930,2,2011,03,12,04,24,55. ,23,00099
2503930,2,2011,03,12,04,32,46. ,17,00058
2503930,2,2011,03,12,04,45,40. ,18,00104
2503930,1,2011,03,12,04,59,16. ,14,00057
2503930,1,2011,03,12,05,12,20. ,14,00033
2503930,2,2011,03,12,05,25,53. ,22,00097
2503930,2,2011,03,12,05,26,50. ,18,00058
2503930,2,2011,03,12,05,34,53. ,21,00098
2503930,1,2011,03,12,05,36,50. ,10,00023
2503930,2,2011,03,12,06,34,35. ,22,00201
2503930,1,2011,03,12,06,42,43. ,13,00033
2503930,1,2011,03,12,06,54,50. ,13,00041
2503930,1,2011,03,12,07,52,40. ,11,00030
2503930,2,2011,03,12,08,12,50. ,19,00094
2503930,1,2011,03,12,08,55,19. ,09,00031
2503930,2,2011,03,12,08,59,50. ,17,00069
2503930,1,2011,03,12,09,09,05. ,11,00043
2503930,1,2011,03,12,09,25,28. ,14,00040
2503930,1,2011,03,12,09,40,06. ,08,00059
2503930,2,2011,03,12,10,04,28. ,19,00079
2503930,3,2011,03,12,10,12,13. ,31,00395
2503930,2,2011,03,12,10,14,10. ,23,00176
2503930,2,2011,03,12,10,17,39. ,15,00121
2503930,1,2011,03,12,10,43,54. ,14,00042
2503930,2,2011,03,12,10,46,52. ,17,00058
2503930,2,2011,03,12,10,47,50. ,24,00116
2503930,1,2011,03,12,10,49,50. ,10,00044
2503930,2,2011,03,12,11,00,34. ,17,00051
2503930,2,2011,03,12,11,34,20. ,15,00045
2503930,2,2011,03,12,11,48,43. ,19,00060
2503930,2,2011,03,12,11,52,40. ,17,00070
2503930,1,2011,03,12,11,56,32. ,12,00076
2503930,2,2011,03,12,12,12,30. ,17,00062
2503930,1,2011,03,12,13,07,00. ,09,00023
2503930,2,2011,03,12,14,14,55. ,15,00050
2503930,1,2011,03,12,14,39,38. ,13,00049
2503930,2,2011,03,12,15,19,52. ,16,00045
2503930,2,2011,03,12,15,40,11. ,16,00136
2503930,2,2011,03,12,15,41,10. ,20,00141
2503930,2,2011,03,12,15,44,13. ,15,00074
2503930,2,2011,03,12,16,14,11. ,16,00049
2503930,1,2011,03,12,16,37,23. ,13,00044
2503930,1,2011,03,12,16,54,50. ,12,00030
2503930,2,2011,03,12,18,55,25. ,17,00057
2503930,1,2011,03,12,19,36,00. ,14,00036
2503930,1,2011,03,12,19,39,45. ,13,00033
2503930,2,2011,03,12,19,54,10. ,17,00052
2503930,1,2011,03,12,21,54,47. ,14,00041
2503930,2,2011,03,12,22,15,10. ,16,00121
2503930,4,2011,03,12,22,16,10. ,37,00659
2503930,1,2011,03,12,22,21,02. ,09,00052
2503930,1,2011,03,12,22,25,16. ,12,00062
2503930,1,2011,03,12,22,57,40. ,12,00029
2503930,1,2011,03,12,22,58,40. ,11,00045
2503930,1,2011,03,12,23,15,20. ,10,00031
2503930,1,2011,03,12,23,44,20. ,11,00027
2503930,1,2011,03,13,02,26,05. ,13,00083
2503930,1,2011,03,13,02,35,35. ,10,00059
2503930,2,2011,03,13,03,09,27. ,16,00069
2503930,1,2011,03,13,04,23,20. ,10,00022
2503930,1,2011,03,13,05,41,40. ,14,00063
2503930,1,2011,03,13,06,03,02. ,09,00026
2503930,1,2011,03,13,06,59,20. ,09,00021
2503930,3,2011,03,13,07,13,10. ,26,00134
2503930,1,2011,03,13,07,59,40. ,10,00032
2503930,1,2011,03,13,08,21,28. ,12,00029
2503930,3,2011,03,13,08,25,15. ,25,00155
2503930,1,2011,03,13,09,41,27. ,12,00058
2503930,2,2011,03,13,10,26,40. ,15,00038
2503930,1,2011,03,13,11,33,02. ,14,00042
2503930,1,2011,03,13,12,01,33. ,11,00030
2503930,2,2011,03,13,15,00,07. ,24,00154
2503930,1,2011,03,13,17,44,44. ,10,00049
2503930,1,2011,03,13,18,53,30. ,10,00026
2503930,1,2011,03,13,19,08,52. ,10,00066
2503930,2,2011,03,13,20,37,58. ,24,00109
2503930,1,2011,03,13,20,57,04. ,10,00024
2503930,1,2011,03,13,21,45,01. ,12,00050
2503930,1,2011,03,13,23,28,48. ,10,00055
2503930,2,2011,03,14,05,00,18. ,19,00076
2503930,1,2011,03,14,07,16,58. ,10,00043
2503930,1,2011,03,14,07,56,43. ,11,00048
2503930,1,2011,03,14,08,33,20. ,11,00074
2503930,2,2011,03,14,08,41,40. ,18,00172
2503930,1,2011,03,14,08,54,32. ,11,00029
2503930,3,2011,03,14,10,02,54. ,28,00203
2503930,1,2011,03,14,12,21,09. ,13,00035
2503930,1,2011,03,14,13,46,03. ,13,00041
2503930,2,2011,03,14,15,13,00. ,23,00095
2503930,2,2011,03,14,15,18,45. ,21,00151
2503930,3,2011,03,14,15,52,34. ,27,00447
2503930,1,2011,03,14,15,56,33. ,06,00030
2503930,1,2011,03,14,16,25,32. ,10,00025
2503930,1,2011,03,14,17,27,32. ,08,00031
2503930,2,2011,03,14,18,08,03. ,18,00080
2503930,2,2011,03,14,20,06,39. ,21,00105
2503930,2,2011,03,15,01,11,46. ,16,00139
2503930,2,2011,03,15,03,00,10. ,17,00043
2503930,1,2011,03,15,03,02,10. ,09,00021
2503930,2,2011,03,15,03,35,53. ,20,00179
2503930,2,2011,03,15,03,41,28. ,23,00142
2503930,1,2011,03,15,04,30,22. ,12,00034
2503930,1,2011,03,15,07,04,50. ,12,00040
2503930,2,2011,03,15,07,29,25. ,24,00212
2503930,2,2011,03,15,13,56,23. ,18,00064
2503930,1,2011,03,15,15,56,35. ,12,00043
2503930,2,2011,03,15,16,03,53. ,19,00067
2503930,1,2011,03,15,16,48,40. ,11,00030
2503930,2,2011,03,15,18,50,24. ,19,00062
2503930,1,2011,03,15,20,07,01. ,14,00043
2503930,2,2011,03,15,22,10,59. ,17,00164
2503930,4,2011,03,15,22,28,23. ,35,00397
2503930,1,2011,03,15,22,32,20. ,10,00019
2503930,2,2011,03,15,22,38,32. ,24,00121
2503930,1,2011,03,16,05,53,49. ,12,00154
2503930,1,2011,03,16,09,22,56. ,09,00027
2503930,1,2011,03,16,12,23,53. ,14,00038
2503930,3,2011,03,16,12,52,27. ,29,00215
2503930,2,2011,03,16,13,14,47. ,22,00158
2503930,1,2011,03,16,17,49,41. ,13,00043
2503930,1,2011,03,16,18,15,40. ,09,00043
2503930,2,2011,03,16,20,45,26. ,19,00087
2503930,2,2011,03,16,22,39,24. ,20,00076
2503930,1,2011,03,16,22,54,22. ,13,00057
2503930,1,2011,03,16,23,46,53. ,14,00032
2503930,2,2011,03,17,03,38,56. ,16,00068
2503930,1,2011,03,17,03,56,29. ,12,00065
2503930,2,2011,03,17,04,01,04. ,15,00073
2503930,1,2011,03,17,06,16,18. ,13,00118
2503930,1,2011,03,17,15,25,07. ,13,00039
2503930,2,2011,03,17,17,25,48. ,16,00048
2503930,1,2011,03,17,20,48,32. ,11,00041
2503930,1,2011,03,17,21,32,30. ,14,00039
2503930,1,2011,03,17,21,33,30. ,07,00019
2503930,2,2011,03,17,21,35,30. ,19,00090
2503930,3,2011,03,17,21,55,07. ,25,00158
2503930,2,2011,03,18,02,57,14. ,17,00177
2503930,1,2011,03,18,03,38,10. ,12,00094
2503930,2,2011,03,18,03,56,10. ,17,00050
2503930,1,2011,03,18,05,31,38. ,11,00069
2503930,2,2011,03,18,06,18,20. ,16,00083
2503930,1,2011,03,18,09,42,04. ,11,00026
2503930,1,2011,03,18,10,50,33. ,10,00058
2503930,2,2011,03,18,11,48,00. ,19,00075
2503930,1,2011,03,18,17,01,50. ,14,00032
2503930,2,2011,03,19,04,53,24. ,15,00060
2503930,1,2011,03,19,05,33,02. ,11,00044
2503930,2,2011,03,19,08,34,11. ,15,00044
2503930,2,2011,03,19,08,49,39. ,19,00117
2503930,2,2011,03,19,09,57,22. ,17,00086
2503930,4,2011,03,19,18,56,30. ,35,00503
2503930,1,2011,03,20,01,38,26. ,11,00031
2503930,1,2011,03,20,05,06,34. ,07,00061
2503930,2,2011,03,20,05,49,00. ,17,00075
2503930,1,2011,03,20,10,25,14. ,13,00059
2503930,3,2011,03,20,10,30,40. ,34,00424
2503930,2,2011,03,20,14,20,02. ,19,00106
2503930,2,2011,03,20,14,55,50. ,20,00095
2503930,1,2011,03,20,19,59,41. ,08,00060
2503930,1,2011,03,20,21,43,50. ,09,00025
2503930,2,2011,03,21,04,54,31. ,20,00113
2503930,3,2011,03,21,05,05,39. ,27,00287
2503930,1,2011,03,21,05,18,20. ,11,00029
2503930,2,2011,03,21,10,45,49. ,22,00145
2503930,1,2011,03,21,12,45,43. ,11,00102
2503930,1,2011,03,21,14,08,39. ,14,00063
2503930,1,2011,03,21,21,38,21. ,14,00038
2503930,1,2011,03,22,03,23,55. ,05,00039
2503930,1,2011,03,22,04,26,59. ,09,00050
2503930,2,2011,03,22,06,24,12. ,18,00111
2503930,2,2011,03,22,16,19,30. ,19,00071
2503930,2,2011,03,22,17,33,20. ,19,00103
2503930,3,2011,03,22,18,19,25. ,34,00452
2503930,2,2011,03,22,18,46,26. ,15,00083
2503930,2,2011,03,22,21,04,30. ,23,00092
2503930,2,2011,03,22,22,23,34. ,21,00240
2503930,1,2011,03,22,22,51,20. ,14,00040
2503930,1,2011,03,23,02,32,40. ,08,00034
2503930,1,2011,03,23,03,50,43. ,10,00031
2503930,1,2011,03,23,04,10,30. ,11,00027
2503930,4,2011,03,23,07,12,33. ,36,00551
2503930,4,2011,03,23,07,35,00. ,43,01081
2503930,2,2011,03,23,07,37,00. ,22,00181
2503930,1,2011,03,23,07,38,00. ,07,00043
2503930,2,2011,03,23,07,53,31. ,23,00103
2503930,3,2011,03,23,08,03,56. ,31,00335
2503930,1,2011,03,23,09,56,15. ,10,00060
2503930,1,2011,03,23,11,40,26. ,13,00042
2503930,1,2011,03,23,16,16,44. ,14,00112
2503930,3,2011,03,23,18,55,24. ,30,00312
2503930,2,2011,03,23,19,43,55. ,20,00092
2503930,1,2011,03,24,02,02,00. ,07,00031
2503930,2,2011,03,24,05,33,14. ,16,00095
2503930,1,2011,03,24,08,02,28. ,09,00040
2503930,2,2011,03,24,08,57,10. ,16,00072
2503930,1,2011,03,24,14,03,51. ,09,00043
2503930,2,2011,03,24,17,21,40. ,23,00109
2503930,1,2011,03,24,22,19,57. ,11,00083
2503930,1,2011,03,25,02,08,35. ,14,00073
2503930,2,2011,03,25,03,16,58. ,16,00075
2503930,1,2011,03,25,04,45,40. ,09,00021
2503930,1,2011,03,25,15,35,43. ,10,00039
2503930,1,2011,03,26,16,19,48. ,13,00058
2503930,2,2011,03,26,16,52,53. ,15,00055
2503930,2,2011,03,26,16,56,45. ,19,00083
2503930,2,2011,03,26,19,19,10. ,17,00069
2503930,1,2011,03,26,19,24,00. ,12,00031
2503930,1,2011,03,26,19,43,02. ,12,00028
2503930,1,2011,03,26,23,11,12. ,13,00049
2503930,1,2011,03,27,00,02,02. ,11,00057
2503930,1,2011,03,27,01,07,15. ,12,00072
2503930,1,2011,03,27,05,36,11. ,08,00026
2503930,1,2011,03,27,20,08,50. ,11,00053
2503930,1,2011,03,28,00,18,22. ,12,00037
2503930,2,2011,03,28,06,11,59. ,16,00059
2503930,3,2011,03,28,07,24,30. ,30,00218
2503930,2,2011,03,28,11,40,59. ,15,00223
2503930,2,2011,03,28,14,45,35. ,19,00069
2503930,1,2011,03,28,20,08,17. ,10,00057
2503930,1,2011,03,29,16,05,11. ,11,00087
2503930,3,2011,03,29,19,55,00. ,27,00169
2503930,1,2011,03,30,22,01,02. ,12,00029
2503930,3,2011,03,30,22,19,16. ,30,00438
2503930,2,2011,03,31,00,21,50. ,16,00077
2503930,2,2011,03,31,16,16,30. ,17,00050
2503930,2,2011,04,01,02,21,54. ,17,00084
2503930,1,2011,04,01,04,35,40. ,13,00034
2503930,1,2011,04,01,08,17,17. ,11,00038
2503930,1,2011,04,01,20,59,07. ,13,00037
2503930,1,2011,04,01,23,45,11. ,14,00040
2503930,2,2011,04,02,13,09,04. ,16,00042
2503930,1,2011,04,02,14,08,20. ,09,00040
2503930,2,2011,04,02,16,56,13. ,19,00091
2503930,2,2011,04,02,18,05,13. ,16,00127
2503930,1,2011,04,02,19,23,01. ,13,00066
2503930,3,2011,04,02,23,38,13. ,29,00239
2503930,1,2011,04,03,01,43,30. ,13,00047
2503930,1,2011,04,03,09,23,02. ,07,00007
2503930,2,2011,04,03,10,54,16. ,18,00091
2503930,2,2011,04,03,15,23,24. ,15,00135
2503930,3,2011,04,03,16,39,04. ,25,00155
2503930,1,2011,04,03,16,53,38. ,12,00038
2503930,2,2011,04,03,18,36,15. ,15,00063
2503930,2,2011,04,03,21,57,53. ,21,00122
2503930,2,2011,04,04,13,43,50. ,20,00099
2503930,1,2011,04,04,20,46,55. ,08,00036
2503930,1,2011,04,05,05,44,22. ,06,00048
2503930,1,2011,04,05,18,08,50. ,07,00035
2503930,1,2011,04,06,06,24,25. ,14,00052
2503930,1,2011,04,06,07,02,51. ,12,00043
2503930,1,2011,04,06,20,49,01. ,13,00134
2503930,2,2011,04,06,21,56,58. ,16,00121
2503930,3,2011,04,06,22,55,09. ,32,00317
2503930,2,2011,04,07,11,40,50. ,22,00142
2503930,4,2011,04,07,23,33,11. ,42,01015
2503930,1,2011,04,07,23,50,17. ,14,00041
2503930,2,2011,04,08,05,47,23. ,21,00196
2503930,1,2011,04,08,11,57,32. ,14,00081
2503930,1,2011,04,08,12,00,17. ,14,00099
2503930,2,2011,04,09,00,39,50. ,18,00165
2503930,1,2011,04,09,11,38,22. ,10,00034
2503930,1,2011,04,09,12,33,12. ,09,00040
2503930,1,2011,04,09,17,02,40. ,08,00024
2503930,3,2011,04,09,18,01,46. ,26,00291
2503930,2,2011,04,09,18,42,47. ,20,00081
2503930,1,2011,04,10,17,52,37. ,11,00065
2503930,1,2011,04,10,20,22,19. ,10,00052
2503930,1,2011,04,11,02,45,09. ,12,00044
2503930,3,2011,04,11,06,36,06. ,25,00241
2503930,2,2011,04,11,13,51,58. ,23,00181
2503930,C,2011,04,11,17,16,15. ,58,05640
2503930,4,2011,04,11,17,17,10. ,41,01059
2503930,2,2011,04,11,17,19,10. ,20,00131
2503930,2,2011,04,11,17,20,10. ,20,00155
2503930,2,2011,04,11,17,22,10. ,21,00303
2503930,2,2011,04,11,17,23,10. ,22,00217
2503930,1,2011,04,11,17,24,10. ,14,00083
2503930,1,2011,04,11,17,25,10. ,06,00028
2503930,A,2011,04,11,17,26,30. ,45,01360
2503930,2,2011,04,11,17,31,36. ,15,00229
2503930,3,2011,04,11,17,33,30. ,34,00544
2503930,2,2011,04,11,17,36,53. ,21,00237
2503930,1,2011,04,11,17,37,50. ,14,00164
2503930,2,2011,04,11,17,38,50. ,19,00067
2503930,2,2011,04,11,17,42,34. ,16,00258
2503930,1,2011,04,11,17,43,30. ,11,00047
2503930,1,2011,04,11,17,44,30. ,13,00073
2503930,3,2011,04,11,17,45,30. ,34,00992
2503930,1,2011,04,11,17,46,30. ,08,00082
2503930,1,2011,04,11,17,48,07. ,13,00079
2503930,2,2011,04,11,17,50,03. ,19,00289
2503930,1,2011,04,11,17,51,00. ,09,00034
2503930,2,2011,04,11,17,54,19. ,20,00305
2503930,2,2011,04,11,17,55,10. ,15,00086
2503930,1,2011,04,11,17,56,10. ,10,00061
2503930,1,2011,04,11,17,57,10. ,09,00042
2503930,3,2011,04,11,17,58,10. ,34,01692
2503930,3,2011,04,11,17,59,49. ,33,00548
2503930,2,2011,04,11,18,01,40. ,16,00082
2503930,2,2011,04,11,18,03,40. ,24,00220
2503930,3,2011,04,11,18,04,50. ,29,00348
2503930,2,2011,04,11,18,05,50. ,24,00290
2503930,1,2011,04,11,18,11,41. ,09,00102
2503930,2,2011,04,11,18,12,40. ,17,00153
2503930,1,2011,04,11,18,13,40. ,07,00056
2503930,1,2011,04,11,18,23,28. ,13,00039
2503930,2,2011,04,11,18,30,40. ,17,00088
2503930,2,2011,04,11,18,31,40. ,16,00068
2503930,2,2011,04,11,18,35,19. ,20,00076
2503930,2,2011,04,11,18,36,10. ,23,00196
2503930,2,2011,04,11,18,39,10. ,16,00089
2503930,1,2011,04,11,18,45,03. ,08,00083
2503930,1,2011,04,11,18,47,00. ,12,00027
2503930,2,2011,04,11,18,48,00. ,23,00198
2503930,1,2011,04,11,18,50,00. ,07,00019
2503930,3,2011,04,11,18,55,02. ,26,00245
2503930,2,2011,04,11,19,00,00. ,22,00154
2503930,2,2011,04,11,19,02,00. ,20,00228
2503930,3,2011,04,11,19,05,07. ,30,00452
2503930,2,2011,04,11,19,09,40. ,22,00362
2503930,2,2011,04,11,19,11,40. ,16,00055
2503930,3,2011,04,11,19,19,01. ,34,00793
2503930,1,2011,04,11,19,21,00. ,05,00056
2503930,1,2011,04,11,19,22,00. ,09,00050
2503930,1,2011,04,11,19,23,00. ,14,00193
2503930,2,2011,04,11,19,25,50. ,24,00363
2503930,1,2011,04,11,19,26,50. ,10,00064
2503930,2,2011,04,11,19,29,15. ,23,00150
2503930,1,2011,04,11,19,31,10. ,13,00065
2503930,2,2011,04,11,19,42,06. ,16,00168
2503930,1,2011,04,11,19,44,00. ,07,00081
2503930,2,2011,04,11,19,59,12. ,20,00111
2503930,2,2011,04,11,20,00,10. ,23,00141
2503930,1,2011,04,11,20,07,53. ,11,00035
2503930,2,2011,04,11,20,12,44. ,20,00198
2503930,1,2011,04,11,20,24,03. ,12,00080
2503930,3,2011,04,11,20,27,32. ,33,00506
2503930,A,2011,04,11,20,42,38. ,46,01484
2503930,1,2011,04,11,20,46,30. ,07,00029
2503930,1,2011,04,11,20,56,53. ,10,00148
2503930,1,2011,04,11,20,59,01. ,12,00037
2503930,2,2011,04,11,21,06,20. ,20,00154
2503930,1,2011,04,11,21,07,20. ,12,00100
2503930,2,2011,04,11,21,15,34. ,15,00041
2503930,2,2011,04,11,21,16,30. ,17,00253
2503930,1,2011,04,11,21,17,30. ,05,00019
2503930,1,2011,04,11,21,35,01. ,11,00172
2503930,1,2011,04,11,21,37,19. ,11,00040
2503930,1,2011,04,11,21,45,39. ,10,00053
2503930,1,2011,04,11,21,47,30. ,14,00037
2503930,1,2011,04,11,21,52,40. ,12,00104
2503930,1,2011,04,11,21,59,57. ,05,00044
2503930,3,2011,04,11,22,05,43. ,34,00507
2503930,2,2011,04,11,22,21,24. ,23,01005
2503930,3,2011,04,11,22,24,33. ,25,00330
2503930,1,2011,04,11,22,48,43. ,11,00098
2503930,1,2011,04,11,22,58,41. ,11,00115
2503930,2,2011,04,11,22,59,40. ,15,00081
2503930,1,2011,04,11,23,01,40. ,08,00035
2503930,2,2011,04,11,23,08,50. ,21,00104
2503930,2,2011,04,11,23,19,10. ,21,00122
2503930,1,2011,04,11,23,26,06. ,11,00226
2503930,1,2011,04,11,23,56,31. ,11,00092
2503930,3,2011,04,12,00,21,44. ,27,00184
2503930,1,2011,04,12,00,24,40. ,10,00068
2503930,3,2011,04,12,00,43,18. ,29,00480
2503930,2,2011,04,12,00,55,17. ,19,00098
2503930,3,2011,04,12,00,57,10. ,30,00358
2503930,4,2011,04,12,00,58,10. ,37,00547
2503930,1,2011,04,12,01,02,52. ,11,00250
2503930,2,2011,04,12,01,19,22. ,19,00260
2503930,1,2011,04,12,01,23,58. ,08,00044
2503930,3,2011,04,12,01,49,18. ,30,00400
2503930,2,2011,04,12,02,18,09. ,21,00202
2503930,3,2011,04,12,02,21,02. ,33,00820
2503930,1,2011,04,12,02,24,00. ,05,00032
2503930,1,2011,04,12,02,55,39. ,09,00078
2503930,2,2011,04,12,03,26,50. ,22,00147
2503930,2,2011,04,12,03,38,50. ,16,00154
2503930,1,2011,04,12,03,46,03. ,12,00085
2503930,1,2011,04,12,03,50,07. ,07,00038
2503930,1,2011,04,12,04,36,43. ,11,00197
2503930,3,2011,04,12,04,43,49. ,29,00348
2503930,1,2011,04,12,04,45,40. ,12,00076
2503930,2,2011,04,12,05,00,06. ,23,00311
2503930,2,2011,04,12,05,03,47. ,18,00088
2503930,3,2011,04,12,05,27,24. ,25,00607
2503930,1,2011,04,12,05,30,20. ,12,00185
2503930,2,2011,04,12,05,43,02. ,15,00116
2503930,2,2011,04,12,05,55,14. ,17,00081
2503930,1,2011,04,12,06,18,25. ,13,00110
2503930,1,2011,04,12,06,21,38. ,12,00121
2503930,3,2011,04,12,07,03,19. ,33,00476
2503930,1,2011,04,12,07,04,10. ,05,00047
2503930,1,2011,04,12,07,16,29. ,13,00183
2503930,1,2011,04,12,07,22,54. ,13,00098
2503930,1,2011,04,12,08,03,10. ,11,00191
2503930,2,2011,04,12,08,08,47. ,22,00085
2503930,2,2011,04,12,08,22,37. ,18,00149
2503930,1,2011,04,12,08,29,20. ,12,00051
2503930,1,2011,04,12,08,31,44. ,12,00097
2503930,4,2011,04,12,08,48,17. ,35,00670
2503930,1,2011,04,12,09,04,50. ,14,00199
2503930,1,2011,04,12,09,07,20. ,08,00063
2503930,3,2011,04,12,09,09,29. ,25,00225
2503930,1,2011,04,12,09,46,48. ,12,00055
2503930,2,2011,04,12,09,49,53. ,21,00235
2503930,1,2011,04,12,09,50,50. ,06,00060
2503930,1,2011,04,12,10,33,34. ,12,00050
2503930,2,2011,04,12,11,06,50. ,19,00326
2503930,2,2011,04,12,11,09,50. ,15,00025
2503930,3,2011,04,12,11,13,53. ,27,00387
2503930,2,2011,04,12,11,15,50. ,15,00166
2503930,1,2011,04,12,12,20,58. ,06,00033
2503930,2,2011,04,12,13,33,00. ,21,00194
2503930,1,2011,04,12,13,57,50. ,11,00041
2503930,B,2011,04,12,14,07,45. ,53,03696
2503930,2,2011,04,12,14,10,40. ,22,00101
2503930,1,2011,04,12,14,11,40. ,10,00252
2503930,3,2011,04,12,14,14,41. ,31,00424
2503930,4,2011,04,12,14,26,36. ,39,00879
2503930,2,2011,04,12,14,32,50. ,22,00224
2503930,2,2011,04,12,14,42,22. ,23,00119
2503930,2,2011,04,12,14,49,51. ,16,00154
2503930,1,2011,04,12,14,50,50. ,06,00112
2503930,1,2011,04,12,15,23,21. ,14,00056
2503930,1,2011,04,12,15,27,37. ,12,00118
2503930,2,2011,04,12,16,47,20. ,19,00141
2503930,2,2011,04,12,16,49,20. ,22,00324
2503930,1,2011,04,12,17,21,26. ,12,00175
2503930,4,2011,04,12,17,48,28. ,36,00591
2503930,1,2011,04,12,18,16,48. ,12,00140
2503930,2,2011,04,12,19,15,39. ,23,00303
2503930,1,2011,04,12,19,36,54. ,13,00124
2503930,2,2011,04,12,20,00,56. ,24,00412
2503930,1,2011,04,12,20,10,35. ,09,00061
2503930,2,2011,04,12,21,33,52. ,18,00144
2503930,1,2011,04,12,22,17,19. ,10,00061
2503930,1,2011,04,12,22,26,02. ,08,00016
2503930,1,2011,04,13,00,09,54. ,12,00078
2503930,1,2011,04,13,00,43,59. ,07,00084
2503930,1,2011,04,13,01,02,05. ,08,00055
2503930,2,2011,04,13,02,00,00. ,16,00157
2503930,1,2011,04,13,02,46,50. ,07,00183
2503930,3,2011,04,13,03,47,56. ,28,00703
2503930,3,2011,04,13,04,02,19. ,27,00212
2503930,1,2011,04,13,04,28,34. ,09,00141
2503930,2,2011,04,13,04,29,30. ,16,00187
2503930,3,2011,04,13,04,34,43. ,25,00521
2503930,2,2011,04,13,05,47,39. ,22,00309
2503930,1,2011,04,13,05,52,13. ,12,00116
2503930,1,2011,04,13,06,08,05. ,10,00117
2503930,2,2011,04,13,07,35,54. ,23,00240
2503930,2,2011,04,13,07,55,20. ,18,00181
2503930,3,2011,04,13,10,08,02. ,34,00396
2503930,1,2011,04,13,13,36,55. ,08,00076
2503930,3,2011,04,13,14,52,24. ,26,00744
2503930,1,2011,04,13,19,29,40. ,06,00028
2503930,1,2011,04,13,19,38,00. ,13,00207
2503930,1,2011,04,13,21,07,29. ,10,00179
2503930,1,2011,04,13,21,58,31. ,08,00034
2503930,2,2011,04,13,23,04,16. ,21,00296
2503930,1,2011,04,14,00,20,01. ,08,00054
2503930,2,2011,04,14,02,41,13. ,22,00118
2503930,1,2011,04,14,03,57,20. ,12,00114
2503930,1,2011,04,14,05,43,08. ,11,00148
2503930,1,2011,04,14,06,13,02. ,08,00063
2503930,2,2011,04,14,06,43,09. ,23,00172
2503930,3,2011,04,14,07,35,56. ,25,00226
2503930,2,2011,04,14,08,43,44. ,20,00570
2503930,2,2011,04,14,10,02,16. ,19,00263
2503930,1,2011,04,14,11,24,15. ,11,00038
2503930,3,2011,04,14,12,09,02. ,33,00400
2503930,1,2011,04,14,14,14,21. ,07,00089
2503930,1,2011,04,14,14,49,05. ,10,00093
2503930,1,2011,04,14,16,41,34. ,10,00100
2503930,1,2011,04,14,17,14,55. ,09,00086
2503930,2,2011,04,14,20,02,34. ,18,00131
2503930,3,2011,04,14,20,24,34. ,25,00281
2503930,3,2011,04,14,20,46,52. ,25,00550
2503930,1,2011,04,14,21,14,44. ,12,00094
2503930,1,2011,04,14,22,45,42. ,09,00112
2503930,1,2011,04,15,04,07,40. ,10,00034
2503930,1,2011,04,15,07,52,39. ,06,00097
2503930,1,2011,04,15,11,54,06. ,14,00237
2503930,2,2011,04,15,11,58,54. ,22,00250
2503930,1,2011,04,15,14,15,06. ,07,00049
2503930,1,2011,04,15,17,24,14. ,10,00075
2503930,1,2011,04,15,17,27,06. ,11,00058
2503930,1,2011,04,15,20,16,56. ,07,00038
2503930,2,2011,04,15,21,53,30. ,17,00063
2503930,2,2011,04,15,22,44,42. ,16,00107
2503930,1,2011,04,15,23,38,02. ,12,00128
2503930,1,2011,04,16,07,15,43. ,10,00133
2503930,3,2011,04,16,11,19,50. ,33,00322
2503930,2,2011,04,16,13,20,24. ,15,00055
2503930,2,2011,04,16,16,29,58. ,19,00217
2503930,1,2011,04,16,23,52,34. ,11,00364
2503930,1,2011,04,17,03,57,20. ,09,00014
2503930,2,2011,04,17,05,19,21. ,21,00121
2503930,2,2011,04,17,05,21,20. ,20,00143
2503930,2,2011,04,17,08,01,25. ,18,00212
2503930,2,2011,04,17,14,38,50. ,19,00099
2503930,2,2011,04,17,15,21,43. ,20,00285
2503930,1,2011,04,17,15,52,10. ,09,00113
2503930,2,2011,04,17,17,03,50. ,17,00031
2503930,2,2011,04,17,21,51,45. ,24,00167
2503930,1,2011,04,17,23,10,20. ,07,00040
2503930,2,2011,04,17,23,42,28. ,20,00147
2503930,1,2011,04,17,23,46,57. ,11,00037
2503930,3,2011,04,18,00,47,40. ,26,00173
2503930,3,2011,04,18,03,33,45. ,26,00470
2503930,4,2011,04,18,11,08,15. ,37,00537
2503930,1,2011,04,18,11,16,09. ,11,00077
2503930,1,2011,04,18,14,54,30. ,07,00059
2503930,2,2011,04,18,17,44,40. ,16,00077
2503930,1,2011,04,18,21,17,02. ,09,00145
2503930,1,2011,04,19,00,36,08. ,11,00189
2503930,1,2011,04,19,09,28,03. ,10,00101
2503930,3,2011,04,19,15,53,35. ,31,00398
2503930,3,2011,04,19,21,34,29. ,28,00576
2503930,3,2011,04,19,23,10,41. ,27,00169
2503930,2,2011,04,19,23,47,18. ,17,00069
2503930,2,2011,04,20,04,29,30. ,18,00085
2503930,1,2011,04,20,09,39,27. ,08,00043
2503930,3,2011,04,20,09,50,52. ,26,00314
2503930,1,2011,04,20,13,22,44. ,13,00053
2503930,2,2011,04,20,17,30,37. ,21,00146
2503930,1,2011,04,21,00,29,57. ,09,00077
2503930,3,2011,04,21,03,41,08. ,27,00273
2503930,1,2011,04,21,04,04,32. ,10,00058
2503930,3,2011,04,21,05,51,58. ,29,00195
2503930,1,2011,04,21,05,57,50. ,10,00026
2503930,1,2011,04,21,09,40,18. ,10,00075
2503930,1,2011,04,21,12,09,10. ,14,00038
2503930,2,2011,04,21,17,18,50. ,16,00054
2503930,3,2011,04,21,22,37,30. ,31,00273
2503930,3,2011,04,22,01,11,33. ,30,00507
2503930,2,2011,04,22,01,15,30. ,21,00030
2503930,2,2011,04,22,03,09,47. ,16,00225
2503930,1,2011,04,22,10,57,03. ,10,00031
2503930,2,2011,04,22,12,03,54. ,15,00094
2503930,1,2011,04,22,12,17,53. ,14,00111
2503930,3,2011,04,23,00,25,26. ,26,00378
2503930,1,2011,04,23,08,15,40. ,11,00042
2503930,2,2011,04,23,19,13,30. ,15,00046
2503930,3,2011,04,23,20,07,42. ,30,00355
2503930,1,2011,04,24,01,39,54. ,11,00075
2503930,1,2011,04,24,05,53,10. ,12,00035
2503930,1,2011,04,24,08,29,15. ,09,00045
2503930,3,2011,04,24,19,09,54. ,32,01168
2503930,1,2011,04,24,23,50,14. ,10,00146
2503930,2,2011,04,25,02,43,15. ,17,00185
2503930,1,2011,04,25,18,00,40. ,10,00021
2503930,2,2011,04,26,00,13,23. ,17,00118
2503930,1,2011,04,26,05,24,54. ,12,00077
2503930,2,2011,04,26,09,05,23. ,16,00352
2503930,2,2011,04,26,13,02,01. ,18,00086
2503930,1,2011,04,26,14,06,30. ,11,00120
2503930,1,2011,04,26,21,01,34. ,12,00077
2503930,3,2011,04,26,21,12,24. ,25,00151
2503930,1,2011,04,27,01,41,58. ,12,00056
2503930,1,2011,04,27,02,12,25. ,10,00072
2503930,2,2011,04,27,07,55,11. ,15,00306
2503930,1,2011,04,27,08,42,41. ,13,00300
2503930,2,2011,04,27,09,55,55. ,21,00135
2503930,3,2011,04,27,12,55,12. ,27,00308
2503930,3,2011,04,27,21,27,50. ,27,00399
2503930,2,2011,04,27,21,57,14. ,22,00237
2503930,1,2011,04,27,23,48,26. ,14,00085
2503930,1,2011,04,28,06,11,24. ,09,00090
2503930,1,2011,04,28,07,29,32. ,11,00062
2503930,3,2011,04,28,18,28,05. ,30,00254
2503930,1,2011,04,30,07,20,33. ,11,00025
2503930,3,2011,04,30,14,06,45. ,30,00323
2503930,2,2011,04,30,14,47,12. ,20,00169
2503930,2,2011,04,30,21,57,50. ,15,00235
2503930,1,2011,05,01,02,12,22. ,13,00044
2503930,1,2011,05,01,10,56,26. ,10,00063
2503930,2,2011,05,01,11,48,57. ,16,00144
2503930,1,2011,05,01,12,26,50. ,13,00065
2503930,3,2011,05,01,12,37,21. ,26,00191
2503930,1,2011,05,01,13,40,22. ,10,00057
2503930,1,2011,05,01,14,06,22. ,13,00073
2503930,2,2011,05,02,04,59,33. ,23,00188
2503930,1,2011,05,02,11,10,06. ,14,00051
2503930,3,2011,05,02,12,16,57. ,25,00192
2503930,1,2011,05,03,01,43,59. ,07,00057
2503930,1,2011,05,03,20,44,33. ,06,00047
2503930,4,2011,05,03,22,57,17. ,36,01449
2503930,2,2011,05,04,15,18,32. ,17,00335
2503930,2,2011,05,04,17,44,54. ,20,00883
2503930,2,2011,05,05,19,20,53. ,17,00153
2503930,1,2011,05,05,20,02,23. ,11,00040
2503930,2,2011,05,05,23,59,33. ,20,00075
2503930,3,2011,05,06,02,04,32. ,29,00261
2503930,1,2011,05,06,05,36,46. ,14,00319
2503930,2,2011,05,06,07,36,59. ,21,00119
2503930,1,2011,05,08,05,54,00. ,11,00023
2503930,2,2011,05,08,07,11,11. ,18,00076
2503930,2,2011,05,08,13,53,53. ,18,00094
2503930,2,2011,05,08,19,43,24. ,19,00072
2503930,2,2011,05,09,00,20,50. ,16,00092
2503930,2,2011,05,09,08,44,57. ,15,00225
2503930,1,2011,05,09,13,56,06. ,14,00114
2503930,1,2011,05,09,19,53,33. ,07,00068
2503930,1,2011,05,10,05,17,02. ,10,00026
2503930,2,2011,05,10,08,38,31. ,16,00073
2503930,1,2011,05,10,16,17,19. ,11,00028
2503930,1,2011,05,10,19,15,20. ,09,00020
2503930,2,2011,05,11,07,15,05. ,16,00174
2503930,2,2011,05,11,19,23,40. ,18,00260
2503930,1,2011,05,13,17,19,44. ,09,00086
2503930,1,2011,05,13,17,27,01. ,08,00065
2503930,1,2011,05,14,01,28,10. ,05,00017
2503930,3,2011,05,14,08,36,08. ,25,00159
2503930,1,2011,05,15,00,01,57. ,14,00076
2503930,1,2011,05,15,08,51,10. ,14,00049
2503930,1,2011,05,15,16,03,34. ,05,00058
2503930,1,2011,05,15,21,15,00. ,09,00024
2503930,2,2011,05,17,00,53,46. ,20,00096
2503930,1,2011,05,18,00,23,49. ,13,00048
2503930,2,2011,05,18,16,24,14. ,22,00127
2503930,1,2011,05,18,20,48,40. ,14,00093
2503930,1,2011,05,18,22,32,48. ,12,00040
2503930,1,2011,05,19,12,13,23. ,14,00281
2503930,1,2011,05,19,18,58,37. ,11,00055
2503930,2,2011,05,20,09,46,41. ,21,00088
2503930,2,2011,05,20,16,29,01. ,20,00128
2503930,1,2011,05,20,17,53,39. ,09,00038
2503930,1,2011,05,21,19,25,08. ,14,00042
2503930,2,2011,05,22,07,06,53. ,20,00068
2503930,1,2011,05,24,03,32,35. ,08,00252
2503930,1,2011,05,24,12,04,19. ,08,00247
2503930,1,2011,05,24,15,43,32. ,14,00175
2503930,2,2011,05,24,20,49,30. ,19,00133
2503930,3,2011,05,25,05,36,10. ,25,00165
2503930,1,2011,05,25,12,47,30. ,09,00170
2503930,2,2011,05,26,19,56,44. ,17,00111
2503930,2,2011,05,27,04,50,43. ,23,00265
2503930,2,2011,05,27,12,34,20. ,18,00105
2503930,4,2011,05,27,17,04,11. ,36,00868
2503930,1,2011,05,27,20,25,14. ,13,00046
2503930,2,2011,05,28,11,14,20. ,18,00092
2503930,2,2011,05,28,16,43,35. ,16,00189
2503930,1,2011,05,28,19,38,13. ,14,00141
2503930,1,2011,05,28,22,54,16. ,11,00047
2503930,2,2011,05,29,13,23,35. ,22,00266
2503930,1,2011,05,29,15,22,39. ,11,00084
2503930,1,2011,05,30,09,51,55. ,06,00121
2503930,1,2011,05,31,03,18,51. ,12,00172
2503930,2,2011,05,31,04,36,51. ,16,00054
2503930,1,2011,06,01,10,17,44. ,10,00097
2503930,1,2011,06,02,10,28,23. ,08,00243
2503930,2,2011,06,02,14,47,58. ,16,00059
2503930,3,2011,06,02,23,41,36. ,29,00501
2503930,1,2011,06,03,05,05,22. ,08,00054
2503930,2,2011,06,03,09,06,05. ,21,00090
2503930,4,2011,06,04,01,00,25. ,36,00517
2503930,2,2011,06,05,19,46,11. ,19,00199
2503930,2,2011,06,05,20,16,41. ,17,00198
2503930,1,2011,06,05,20,36,57. ,08,00037
2503930,1,2011,06,07,05,10,59. ,08,00032
2503930,1,2011,06,07,05,53,47. ,08,00284
2503930,3,2011,06,09,19,38,46. ,26,00173
2503930,1,2011,06,10,07,27,01. ,10,00163
2503930,1,2011,06,10,07,50,22. ,07,00147
2503930,1,2011,06,10,21,13,28. ,10,00099
2503930,1,2011,06,11,00,41,02. ,10,00060
2503930,2,2011,06,11,07,36,43. ,18,00066
2503930,1,2011,06,11,15,33,50. ,12,00050
2503930,2,2011,06,12,05,09,09. ,17,00098
2503930,2,2011,06,12,17,10,04. ,17,00067
2503930,2,2011,06,14,05,59,50. ,15,00086
2503930,2,2011,06,14,22,07,50. ,15,00040
2503930,1,2011,06,15,08,15,54. ,10,00055
2503930,4,2011,06,18,13,39,07. ,36,00481
2503930,3,2011,06,18,20,31,25. ,28,00207
2503930,1,2011,06,19,04,10,40. ,14,00056
2503930,1,2011,06,20,03,13,20. ,10,00025
2503930,1,2011,06,20,03,58,56. ,11,00044
2503930,1,2011,06,20,04,51,03. ,08,00053
2503930,1,2011,06,22,06,16,41. ,13,00033
2503930,1,2011,06,22,06,56,13. ,14,00108
2503930,2,2011,06,23,06,51,50. ,21,00075
2503930,1,2011,06,23,17,09,31. ,11,00169
2503930,2,2011,06,23,17,23,00. ,17,00066
2503930,2,2011,06,23,19,35,39. ,20,00079
2503930,2,2011,06,24,23,47,04. ,17,00063
2503930,1,2011,06,25,00,23,05. ,14,00066
2503930,1,2011,06,25,02,25,29. ,09,00068
2503930,1,2011,06,25,15,55,15. ,12,00026
2503930,3,2011,06,25,16,06,05. ,26,00238
2503930,1,2011,06,27,07,57,57. ,14,00086
2503930,2,2011,06,27,20,48,41. ,15,00213
2503930,1,2011,06,29,23,19,44. ,11,00068
2503930,2,2011,06,30,19,23,05. ,17,00060
2503930,1,2011,07,04,02,29,42. ,10,00067
2503930,2,2011,07,04,19,59,59. ,21,00317
2503930,1,2011,07,04,23,53,57. ,10,00129
2503930,2,2011,07,07,00,15,20. ,23,00100
2503930,1,2011,07,07,14,10,43. ,12,00039
2503930,1,2011,07,07,17,56,47. ,14,00106
2503930,3,2011,07,08,03,35,53. ,32,00568
2503930,3,2011,07,10,09,57,40. ,33,00351
2503930,1,2011,07,10,19,28,21. ,10,00176
2503930,2,2011,07,11,09,09,16. ,21,00215
2503930,1,2011,07,12,09,11,53. ,05,00050
2503930,1,2011,07,13,00,38,11. ,11,00028
2503930,1,2011,07,14,00,45,04. ,12,00038
2503930,1,2011,07,14,12,39,29. ,10,00044
2503930,2,2011,07,14,13,11,16. ,16,00046
2503930,3,2011,07,15,10,59,12. ,25,00667
2503930,1,2011,07,15,18,19,30. ,11,00163
2503930,2,2011,07,15,21,01,30. ,23,00104
2503930,1,2011,07,16,08,30,56. ,13,00059
2503930,2,2011,07,16,14,17,52. ,16,00089
2503930,3,2011,07,17,09,55,47. ,28,00257
2503930,1,2011,07,17,15,57,06. ,12,00088
2503930,1,2011,07,18,15,34,55. ,09,00135
2503930,1,2011,07,19,10,39,12. ,12,00047
2503930,1,2011,07,20,11,00,24. ,08,00053
2503930,1,2011,07,20,21,58,50. ,10,00025
2503930,1,2011,07,22,08,58,50. ,11,00124
2503930,1,2011,07,22,10,36,42. ,10,00066
2503930,1,2011,07,22,14,43,35. ,06,00092
2503930,2,2011,07,23,13,35,00. ,20,00074
2503930,1,2011,07,25,00,08,11. ,11,00023
2503930,4,2011,07,25,03,51,44. ,37,00517
2503930,1,2011,07,25,20,05,30. ,13,00033
2503930,2,2011,07,27,07,18,39. ,15,00133
2503930,1,2011,07,28,20,53,23. ,12,00077
2503930,2,2011,07,29,10,59,32. ,19,00068
2503930,1,2011,07,29,19,59,02. ,12,00069
2503930,2,2011,07,29,23,53,51. ,15,00039
2503930,4,2011,07,31,03,54,03. ,44,01375
2503930,1,2011,08,02,00,23,30. ,14,00038
2503930,1,2011,08,03,03,13,48. ,11,00335
2503930,1,2011,08,04,01,32,50. ,13,00041
2503930,1,2011,08,04,10,01,30. ,09,00068
2503930,2,2011,08,05,20,16,07. ,16,00100
2503930,2,2011,08,06,18,53,25. ,16,00488
2503930,1,2011,08,06,23,45,47. ,13,00061
2503930,1,2011,08,07,12,34,59. ,11,00070
2503930,1,2011,08,07,22,33,35. ,11,00041
2503930,2,2011,08,11,22,32,15. ,15,00056
2503930,4,2011,08,12,03,22,16. ,36,00588
2503930,1,2011,08,13,23,01,14. ,12,00038
2503930,1,2011,08,14,16,38,42. ,10,00068
2503930,2,2011,08,15,15,27,20. ,17,00062
2503930,1,2011,08,15,22,31,33. ,14,00089
2503930,1,2011,08,16,19,16,20. ,12,00060
2503930,1,2011,08,17,12,05,56. ,12,00034
2503930,1,2011,08,17,20,45,20. ,12,00036
2503930,1,2011,08,18,15,19,41. ,07,00041
2503930,4,2011,08,19,14,36,53. ,37,00601
2503930,2,2011,08,20,15,52,49. ,16,00155
2503930,2,2011,08,22,06,39,57. ,15,00077
2503930,2,2011,08,22,07,05,55. ,24,00154
2503930,2,2011,08,22,17,36,55. ,18,00063
2503930,1,2011,08,22,20,24,10. ,13,00032
2503930,1,2011,08,22,21,21,41. ,12,00115
2503930,2,2011,08,23,00,26,26. ,16,00082
2503930,2,2011,08,23,07,05,01. ,18,00150
2503930,1,2011,08,23,17,27,31. ,10,00062
2503930,1,2011,08,24,05,04,59. ,07,00039
2503930,2,2011,08,25,18,23,18. ,15,00075
2503930,1,2011,08,27,09,16,58. ,12,00030
2503930,1,2011,08,27,11,35,27. ,12,00048
2503930,1,2011,08,27,11,37,25. ,09,00035
2503930,1,2011,08,27,14,05,39. ,10,00055
2503930,2,2011,08,27,23,29,40. ,19,00081
2503930,2,2011,08,27,23,34,11. ,17,00061
2503930,1,2011,08,29,01,48,10. ,11,00186
2503930,1,2011,08,29,17,07,30. ,11,00027
2503930,2,2011,08,30,03,22,10. ,16,00063
2503930,2,2011,08,30,16,33,31. ,16,00167
2503930,2,2011,09,02,02,56,20. ,15,00135
2503930,2,2011,09,04,05,17,37. ,20,00665
2503930,1,2011,09,05,11,43,42. ,09,00062
2503930,1,2011,09,05,21,14,47. ,13,00068
2503930,1,2011,09,07,02,55,20. ,11,00031
2503930,2,2011,09,08,22,38,36. ,19,00071
2503930,2,2011,09,10,15,00,40. ,23,00128
2503930,2,2011,09,10,17,54,40. ,16,00167
2503930,2,2011,09,13,02,42,54. ,15,00099
2503930,2,2011,09,14,03,07,37. ,23,00327
2503930,1,2011,09,14,23,57,11. ,09,00044
2503930,3,2011,09,15,17,00,29. ,26,00144
2503930,1,2011,09,16,05,26,56. ,10,00027
2503930,3,2011,09,16,11,03,19. ,27,00586
2503930,2,2011,09,19,03,32,53. ,17,00065
2503930,1,2011,09,20,06,35,28. ,09,00081
2503930,3,2011,09,21,22,31,04. ,30,00353
2503930,2,2011,09,23,04,59,35. ,17,00105
2503930,2,2011,09,23,17,16,05. ,16,00081
2503930,1,2011,09,26,22,46,10. ,09,00042
2503930,1,2011,09,27,02,30,43. ,08,00059
2503930,1,2011,09,27,12,57,02. ,06,00032
2503930,1,2011,09,28,02,37,18. ,10,00387
2503930,2,2011,09,28,04,48,48. ,20,01004
2503930,3,2011,09,29,19,05,11. ,31,00337
2503930,1,2011,09,30,15,35,06. ,13,00073
2503930,2,2011,10,01,06,37,26. ,17,00129
2503930,1,2011,10,04,22,00,18. ,10,00040
2503930,1,2011,10,08,01,23,43. ,08,00063
2503930,3,2011,10,10,11,46,13. ,29,00451
2503930,1,2011,10,11,11,04,44. ,11,00213
2503930,3,2011,10,13,02,44,05. ,27,00574
2503930,1,2011,10,13,03,04,43. ,14,00324
2503930,1,2011,10,14,03,09,56. ,10,00025
2503930,1,2011,10,14,19,59,40. ,07,00036
2503930,1,2011,10,15,19,29,33. ,06,00148
2503930,1,2011,10,16,05,15,41. ,14,00124
2503930,1,2011,10,16,05,55,56. ,14,00144
2503930,1,2011,10,18,13,10,41. ,07,00044
2503930,1,2011,10,18,15,44,08. ,08,00121
2503930,3,2011,10,19,16,05,04. ,31,00706
2503930,2,2011,10,19,22,46,33. ,15,00116
2503930,3,2011,10,20,06,13,55. ,30,00375
2503930,3,2011,10,20,06,21,42. ,33,00743
2503930,2,2011,10,20,20,53,52. ,24,00366
2503930,2,2011,10,22,08,19,55. ,15,00222
2503930,2,2011,10,23,06,35,27. ,17,00340
2503930,2,2011,10,25,12,54,23. ,18,00130
2503930,2,2011,10,26,02,09,02. ,21,00179
2503930,1,2011,10,26,13,19,17. ,08,00063
2503930,1,2011,10,27,10,22,56. ,12,00032
2503930,2,2011,10,29,08,47,54. ,22,00231
2503930,1,2011,10,29,09,04,05. ,14,00168
2503930,1,2011,10,29,13,13,04. ,10,00333
2503930,1,2011,10,29,15,25,20. ,11,00031
2503930,1,2011,11,01,16,47,27. ,10,00074
2503930,1,2011,11,03,19,35,06. ,10,00028
2503930,1,2011,11,05,00,45,16. ,12,00083
2503930,3,2011,11,08,03,30,38. ,29,00807
2503930,2,2011,11,08,04,05,49. ,17,00220
2503930,1,2011,11,08,10,56,52. ,12,00053
2503930,2,2011,11,09,12,05,13. ,15,00116
2503930,1,2011,11,11,18,12,03. ,10,00107
2503930,2,2011,11,13,18,05,38. ,16,00060
2503930,1,2011,11,15,22,46,06. ,14,00125
2503930,2,2011,11,19,19,06,58. ,18,00201
2503930,1,2011,11,20,02,37,31. ,14,00041
2503930,1,2011,11,20,07,43,22. ,10,00034
2503930,3,2011,11,20,10,23,48. ,30,00392
2503930,2,2011,11,20,10,25,40. ,24,00131
2503930,1,2011,11,20,10,56,47. ,10,00151
2503930,3,2011,11,24,04,24,47. ,27,00215
2503930,2,2011,11,25,11,28,27. ,15,00087
2503930,2,2011,11,26,20,09,37. ,16,00150
2503930,2,2011,11,28,00,18,53. ,20,00177
2503930,1,2011,11,28,23,33,22. ,11,00067
2503930,1,2011,11,29,08,02,39. ,10,00078
2503930,2,2011,12,02,09,51,12. ,15,00050
2503930,1,2011,12,05,04,20,40. ,08,00021
2503930,2,2011,12,05,10,01,54. ,16,00043
2503930,2,2011,12,10,00,23,22. ,16,00134
2503930,2,2011,12,10,15,09,06. ,15,00054
2503930,1,2011,12,11,06,16,48. ,12,00074
2503930,1,2011,12,12,04,51,30. ,09,00036
2503930,1,2011,12,12,14,13,56. ,11,00040
2503930,2,2011,12,12,21,33,37. ,17,00315
2503930,1,2011,12,13,06,41,05. ,09,00086
2503930,2,2011,12,19,02,20,28. ,18,00110
2503930,2,2011,12,22,05,10,41. ,18,00105
2503930,3,2011,12,24,15,14,40. ,29,00859
2503930,1,2011,12,25,04,54,46. ,13,00172
2503930,2,2011,12,25,12,37,01. ,15,00121
2503930,2,2011,12,26,13,20,31. ,17,00337
2503930,1,2011,12,28,21,30,19. ,09,00024
2503930,1,2011,12,30,01,34,13. ,12,00450
2503930,2,2011,12,30,01,56,20. ,21,00504
2503930,2,2011,12,31,08,11,10. ,21,00174
2503930,3,2012,01,01,14,30,20. ,33,00340
2503930,1,2012,01,02,05,32,03. ,12,00303
2503930,2,2012,01,02,06,40,20. ,15,00128
2503930,1,2012,01,02,17,28,52. ,09,00066
2503930,2,2012,01,05,11,22,42. ,22,00553
2503930,1,2012,01,05,11,28,26. ,10,00129
2503930,3,2012,01,05,21,37,30. ,34,01010
2503930,2,2012,01,05,22,03,33. ,17,00235
2503930,4,2012,01,05,22,13,52. ,35,01280
2503930,1,2012,01,05,22,46,23. ,09,00163
2503930,1,2012,01,06,20,57,45. ,10,00073
2503930,1,2012,01,06,22,28,36. ,14,00317
2503930,1,2012,01,07,05,48,27. ,11,00147
2503930,1,2012,01,07,06,02,27. ,08,00415
2503930,2,2012,01,07,19,43,22. ,23,00153
2503930,1,2012,01,09,13,20,30. ,11,00059
2503930,1,2012,01,09,13,48,38. ,10,00280
2503930,1,2012,01,09,17,50,30. ,09,00023
2503930,2,2012,01,12,10,40,28. ,19,00100
2503930,3,2012,01,12,12,21,01. ,29,00251
2503930,1,2012,01,12,14,38,25. ,13,00034
2503930,1,2012,01,17,12,30,49. ,07,00032
2503930,2,2012,01,18,12,10,06. ,20,00097
2503930,2,2012,01,18,18,55,42. ,19,00705
2503930,1,2012,01,18,20,12,50. ,14,00336
2503930,2,2012,01,18,22,29,29. ,21,00092
2503930,3,2012,01,23,20,45,53. ,31,00397
2503930,1,2012,01,24,17,07,56. ,10,00070
2503930,1,2012,01,25,18,30,27. ,07,00211
2503930,1,2012,01,26,05,21,46. ,12,00032
2503930,1,2012,01,26,05,43,36. ,13,00038
2503930,1,2012,01,26,21,22,28. ,12,00046
2503930,1,2012,01,27,10,09,45. ,11,00026
2503930,2,2012,01,28,14,21,00. ,20,00095
2503930,1,2012,02,05,08,59,36. ,12,00049
2503930,1,2012,02,06,07,06,00. ,13,00053
2503930,1,2012,02,08,20,36,51. ,09,00071
2503930,2,2012,02,14,12,28,18. ,20,00078
2503930,1,2012,02,14,12,30,10. ,06,00016
2503930,2,2012,02,14,15,22,20. ,19,00070
2503930,1,2012,02,14,21,41,49. ,08,00037
2503930,1,2012,02,15,15,29,00. ,12,00038
2503930,2,2012,02,17,00,30,16. ,20,00487
2503930,2,2012,02,18,23,20,40. ,15,00078
2503930,2,2012,02,19,14,54,56. ,20,00152
2503930,1,2012,02,22,13,07,30. ,08,00104
2503930,1,2012,02,25,20,39,26. ,11,00209
2503930,1,2012,02,27,16,34,53. ,09,00237
2503930,3,2012,02,28,14,21,01. ,26,00224
2503930,3,2012,02,29,18,00,20. ,25,00172
2503930,3,2012,03,01,07,32,47. ,30,00336
2503930,3,2012,03,10,02,25,38. ,27,00242
2503930,1,2012,03,11,00,40,33. ,08,00037
2503930,1,2012,03,14,05,13,08. ,06,00110
2503930,2,2012,03,14,18,10,50. ,20,00068
2503930,3,2012,03,14,21,05,31. ,29,00194
2503930,2,2012,03,16,04,20,54. ,16,00049
2503930,1,2012,03,17,20,24,47. ,09,00041
2503930,1,2012,03,19,00,45,41. ,08,00089
2503930,1,2012,03,22,03,05,56. ,12,00033
2503930,1,2012,03,22,09,25,26. ,10,00189
2503930,2,2012,03,25,22,23,00. ,20,00165
2503930,2,2012,03,27,20,01,40. ,21,00073
2503930,2,2012,03,30,13,38,48. ,22,00175
2503930,4,2012,04,01,23,04,36. ,37,00737
2503930,2,2012,04,03,09,56,58. ,20,00405
2503930,2,2012,04,12,20,20,10. ,18,00073
2503930,2,2012,04,12,23,51,09. ,23,00109
2503930,3,2012,04,13,19,10,14. ,32,00280
2503930,2,2012,04,13,21,12,16. ,18,00078
2503930,1,2012,04,14,17,46,27. ,11,00060
2503930,2,2012,04,14,19,49,04. ,17,00064
2503930,1,2012,04,14,19,51,00. ,12,00045
2503930,1,2012,04,15,00,08,13. ,11,00029
2503930,1,2012,04,15,19,37,10. ,13,00043
2503930,2,2012,04,17,21,29,25. ,15,00048
2503930,2,2012,04,19,12,33,30. ,15,00061
2503930,2,2012,04,21,18,24,17. ,18,00136
2503930,2,2012,04,22,20,00,56. ,15,00165
2503930,2,2012,04,25,05,22,40. ,18,00054
2503930,2,2012,04,26,05,45,42. ,16,00108
2503930,2,2012,04,29,19,29,18. ,17,00059
2503930,2,2012,04,29,21,17,04. ,24,00136
2503930,2,2012,04,30,09,20,55. ,15,00044
2503930,2,2012,05,05,03,04,47. ,19,00256
2503930,2,2012,05,06,05,13,14. ,15,00053
2503930,2,2012,05,08,04,00,03. ,16,00056
2503930,1,2012,05,08,14,43,28. ,12,00056
2503930,1,2012,05,13,22,34,14. ,13,00160
2503930,2,2012,05,16,01,01,31. ,15,00052
2503930,1,2012,05,18,17,19,22. ,11,00072
2503930,1,2012,05,24,00,04,30. ,11,00024
2503930,1,2012,05,24,15,43,07. ,09,00037
2503930,1,2012,05,29,01,37,20. ,12,00034
2503930,2,2012,05,31,14,49,47. ,18,00151
2503930,2,2012,06,01,17,48,39. ,16,00065
2503930,1,2012,06,06,04,32,10. ,11,00026
2503930,2,2012,06,06,18,30,08. ,15,00207
2503930,2,2012,06,08,14,23,12. ,17,00055
2503930,1,2012,06,15,14,09,59. ,10,00052
2503930,1,2012,06,15,16,32,35. ,09,00026
2503930,1,2012,06,17,16,13,46. ,13,00046
2503930,2,2012,06,18,05,33,08. ,20,00077
2503930,2,2012,06,20,07,29,09. ,16,00053
2503930,2,2012,06,21,08,56,44. ,20,00105
2503930,1,2012,06,24,13,30,16. ,11,00046
2503930,1,2012,06,28,13,55,20. ,11,00048
2503930,3,2012,06,28,14,52,03. ,29,00301
2503930,2,2012,06,29,11,05,36. ,21,00277
2503930,1,2012,07,01,13,09,56. ,05,00067
2503930,1,2012,07,02,15,23,56. ,12,00029
2503930,2,2012,07,03,11,32,57. ,24,00764
2503930,1,2012,07,04,15,03,44. ,12,00082
2503930,3,2012,07,06,02,04,35. ,32,00674
2503930,2,2012,07,06,02,53,23. ,22,00305
2503930,2,2012,07,06,08,24,22. ,16,00214
2503930,1,2012,07,16,04,31,56. ,12,00056
2503930,1,2012,07,21,12,01,49. ,14,00040
2503930,1,2012,07,22,04,34,01. ,09,00401
2503930,1,2012,07,22,11,08,55. ,10,00022
2503930,1,2012,07,22,21,33,25. ,08,00112
2503930,1,2012,08,03,22,20,12. ,09,00050
2503930,1,2012,08,04,07,42,45. ,14,00190
2503930,2,2012,08,07,13,19,06. ,19,00069
2503930,1,2012,08,11,19,30,19. ,12,00077
2503930,4,2012,08,12,18,56,28. ,37,01716
2503930,1,2012,08,12,18,57,20. ,07,00158
2503930,1,2012,08,17,15,15,46. ,14,00045
2503930,3,2012,08,17,20,37,47. ,26,00379
2503930,2,2012,08,20,20,43,10. ,16,00050
2503930,2,2012,08,21,01,43,08. ,20,00081
2503930,3,2012,08,26,03,37,14. ,29,00423
2503930,1,2012,08,27,07,58,15. ,11,00124
2503930,2,2012,08,28,22,55,46. ,17,00053
2503930,3,2012,08,30,04,05,50. ,25,00132
2503930,1,2012,08,31,23,26,36. ,12,00099
2503930,2,2012,09,01,00,31,30. ,15,00060
2503930,1,2012,09,11,08,17,46. ,13,00056
2503930,2,2012,09,14,02,22,34. ,15,00050
2503930,1,2012,09,25,11,56,09. ,10,00053
2503930,2,2012,09,30,22,39,02. ,21,00368
2503930,1,2012,09,30,22,40,00. ,14,00114
2503930,2,2012,10,02,03,41,07. ,20,00081
2503930,1,2012,10,02,05,51,08. ,11,00057
2503930,1,2012,10,02,06,27,56. ,14,00095
2503930,1,2012,10,02,07,12,16. ,10,00214
2503930,1,2012,10,03,18,40,41. ,14,00046
2503930,1,2012,10,07,08,43,20. ,10,00061
2503930,2,2012,10,12,13,57,48. ,16,00052
2503930,1,2012,10,15,05,47,11. ,12,00293
2503930,1,2012,10,17,04,35,46. ,12,00111
2503930,2,2012,10,17,09,44,07. ,16,00099
2503930,2,2012,10,24,16,05,53. ,15,00159
2503930,1,2012,10,24,16,56,50. ,06,00046
2503930,2,2012,10,25,12,52,27. ,17,00344
2503930,3,2012,10,25,19,32,50. ,25,00145
2503930,1,2012,10,26,05,25,02. ,11,00147
2503930,2,2012,11,03,07,34,36. ,16,00121
2503930,1,2012,11,05,13,31,36. ,13,00038
2503930,2,2012,11,08,08,54,34. ,19,00122
2503930,2,2012,11,09,12,52,07. ,20,00083
2503930,2,2012,11,11,14,16,25. ,16,00060
2503930,1,2012,11,22,02,43,20. ,10,00023
2503930,1,2012,11,24,00,52,21. ,11,00049
2503930,2,2012,11,24,05,22,10. ,20,00073
2503930,2,2012,11,24,10,30,43. ,15,00049
2503930,1,2012,11,24,18,00,32. ,09,00029
2503930,1,2012,11,28,00,11,28. ,08,00059
2503930,1,2012,12,03,13,57,37. ,13,00102
2503930,2,2012,12,06,16,19,17. ,15,00081
2503930,1,2012,12,06,19,17,57. ,08,00044
2503930,4,2012,12,07,17,19,09. ,39,00663
2503930,2,2012,12,07,17,32,10. ,18,00072
2503930,2,2012,12,12,09,19,51. ,21,00113
2503930,3,2012,12,15,13,27,15. ,27,00301
2503930,2,2012,12,15,14,46,22. ,23,00118
2503930,1,2012,12,18,03,46,28. ,13,00038
2503930,1,2012,12,19,03,37,02. ,11,00027
2503930,2,2012,12,21,00,31,26. ,20,00249
2503930,1,2012,12,21,17,08,12. ,09,00031
2503930,2,2012,12,29,16,19,44. ,22,00155
2503930,1,2012,12,30,00,00,36. ,14,00039
2503930,2,2012,12,30,08,05,34. ,17,00084
2503930,2,2013,01,03,04,56,37. ,24,00363
2503930,2,2013,01,04,22,53,15. ,17,00086
2503930,2,2013,01,10,21,48,36. ,18,00110
2503930,2,2013,01,14,15,54,03. ,21,00110
2503930,2,2013,01,18,13,04,36. ,17,00148
2503930,2,2013,01,19,22,20,18. ,16,00054
2503930,1,2013,01,21,11,29,55. ,13,00190
2503930,1,2013,01,22,04,47,30. ,09,00035
2503930,1,2013,01,23,17,33,32. ,10,00147
2503930,1,2013,01,24,06,31,40. ,10,00032
2503930,1,2013,01,24,20,06,58. ,12,00153
2503930,1,2013,01,25,22,33,38. ,14,00342
2503930,2,2013,01,28,03,42,03. ,22,00200
2503930,2,2013,01,31,23,53,50. ,18,00125
2503930,1,2013,02,01,01,05,22. ,10,00037
2503930,2,2013,02,02,23,20,04. ,22,00094
2503930,3,2013,02,09,13,43,17. ,30,00242
2503930,1,2013,02,16,10,33,15. ,14,00040
2503930,1,2013,02,16,13,52,03. ,08,00048
2503930,1,2013,02,22,00,34,56. ,12,00033
2503930,2,2013,02,24,13,55,20. ,24,00242
2503930,1,2013,02,25,16,24,13. ,14,00044
2503930,1,2013,03,07,01,10,13. ,12,00068
2503930,1,2013,03,07,05,43,52. ,10,00129
2503930,1,2013,03,07,07,04,44. ,11,00033
2503930,2,2013,03,18,06,53,53. ,22,00153
2503930,2,2013,03,21,14,34,46. ,23,00131
2503930,1,2013,03,31,16,47,22. ,11,00024
2503930,1,2013,04,04,13,43,10. ,13,00039
2503930,2,2013,04,06,05,01,11. ,18,00063
2503930,1,2013,04,10,13,39,21. ,13,00038
2503930,1,2013,04,14,10,22,40. ,11,00032
2503930,3,2013,04,14,22,25,10. ,26,00348
2503930,2,2013,04,17,21,04,06. ,21,00090
2503930,1,2013,04,19,12,10,40. ,13,00033
2503930,2,2013,04,21,12,25,27. ,18,00065
2503930,1,2013,04,24,15,23,24. ,11,00025
2503930,3,2013,04,25,16,16,20. ,28,00572
2503930,1,2013,04,25,16,26,46. ,12,00123
2503930,2,2013,04,29,22,02,10. ,22,00093
2503930,1,2013,05,02,09,55,30. ,11,00048
2503930,1,2013,05,05,07,17,30. ,10,00040
2503930,1,2013,05,07,10,04,50. ,11,00046
2503930,1,2013,05,13,22,59,32. ,14,00093
2503930,2,2013,05,15,18,35,09. ,15,00091
2503930,1,2013,05,16,16,40,04. ,11,00039
2503930,3,2013,05,18,14,48,10. ,30,00244
2503930,1,2013,05,21,02,28,44. ,13,00164
2503930,1,2013,05,21,03,48,39. ,14,00045
2503930,2,2013,05,24,17,33,41. ,18,00069
2503930,2,2013,05,25,11,12,07. ,21,00142
2503930,2,2013,06,04,17,33,34. ,23,00118
2503930,1,2013,06,05,09,36,34. ,12,00065
2503930,1,2013,06,06,02,50,10. ,11,00071
2503930,2,2013,06,12,12,25,26. ,21,00529
2503930,1,2013,06,16,19,45,38. ,12,00168
2503930,2,2013,06,20,09,51,00. ,15,00224
2503930,1,2013,06,20,22,19,16. ,12,00060
2503930,2,2013,07,04,00,06,25. ,18,00064
2503930,1,2013,07,05,23,29,03. ,10,00086
2503930,1,2013,07,16,10,44,14. ,11,00085
2503930,2,2013,07,20,01,39,35. ,22,00146
2503930,1,2013,07,20,15,06,50. ,14,00036
2503930,1,2013,07,21,18,53,40. ,13,00031
2503930,4,2013,07,23,12,02,14. ,43,01101
2503930,1,2013,07,23,19,48,08. ,12,00125
2503930,1,2013,07,31,06,20,58. ,07,00096
2503930,3,2013,08,04,12,29,17. ,26,00176
2503930,1,2013,08,05,13,04,55. ,14,00152
2503930,2,2013,08,10,07,56,12. ,16,00145
2503930,2,2013,08,12,21,59,43. ,19,00090
2503930,2,2013,08,13,02,18,59. ,22,00269
2503930,1,2013,08,13,04,55,19. ,09,00069
2503930,1,2013,08,13,10,53,01. ,12,00176
2503930,1,2013,08,14,14,31,42. ,09,00037
2503930,1,2013,08,19,03,59,10. ,10,00053
2503930,2,2013,08,19,04,02,23. ,16,00119
2503930,1,2013,08,22,00,28,33. ,14,00039
2503930,1,2013,08,28,17,56,01. ,10,00068
2503930,3,2013,08,29,21,45,53. ,30,01229
2503930,3,2013,09,04,09,20,50. ,33,00299
2503930,2,2013,09,05,05,19,38. ,23,00261
2503930,1,2013,09,09,09,04,33. ,08,00069
2503930,2,2013,09,10,12,15,48. ,15,00046
2503930,2,2013,09,13,04,49,45. ,23,00237
2503930,3,2013,09,19,07,44,53. ,25,00642
2503930,4,2013,09,20,02,25,12. ,43,01513
2503930,1,2013,09,20,02,30,42. ,14,00110
2503930,1,2013,09,24,02,42,13. ,05,00071
2503930,2,2013,09,27,07,37,46. ,23,00288
2503930,2,2013,09,30,22,37,50. ,17,00129
2503930,2,2013,10,02,01,08,13. ,18,00060
2503930,2,2013,10,11,17,22,12. ,19,00099
2503930,2,2013,10,12,02,43,20. ,23,00123
2503930,1,2013,10,15,13,10,37. ,09,00216
2503930,2,2013,10,17,13,32,09. ,15,00115
2503930,1,2013,10,20,00,15,04. ,13,00037
2503930,1,2013,10,20,10,07,43. ,14,00149
2503930,1,2013,10,22,10,19,10. ,13,00049
2503930,3,2013,10,26,02,12,00. ,34,00373
2503930,1,2013,10,26,06,29,02. ,13,00034
2503930,1,2013,10,28,03,13,50. ,11,00029
2503930,2,2013,10,30,12,22,12. ,21,00161
2503930,2,2013,11,03,14,25,50. ,19,00078
2503930,2,2013,11,04,22,47,33. ,15,00041
2503930,2,2013,11,07,22,18,45. ,22,00210
2503930,3,2013,11,10,07,38,13. ,28,00220
2503930,1,2013,11,16,17,15,20. ,10,00037
2503930,1,2013,11,16,20,45,20. ,11,00045
2503930,1,2013,11,19,14,10,41. ,14,00137
2503930,2,2013,11,21,12,38,20. ,20,00089
2503930,2,2013,11,22,04,58,18. ,19,00087
2503930,1,2013,11,22,12,02,50. ,09,00083
2503930,2,2013,12,03,18,17,12. ,19,00061
2503930,2,2013,12,05,03,43,41. ,15,00084
2503930,1,2013,12,06,07,58,59. ,10,00028
2503930,2,2013,12,10,05,37,30. ,15,00041
2503930,2,2013,12,14,13,06,40. ,17,00068
2503930,1,2013,12,16,04,34,14. ,10,00074
2503930,2,2013,12,21,01,11,15. ,17,00064
2503930,1,2013,12,21,10,34,58. ,11,00030
2503930,2,2013,12,25,07,42,10. ,18,00064
2503930,3,2013,12,31,10,03,08. ,27,00342
2503930,2,2014,01,01,23,39,36. ,18,00183
2503930,1,2014,01,06,02,21,37. ,14,00136
2503930,1,2014,01,09,03,57,40. ,12,00061
2503930,1,2014,02,04,09,36,04. ,09,00028
2503930,2,2014,02,08,02,18,48. ,18,00118
2503930,2,2014,02,08,11,34,34. ,19,00086
2503930,1,2014,02,11,04,15,50. ,09,00028
2503930,1,2014,03,06,14,53,25. ,11,00088
2503930,2,2014,03,09,18,09,27. ,15,00269
2503930,1,2014,03,17,18,03,12. ,13,00066
2503930,1,2014,03,26,04,54,24. ,12,00036
2503930,2,2014,03,29,10,54,37. ,21,00084
2503930,2,2014,03,30,20,12,31. ,16,00056
2503930,1,2014,04,01,13,09,20. ,08,00027
2503930,2,2014,04,03,08,23,46. ,16,00054
2503930,1,2014,04,09,00,02,40. ,12,00029
2503930,3,2014,04,13,18,16,15. ,26,00224
2503930,2,2014,04,17,03,17,58. ,23,00120
2503930,1,2014,04,18,07,53,30. ,07,00032
2503930,1,2014,04,25,08,43,45. ,09,00035
2503930,2,2014,05,05,05,19,05. ,22,00139
2503930,1,2014,05,13,08,35,40. ,10,00029
2503930,1,2014,05,13,13,21,04. ,09,00037
2503930,2,2014,05,21,04,38,13. ,16,00279
2503930,1,2014,06,01,15,34,20. ,13,00076
2503930,2,2014,06,04,02,22,45. ,16,00081
2503930,1,2014,06,07,08,59,09. ,11,00057
2503930,1,2014,06,08,14,25,31. ,10,00026
2503930,2,2014,06,09,06,11,05. ,16,00079
2503930,1,2014,06,15,02,32,50. ,12,00034
2503930,2,2014,06,16,03,19,40. ,19,00081
2503930,4,2014,06,16,05,15,02. ,37,00597
2503930,2,2014,06,17,02,43,46. ,17,00063
2503930,1,2014,06,27,06,56,00. ,11,00055
2503930,2,2014,07,10,17,59,00. ,17,00096
2503930,3,2014,07,12,04,22,29. ,30,00252
2503930,2,2014,07,16,17,24,55. ,22,00131
2503930,1,2014,07,20,10,25,48. ,14,00064
2503930,2,2014,07,30,23,57,18. ,15,00136
2503930,1,2014,08,04,09,45,55. ,09,00083
2503930,1,2014,08,21,04,40,26. ,12,00038
2503930,2,2014,08,26,11,23,23. ,15,00067
2503930,2,2014,08,29,16,35,27. ,17,00064
2503930,1,2014,08,29,18,19,55. ,08,00067
2503930,2,2014,08,31,05,44,40. ,16,00126
2503930,1,2014,09,09,07,03,16. ,11,00066
2503930,1,2014,09,10,01,54,19. ,14,00081
2503930,2,2014,09,16,12,28,51. ,24,00140
2503930,2,2014,09,24,21,46,02. ,21,00283
2503930,3,2014,09,24,22,31,12. ,30,00279
2503930,2,2014,11,08,08,55,06. ,16,00047
2503930,2,2014,11,12,09,54,01. ,15,00051
2503930,2,2014,11,12,19,08,42. ,22,00515
2503930,2,2014,11,17,08,59,39. ,18,00241
2503930,1,2014,11,19,06,16,05. ,09,00060
2503930,2,2014,11,20,10,52,00. ,24,00162
2503930,2,2014,11,20,19,06,27. ,15,00070
2503930,1,2014,11,23,01,46,21. ,12,00057
2503930,2,2014,12,03,01,00,41. ,24,00289
2503930,1,2014,12,13,21,40,12. ,14,00048
2503930,3,2014,12,20,18,30,14. ,25,00172
2503930,2,2014,12,25,08,06,23. ,16,00049
2503930,1,2014,12,31,23,23,46. ,14,00067
2503930,1,2015,01,20,07,35,49. ,13,00036
2503930,1,2015,01,22,08,05,39. ,10,00054
2503930,1,2015,01,23,18,11,32. ,13,00077
2503930,1,2015,01,26,00,24,33. ,13,00450
2503930,2,2015,01,26,07,20,28. ,15,00058
2503930,1,2015,01,30,20,32,20. ,08,00038
2503930,2,2015,02,15,09,14,49. ,15,00042
2503930,1,2015,02,17,08,07,40. ,14,00033
2503930,2,2015,02,17,13,48,10. ,15,00038
2503930,1,2015,02,18,14,01,14. ,13,00200
2503930,1,2015,02,26,10,12,16. ,12,00032
2503930,1,2015,03,12,20,03,06. ,11,00051
2503930,1,2015,03,27,21,32,20. ,11,00047
2503930,1,2015,03,30,00,22,31. ,10,00122
2503930,2,2015,04,12,14,25,35. ,15,00139
2503930,2,2015,04,16,16,39,07. ,15,00133
2503930,1,2015,04,23,02,24,05. ,10,00074
2503930,3,2015,05,03,13,03,00. ,26,00176
2503930,1,2015,05,03,17,54,05. ,12,00176
2503930,3,2015,05,13,06,13,42. ,27,00186
2503930,2,2015,05,13,22,45,20. ,18,00078
2503930,3,2015,05,15,12,30,47. ,25,00156
2503930,2,2015,05,25,14,28,33. ,24,00138
2503930,2,2015,05,30,01,07,11. ,16,00056
2503930,3,2015,05,30,20,27,10. ,28,00178
2503930,1,2015,06,09,05,44,30. ,10,00032
2503930,1,2015,06,19,09,35,40. ,09,00041
2503930,1,2015,06,22,05,30,58. ,10,00035
2503930,1,2015,06,23,21,20,45. ,09,00020
2503930,1,2015,06,27,16,57,32. ,14,00101
2503930,1,2015,06,29,19,07,39. ,10,00077
2503930,1,2015,07,10,01,15,47. ,11,00050
2503930,1,2015,07,14,22,17,05. ,12,00038
2503930,2,2015,07,21,18,17,15. ,23,00146
2503930,2,2015,07,30,17,16,17. ,18,00229
2503930,2,2015,08,03,14,30,43. ,15,00059
2503930,2,2015,08,05,20,56,20. ,21,00150
2503930,3,2015,08,06,18,22,42. ,31,00346
2503930,3,2015,08,14,05,13,47. ,27,00208
2503930,1,2015,08,16,08,44,47. ,13,00033
2503930,1,2015,08,24,14,50,03. ,12,00027
2503930,2,2015,08,28,23,46,34. ,20,00111
2503930,2,2015,09,04,01,52,52. ,15,00042
2503930,1,2015,09,06,08,53,13. ,13,00127
2503930,1,2015,09,07,01,45,25. ,13,00045
2503930,2,2015,09,12,05,49,52. ,19,00088
2503930,2,2015,09,12,11,45,06. ,16,00062
2503930,1,2015,10,19,22,27,41. ,12,00146
2503930,4,2015,10,21,15,05,00. ,37,00571
2503930,1,2015,11,05,13,06,10. ,08,00085
2503930,1,2015,11,07,22,45,10. ,13,00038
2503930,2,2015,11,19,12,39,34. ,17,00169
2503930,2,2015,11,19,18,33,10. ,24,00230
2503930,1,2015,11,20,08,16,02. ,13,00131
2503930,1,2015,11,20,15,44,44. ,08,00037
2503930,2,2015,11,22,08,20,40. ,20,00087
2503930,1,2015,12,08,01,23,06. ,11,00043
2503930,1,2015,12,25,17,03,00. ,13,00112
2503930,1,2016,01,09,00,00,47. ,08,00059
2503930,2,2016,01,15,04,29,09. ,22,00145
2503930,1,2016,01,25,02,13,30. ,10,00043
2503930,1,2016,02,01,20,28,44. ,08,00106
2503930,2,2016,02,07,10,09,56. ,18,00138
2503930,1,2016,02,07,19,27,31. ,11,00033
2503930,1,2016,02,08,01,03,39. ,14,00221
2503930,2,2016,02,14,15,29,39. ,16,00078
2503930,2,2016,02,19,22,14,20. ,17,00063
2503930,1,2016,03,21,08,03,31. ,14,00060
2503930,1,2016,03,22,14,34,28. ,12,00090
2503930,1,2016,04,18,08,24,30. ,11,00063
2503930,2,2016,04,20,21,20,00. ,20,00090
2503930,1,2016,04,27,00,02,05. ,12,00039
2503930,1,2016,05,08,08,49,50. ,09,00170
2503930,2,2016,05,16,21,23,20. ,24,00134
2503930,1,2016,05,28,18,10,51. ,06,00060
2503930,1,2016,06,10,13,16,45. ,12,00073
2503930,2,2016,06,12,07,54,50. ,21,00088
2503930,1,2016,06,21,09,54,45. ,07,00087
2503930,2,2016,06,27,07,57,30. ,19,00069
2503930,2,2016,07,09,09,54,50. ,15,00077
2503930,1,2016,07,17,13,24,35. ,12,00039
2503930,1,2016,07,19,16,28,11. ,14,00115
2503930,2,2016,07,20,07,26,04. ,16,00053
2503930,3,2016,07,27,23,47,31. ,33,00349
2503930,1,2016,08,13,12,57,14. ,06,00036
2503930,3,2016,08,15,16,04,58. ,31,00337
2503930,1,2016,08,17,05,01,10. ,10,00041
2503930,2,2016,08,19,21,07,55. ,21,00146
2503930,2,2016,08,31,05,05,27. ,18,00058
2503930,1,2016,09,07,13,29,16. ,14,00068
2503930,2,2016,09,09,20,53,30. ,18,00072
2503930,1,2016,09,09,23,18,22. ,08,00032
2503930,1,2016,09,11,12,22,35. ,13,00045
2503930,1,2016,09,13,19,13,08. ,09,00029
2503930,2,2016,10,16,16,37,30. ,17,00055
2503930,2,2016,10,16,18,31,41. ,24,00277
2503930,1,2016,10,19,05,57,07. ,12,00318
2503930,2,2016,10,20,11,50,20. ,16,00058
2503930,2,2016,11,01,16,59,45. ,18,00246
2503930,2,2016,11,12,06,43,30. ,23,00113
2503930,1,2016,11,13,23,02,27. ,14,00164
2503930,1,2016,11,15,01,16,10. ,12,00030
2503930,2,2016,11,21,06,59,57. ,15,00047
2503930,4,2016,11,22,06,00,05. ,43,00896
2503930,2,2016,11,22,06,03,00. ,17,00058
2503930,2,2016,11,22,06,04,00. ,15,00044
2503930,2,2016,11,22,06,08,30. ,17,00081
2503930,2,2016,11,22,06,10,30. ,18,00062
2503930,1,2016,11,22,06,20,51. ,12,00037
2503930,2,2016,11,22,06,28,37. ,19,00093
2503930,2,2016,11,22,06,39,50. ,18,00077
2503930,2,2016,11,22,06,42,51. ,24,00111
2503930,2,2016,11,22,06,51,10. ,19,00070
2503930,1,2016,11,22,06,52,10. ,10,00026
2503930,1,2016,11,22,08,40,10. ,14,00045
2503930,2,2016,11,22,10,31,40. ,16,00057
2503930,2,2016,11,22,10,38,10. ,16,00057
2503930,2,2016,11,22,13,26,33. ,15,00043
2503930,4,2016,11,22,23,04,12. ,39,00766
2503930,1,2016,11,22,23,20,18. ,12,00029
2503930,2,2016,11,23,02,41,20. ,17,00056
2503930,1,2016,11,23,03,13,16. ,14,00041
2503930,2,2016,11,23,06,06,06. ,18,00091
2503930,2,2016,11,23,20,02,48. ,19,00080
2503930,3,2016,11,24,06,23,49. ,33,00404
2503930,1,2016,11,24,06,26,40. ,09,00024
2503930,1,2016,11,24,09,37,42. ,09,00024
2503930,1,2016,11,24,12,12,51. ,12,00056
2503930,2,2016,11,24,13,48,28. ,20,00077
2503930,2,2016,11,25,01,56,00. ,15,00041
2503930,1,2016,11,25,09,20,25. ,14,00046
2503930,1,2016,11,27,21,50,43. ,09,00036
2503930,1,2016,11,28,07,17,15. ,10,00031
2503930,1,2016,11,30,12,33,10. ,14,00053
2503930,1,2016,12,01,11,13,01. ,10,00023
2503930,2,2016,12,04,08,34,50. ,15,00059
2503930,1,2016,12,04,14,33,31. ,12,00038
2503930,2,2016,12,04,14,36,25. ,23,00132
2503930,1,2016,12,04,20,42,40. ,09,00028
2503930,1,2016,12,08,17,16,07. ,14,00064
2503930,1,2016,12,20,01,41,29. ,14,00044
2503930,2,2016,12,24,02,25,36. ,15,00042
2503930,4,2016,12,28,21,38,56. ,38,00648
2503930,2,2016,12,28,21,53,20. ,16,00067
2503930,1,2016,12,29,13,41,18. ,08,00047
2503930,1,2016,12,30,20,55,03. ,06,00056
2503930,3,2016,12,31,05,08,42. ,26,00162
2503930,4,2017,01,05,00,44,10. ,35,00553
2503930,3,2017,01,05,02,53,33. ,31,00311
2503930,1,2017,01,08,13,15,52. ,14,00094
2503930,1,2017,01,18,17,19,39. ,09,00083
2503930,1,2017,02,07,20,04,05. ,08,00040
2503930,2,2017,02,11,06,05,46. ,19,00100
2503930,2,2017,02,19,18,19,50. ,21,00081
2503930,1,2017,02,26,23,54,58. ,11,00063
2503930,3,2017,02,27,00,03,44. ,25,00202
2503930,4,2017,02,28,16,49,17. ,39,00643
2503930,1,2017,03,01,15,43,21. ,14,00067
2503930,1,2017,03,05,10,19,30. ,10,00023
2503930,2,2017,03,05,19,04,50. ,20,00086
2503930,1,2017,03,06,06,11,29. ,14,00256
2503930,3,2017,03,12,04,58,04. ,28,00193
2503930,2,2017,04,09,07,20,30. ,21,00090
2503930,1,2017,04,12,03,11,10. ,11,00041
2503930,1,2017,04,20,02,13,50. ,13,00051
2503930,1,2017,04,20,02,15,57. ,09,00022
2503930,1,2017,04,20,04,46,20. ,11,00067
2503930,1,2017,04,23,19,09,36. ,13,00041
2503930,2,2017,05,04,06,20,20. ,15,00196
2503930,1,2017,05,04,08,32,42. ,11,00225
2503930,3,2017,06,19,05,51,30. ,34,00807
2503930,1,2017,06,19,12,40,35. ,14,00253
2503930,2,2017,07,07,01,46,41. ,23,00643
2503930,3,2017,07,07,21,48,52. ,29,00290
2503930,1,2017,07,08,20,49,20. ,08,00030
2503930,1,2017,07,09,03,36,49. ,13,00082
2503930,1,2017,07,14,21,34,07. ,12,00344
2503930,3,2017,07,20,09,11,41. ,27,00209
2503930,3,2017,08,02,02,02,13. ,30,00410
2503930,2,2017,08,02,07,16,27. ,15,00053
2503930,1,2017,08,10,09,37,12. ,10,00025
2503930,3,2017,08,26,04,20,31. ,34,00827
2503930,2,2017,08,27,11,26,11. ,19,00183
2503930,1,2017,09,01,15,54,29. ,09,00104
2503930,1,2017,09,11,18,41,04. ,09,00052
2503930,1,2017,09,17,18,25,13. ,14,00048
2503930,2,2017,09,20,05,18,26. ,18,00081
2503930,2,2017,09,21,01,38,45. ,19,00062
2503930,2,2017,09,27,05,23,51. ,15,00038
2503930,1,2017,09,28,16,11,54. ,11,00040
2503930,2,2017,10,01,10,25,11. ,21,00205
2503930,1,2017,10,03,04,01,16. ,10,00036
2503930,1,2017,10,03,13,08,22. ,08,00062
2503930,2,2017,10,06,17,00,37. ,18,00062
2503930,4,2017,10,06,23,56,52. ,41,00986
2503930,2,2017,10,07,00,00,50. ,17,00170
2503930,1,2017,10,12,15,13,10. ,13,00033
2503930,2,2017,10,19,21,50,40. ,15,00110
2503930,2,2017,11,02,22,31,21. ,18,00112
2503930,3,2017,11,03,21,38,11. ,25,00194
2503930,2,2017,11,17,10,03,00. ,21,00084
2503930,2,2017,11,26,07,53,55. ,21,00365
2503930,1,2017,12,02,00,13,03. ,11,00060
2503930,2,2017,12,06,00,22,16. ,16,00082
2503930,2,2017,12,16,03,00,03. ,15,00041
2503930,1,2018,01,06,00,54,58. ,08,00023
2503930,1,2018,01,07,18,20,24. ,11,00051
2503930,1,2018,01,13,14,37,28. ,07,00051
2503930,1,2018,01,21,11,25,29. ,13,00114
2503930,1,2018,01,23,23,21,53. ,14,00124
2503930,2,2018,01,24,02,32,27. ,20,00120
2503930,1,2018,01,24,22,56,00. ,09,00064
2503930,1,2018,02,18,19,01,59. ,13,00058
2503930,3,2018,02,26,01,28,58. ,33,00371
2503930,1,2018,02,26,02,37,56. ,14,00050
2503930,1,2018,02,27,08,08,31. ,08,00054
2503930,2,2018,02,28,07,58,01. ,16,00056
2503930,1,2018,03,23,06,33,20. ,10,00024
2503930,3,2018,03,30,08,17,47. ,25,00357
2503930,1,2018,04,04,16,37,31. ,09,00034
2503930,1,2018,05,05,15,43,44. ,13,00075
2503930,1,2018,05,10,19,57,40. ,08,00031
2503930,1,2018,05,17,12,13,15. ,13,00033
2503930,1,2018,05,26,23,02,09. ,14,00047
2503930,3,2018,06,20,10,42,06. ,26,00713
2503930,1,2018,07,07,20,24,40. ,13,00034
2503930,1,2018,07,12,17,40,10. ,10,00030
2503930,2,2018,07,17,04,34,26. ,19,00074
2503930,1,2018,07,17,04,43,15. ,10,00050
2503930,1,2018,07,19,20,52,16. ,11,00059
2503930,3,2018,07,31,17,42,31. ,32,00393
2503930,1,2018,08,08,00,14,14. ,14,00040
2503930,2,2018,08,08,18,07,30. ,23,00174
2503930,2,2018,08,11,06,11,26. ,24,00214
2503930,1,2018,08,25,02,17,54. ,10,00052
2503930,1,2018,08,29,07,36,20. ,07,00052
2503930,3,2018,09,05,05,11,36. ,29,00286
2503930,1,2018,09,14,10,54,19. ,11,00081
2503930,1,2018,09,14,10,55,10. ,05,00020
2503930,2,2018,09,14,14,35,33. ,15,00098
2503930,1,2018,09,14,17,27,02. ,05,00040
2503930,2,2018,09,19,09,01,49. ,15,00141
2503930,2,2018,09,28,04,32,36. ,15,00123
2503930,1,2018,10,02,12,28,08. ,10,00039
2503930,2,2018,10,12,13,16,31. ,15,00049
2503930,2,2018,10,22,19,47,34. ,19,00122
2503930,2,2018,10,26,03,36,40. ,20,00091
2503930,1,2018,10,27,09,08,18. ,13,00053
2503930,2,2018,11,23,23,30,25. ,24,00214
2503930,2,2018,11,27,08,34,10. ,20,00120
2503930,3,2018,12,08,10,54,15. ,29,00245
2503930,2,2018,12,12,17,50,14. ,21,00123
2503930,1,2018,12,21,13,13,43. ,11,00068
2503930,1,2018,12,31,23,10,50. ,10,00038
2503930,2,2019,01,14,13,24,00. ,24,00132
2503930,2,2019,01,18,21,46,47. ,17,00054
2503930,1,2019,02,24,09,33,54. ,12,00038
2503930,1,2019,03,11,02,11,30. ,10,00022
2503930,1,2019,03,29,12,24,32. ,10,00065
2503930,1,2019,03,29,17,47,54. ,10,00032
2503930,1,2019,04,05,18,59,52. ,10,00025
2503930,2,2019,05,27,04,04,23. ,20,00136
2503930,3,2019,06,17,08,00,24. ,28,00279
2503930,2,2019,06,18,22,22,54. ,23,00090
2503930,1,2019,07,17,00,25,57. ,14,00077
2503930,2,2019,07,28,03,33,16. ,22,00100
2503930,4,2019,08,04,19,23,22. ,40,00721
2503930,1,2019,08,12,23,11,07. ,06,00081
2503930,2,2019,08,24,13,53,17. ,16,00050
2503930,2,2019,09,30,01,02,46. ,15,00085
2503930,2,2019,11,03,14,03,02. ,20,00156
2503930,2,2019,11,08,18,18,35. ,16,00155
2503930,1,2019,11,12,21,56,01. ,08,00048
2503930,2,2019,12,03,10,18,37. ,15,00068
2503930,2,2019,12,04,10,38,58. ,18,00117
2503930,2,2019,12,05,22,35,22. ,16,00107
2503930,1,2019,12,07,12,34,07. ,10,00052
2503930,2,2019,12,11,18,39,30. ,19,00078
2503930,3,2020,01,03,03,24,17. ,25,00136
2503930,2,2020,01,14,04,54,12. ,15,00079
2503930,2,2020,01,14,13,26,00. ,22,00116
2503930,2,2020,01,21,19,18,08. ,16,00175
2503930,2,2020,02,01,02,08,09. ,23,00113
2503930,2,2020,02,06,20,20,20. ,17,00055
2503930,4,2020,02,12,19,37,35. ,35,00519
2503930,1,2020,02,13,19,38,02. ,12,00039
2503930,1,2020,02,19,21,53,34. ,10,00104
2503930,1,2020,03,31,20,24,16. ,13,00074
2503930,2,2020,04,12,00,45,07. ,23,00127
2503930,2,2020,04,16,11,18,10. ,18,00074
2503930,1,2020,04,18,17,29,40. ,11,00024
2503930,2,2020,04,20,05,39,50. ,19,00066
2503930,1,2020,04,23,10,22,38. ,12,00088
2503930,2,2020,04,23,12,26,52. ,20,00152
2503930,2,2020,04,26,09,49,43. ,19,00079
2503930,2,2020,05,04,22,08,20. ,19,00064
2503930,1,2020,05,04,22,34,48. ,13,00069
2503930,1,2020,05,06,10,16,40. ,12,00032
2503930,2,2020,05,11,08,58,49. ,21,00115
2503930,1,2020,05,16,06,27,39. ,08,00037
2503930,2,2020,05,18,12,01,10. ,19,00071
2503930,2,2020,05,19,12,17,20. ,24,00344
2503930,3,2020,06,01,06,02,31. ,25,00204
2503930,2,2020,06,04,05,31,33. ,19,00094
2503930,1,2020,06,16,01,55,38. ,10,00049
2503930,2,2020,06,25,04,48,14. ,21,00085
2503930,2,2020,07,03,14,13,14. ,17,00107
2503930,1,2020,07,09,06,06,03. ,13,00048
2503930,1,2020,07,15,05,48,20. ,07,00059
2503930,2,2020,07,17,13,50,04. ,21,00108
2503930,2,2020,08,06,02,54,30. ,22,00083
2503930,1,2020,08,07,00,36,50. ,08,00024
2503930,2,2020,08,25,13,27,34. ,15,00351
2503930,1,2020,08,30,07,08,27. ,06,00073
2503930,1,2020,08,30,14,38,15. ,12,00043
2503930,1,2020,09,07,06,34,13. ,13,00036
2503930,1,2020,09,10,12,26,39. ,06,00031
2503930,2,2020,09,12,11,44,50. ,22,00093
2503930,1,2020,09,17,14,00,58. ,12,00062
2503930,1,2020,09,20,09,04,58. ,10,00053
2503930,1,2020,10,05,11,32,46. ,14,00071
2503930,1,2020,10,10,07,39,38. ,12,00105
2503930,1,2020,10,13,11,11,58. ,11,00156
2503930,3,2020,11,22,19,06,07. ,30,00588
2503930,1,2020,12,18,08,03,27. ,09,00064
2503930,1,2020,12,21,02,25,10. ,12,00026
2503930,1,2020,12,29,01,15,34. ,10,00062
2503930,3,2020,12,30,09,35,42. ,28,00278
2503930,1,2021,01,15,22,40,23. ,11,00039
2503930,1,2021,01,23,01,04,10. ,09,00028
2503930,2,2021,01,23,22,12,20. ,17,00100
2503930,1,2021,01,26,08,25,36. ,12,00069
2503930,1,2021,01,29,03,24,23. ,11,00071
2503930,1,2021,02,04,12,40,22. ,08,00039
2503930,A,2021,02,13,23,08,10. ,49,02025
2503930,2,2021,02,13,23,37,14. ,17,00089
2503930,3,2021,02,13,23,51,30. ,25,00180
2503930,1,2021,02,14,01,33,30. ,13,00052
2503930,2,2021,02,14,16,32,00. ,22,00156
2503930,2,2021,02,15,21,26,20. ,21,00115
2503930,1,2021,02,17,23,06,40. ,11,00037
2503930,1,2021,02,18,15,03,14. ,13,00041
2503930,2,2021,02,19,10,07,41. ,16,00082
2503930,2,2021,02,27,00,33,41. ,19,00090
2503930,1,2021,02,27,02,04,24. ,07,00031
2503930,1,2021,03,09,08,30,52. ,08,00032
2503930,2,2021,03,16,04,56,42. ,17,00074
2503930,2,2021,03,17,17,29,00. ,21,00110
2503930,4,2021,03,20,18,10,14. ,39,00622
2503930,1,2021,04,11,12,28,15. ,08,00056
2503930,1,2021,04,11,12,41,07. ,10,00103
2503930,3,2021,04,18,09,29,40. ,25,00141
2503930,2,2021,04,23,14,12,31. ,16,00137
2503930,3,2021,05,01,10,27,52. ,34,00372
2503930,2,2021,05,05,03,11,04. ,18,00073
2503930,3,2021,05,14,08,58,34. ,25,00187
2503930,2,2021,05,16,15,41,40. ,17,00059
2503930,1,2021,05,21,07,16,23. ,12,00039
2503930,2,2021,05,29,08,21,47. ,21,00087
2503930,2,2021,05,29,09,05,31. ,18,00053
2503930,2,2021,05,29,10,03,16. ,20,00075
2503930,2,2021,06,08,10,19,51. ,21,00101
2503930,1,2021,06,14,04,06,50. ,14,00071
2503930,2,2021,07,04,15,35,33. ,19,00220
2503930,1,2021,07,18,01,22,09. ,11,00051
2503930,2,2021,07,27,05,19,39. ,20,00145
2503930,1,2021,08,03,19,29,50. ,11,00026
2503930,3,2021,08,04,05,34,00. ,25,00120
2503930,2,2021,08,04,05,43,30. ,18,00058
2503930,1,2021,08,04,13,41,00. ,11,00030
2503930,1,2021,08,04,15,09,08. ,10,00023
2503930,3,2021,08,22,11,24,54. ,27,00237
2503930,2,2021,08,27,05,49,20. ,17,00103
2503930,1,2021,09,02,04,17,30. ,12,00052
2503930,2,2021,09,14,07,48,29. ,19,00065
2503930,1,2021,09,17,21,59,41. ,14,00122
2503930,1,2021,09,19,08,08,10. ,13,00065
2503930,2,2021,09,27,20,26,51. ,18,00132
2503930,1,2021,09,29,12,27,05. ,06,00070
2503930,2,2021,09,29,17,39,16. ,21,00085
2503930,2,2021,10,07,22,41,53. ,21,00086
2503930,1,2021,10,21,17,39,09. ,14,00048
2503930,2,2021,10,27,01,28,20. ,24,00123
2503930,1,2021,10,28,09,56,00. ,09,00026
2503930,3,2021,11,01,06,15,00. ,29,00305
2503930,1,2021,11,03,11,36,00. ,14,00106
2503930,4,2021,11,09,01,14,58. ,41,01960
2503930,1,2021,11,09,01,18,50. ,06,00189
2503930,1,2021,11,09,16,55,47. ,13,00200
2503930,1,2021,11,17,15,24,56. ,09,00063
2503930,1,2021,11,20,08,58,13. ,10,00024
2503930,1,2021,11,25,00,53,11. ,10,00077
2503930,1,2021,11,29,21,43,21. ,09,00028
2503930,2,2021,12,02,01,58,50. ,23,00124
2503930,2,2021,12,02,17,25,20. ,18,00066
2503930,1,2021,12,06,17,10,03. ,14,00116
2503930,2,2021,12,08,02,29,37. ,19,00268
2503930,2,2021,12,08,16,22,40. ,15,00070
2503930,1,2021,12,12,12,31,20. ,14,00048
2503930,1,2021,12,25,09,31,16. ,09,00033
