station,intensity,year,month,day,hour,minute,second,intensity_equip,acceleration_max_comb
3016031,2,1998,11,01,03,01,14. ,19,00281
3016031,2,1998,11,05,06,44,04. ,17,00189
3016031,1,1998,11,07,13,29,37. ,07,00096
3016031,2,1998,11,08,21,41,09. ,20,00132
3016031,2,1998,11,24,04,49,09. ,15,00058
3016031,2,1998,11,25,02,36,51. ,15,00056
3016031,2,1998,11,28,00,23,21. ,16,00084
3016031,1,1998,11,29,21,53,14. ,10,00054
3016031,1,1998,12,03,05,16,02. ,09,00040
3016031,1,1998,12,05,01,15,33. ,09,00084
3016031,1,1998,12,17,21,50,15. ,13,00034
3016031,1,1998,12,18,10,28,06. ,05,00045
3016031,1,1998,12,22,19,23,34. ,10,00030
3016031,1,1999,01,14,13,48,03. ,09,00027
3016031,1,1999,01,24,04,18,53. ,06,00035
3016031,2,1999,02,01,01,52,34. ,16,00064
3016031,1,1999,02,07,08,27,55. ,07,00049
3016031,1,1999,03,27,20,53,31. ,07,00037
3016031,2,1999,04,08,22,14,57. ,15,00030
3016031,1,1999,04,25,18,13,41. ,13,00043
3016031,1,1999,05,04,16,42,47. ,14,00154
3016031,1,1999,05,13,03,02,31. ,13,00032
3016031,2,1999,06,12,07,44,17. ,15,00055
3016031,1,1999,06,27,19,50,27. ,09,00064
3016031,1,1999,07,02,04,17,34. ,07,00058
3016031,2,1999,07,15,07,56,33. ,23,00093
3016031,1,1999,07,23,06,54,21. ,11,00026
3016031,2,1999,08,09,06,40,07. ,16,00070
3016031,1,1999,11,23,05,20,58. ,10,00052
3016031,1,1999,12,04,02,37,23. ,05,00034
3016031,1,1999,12,04,03,28,58. ,08,00055
3016031,3,1999,12,04,14,06,35. ,25,00149
3016031,1,1999,12,06,07,03,36. ,13,00026
3016031,1,1999,12,06,07,28,42. ,07,00030
3016031,1,1999,12,10,10,55,49. ,05,00040
3016031,1,1999,12,16,22,47,32. ,06,00033
3016031,2,1999,12,27,00,05,50. ,18,00391
3016031,1,2000,01,09,13,03,09. ,14,00065
3016031,3,2000,01,12,11,10,00. ,25,00330
3016031,1,2000,01,24,21,51,15. ,08,00027
3016031,1,2000,01,28,20,29,01. ,13,00058
3016031,2,2000,01,28,23,24,39. ,16,00050
3016031,1,2000,01,31,12,09,06. ,08,00091
3016031,1,2000,03,04,12,35,53. ,10,00096
3016031,1,2000,03,04,19,52,26. ,08,00127
3016031,1,2000,03,09,14,20,46. ,07,00057
3016031,1,2000,03,20,06,27,00. ,14,00067
3016031,1,2000,03,31,23,31,30. ,13,00070
3016031,1,2000,04,06,10,14,41. ,10,00063
3016031,3,2000,04,10,06,30,47. ,31,00388
3016031,1,2000,04,11,12,10,18. ,08,00046
3016031,2,2000,04,15,05,26,56. ,16,00241
3016031,1,2000,04,29,20,30,09. ,10,00110
3016031,3,2000,05,16,19,40,37. ,32,00528
3016031,3,2000,06,03,17,54,59. ,29,00182
3016031,1,2000,06,10,08,34,45. ,13,00030
3016031,1,2000,06,23,17,27,12. ,10,00071
3016031,1,2000,07,01,05,34,29. ,14,00046
3016031,1,2000,07,06,13,10,14. ,11,00052
3016031,1,2000,07,11,02,01,39. ,13,00101
3016031,2,2000,07,12,01,29,38. ,17,00108
3016031,1,2000,07,15,10,31,34. ,14,00026
3016031,4,2000,07,21,03,39,36. ,40,00746
3016031,1,2000,07,21,14,17,22. ,13,00032
3016031,2,2000,07,30,21,27,00. ,15,00030
3016031,2,2000,08,06,16,30,31. ,24,00092
3016031,1,2000,08,14,16,34,08. ,14,00067
3016031,2,2000,08,15,03,55,11. ,15,00142
3016031,1,2000,08,18,22,47,42. ,14,00040
3016031,1,2000,08,19,16,38,08. ,11,00116
3016031,2,2000,08,19,21,42,04. ,18,00061
3016031,1,2000,08,21,21,27,38. ,11,00131
3016031,1,2000,08,27,08,42,37. ,09,00043
3016031,1,2000,09,09,20,49,05. ,10,00060
3016031,1,2000,09,29,19,14,46. ,09,00110
3016031,1,2000,10,03,05,30,15. ,09,00071
3016031,1,2000,10,04,20,00,28. ,11,00078
3016031,1,2000,10,18,12,58,48. ,14,00051
3016031,1,2000,10,23,17,45,11. ,11,00081
3016031,1,2000,10,24,08,11,28. ,11,00039
3016031,1,2000,11,16,18,32,31. ,13,00044
3016031,1,2000,11,17,23,22,14. ,12,00173
3016031,2,2000,12,05,01,47,48. ,21,00063
3016031,1,2000,12,09,02,49,13. ,07,00035
3016031,1,2001,01,04,13,19,03. ,13,00063
3016031,1,2001,01,07,04,49,22. ,05,00044
3016031,1,2001,02,09,06,35,00. ,05,00071
3016031,1,2001,02,15,04,45,48. ,10,00046
3016031,1,2001,02,18,16,17,38. ,09,00115
3016031,2,2001,03,06,14,32,36. ,18,00175
3016031,1,2001,03,20,20,41,18. ,07,00028
3016031,1,2001,04,12,16,02,36. ,13,00054
3016031,1,2001,04,17,09,40,29. ,14,00036
3016031,1,2001,04,20,01,45,09. ,10,00100
3016031,1,2001,05,24,13,23,09. ,13,00109
3016031,1,2001,05,25,15,55,33. ,14,00035
3016031,1,2001,05,31,05,10,11. ,08,00029
3016031,2,2001,05,31,08,59,30. ,20,00236
3016031,1,2001,06,11,13,23,13. ,10,00051
3016031,2,2001,07,20,06,02,46. ,22,00282
3016031,2,2001,07,26,03,33,15. ,16,00095
3016031,2,2001,07,31,14,00,01. ,15,00036
3016031,1,2001,08,20,19,42,43. ,13,00155
3016031,1,2001,09,03,00,04,13. ,08,00043
3016031,2,2001,09,04,23,55,15. ,20,00115
3016031,1,2001,09,25,04,35,28. ,14,00112
3016031,2,2001,09,25,04,57,47. ,16,00118
3016031,2,2001,10,02,17,20,46. ,18,00070
3016031,2,2001,10,18,06,30,39. ,21,00309
3016031,1,2001,10,28,12,25,13. ,10,00064
3016031,2,2001,11,02,07,43,34. ,19,00401
3016031,2,2001,11,17,01,32,24. ,18,00095
3016031,1,2001,12,01,11,27,19. ,09,00036
3016031,2,2001,12,02,22,03,18. ,22,00115
3016031,1,2001,12,18,19,24,52. ,05,00034
3016031,1,2002,01,06,18,35,44. ,08,00070
3016031,2,2002,02,05,19,57,23. ,18,00154
3016031,2,2002,02,11,10,10,23. ,20,00076
3016031,3,2002,02,12,22,44,54. ,31,00369
3016031,1,2002,02,25,22,14,22. ,14,00154
3016031,1,2002,03,17,03,01,51. ,12,00127
3016031,1,2002,03,29,15,09,36. ,06,00058
3016031,1,2002,04,17,09,10,32. ,06,00066
3016031,1,2002,05,04,20,35,36. ,13,00042
3016031,1,2002,05,04,23,30,06. ,06,00043
3016031,1,2002,05,19,05,00,43. ,12,00050
3016031,4,2002,06,14,11,42,58. ,39,01232
3016031,1,2002,06,16,04,40,30. ,07,00036
3016031,1,2002,06,19,18,17,12. ,12,00030
3016031,3,2002,07,13,21,45,58. ,29,00412
3016031,3,2002,07,24,05,06,28. ,29,00164
3016031,2,2002,07,27,17,59,16. ,19,00288
3016031,1,2002,07,31,23,03,15. ,05,00058
3016031,1,2002,08,01,19,15,57. ,10,00103
3016031,1,2002,08,15,04,16,41. ,06,00067
3016031,1,2002,09,07,06,57,50. ,11,00067
3016031,2,2002,10,12,20,00,56. ,16,00034
3016031,1,2002,10,13,04,28,58. ,11,00080
3016031,1,2002,10,16,13,05,00. ,13,00038
3016031,2,2002,10,21,01,06,25. ,20,00110
3016031,1,2002,10,26,19,44,03. ,07,00038
3016031,2,2002,11,03,12,39,06. ,22,00069
3016031,2,2002,12,23,05,31,57. ,18,00268
3016031,2,2003,01,09,13,14,28. ,17,00142
3016031,1,2003,01,21,13,19,48. ,13,00088
3016031,2,2003,01,31,17,53,53. ,19,00245
3016031,1,2003,02,01,03,15,32. ,08,00063
3016031,1,2003,02,14,10,55,01. ,13,00085
3016031,2,2003,02,16,12,04,31. ,16,00111
3016031,2,2003,03,03,07,47,44. ,15,00037
3016031,3,2003,03,13,12,13,07. ,28,00379
3016031,2,2003,04,08,03,29,21. ,20,00054
3016031,2,2003,04,08,04,17,35. ,19,00311
3016031,2,2003,04,21,10,18,47. ,17,00108
3016031,2,2003,04,25,07,40,54. ,15,00083
3016031,1,2003,05,06,22,31,20. ,05,00061
3016031,2,2003,05,06,23,48,55. ,19,00209
3016031,2,2003,05,10,11,46,15. ,16,00070
3016031,3,2003,05,12,00,57,16. ,28,00302
3016031,2,2003,05,12,00,59,27. ,21,00108
3016031,2,2003,05,17,23,33,34. ,22,00075
3016031,1,2003,05,26,08,17,43. ,09,00071
3016031,3,2003,05,26,18,25,23. ,33,00328
3016031,1,2003,05,31,02,47,23. ,10,00080
3016031,1,2003,06,03,17,22,05. ,08,00065
3016031,3,2003,06,09,18,59,50. ,27,00281
3016031,2,2003,06,16,18,34,40. ,17,00099
3016031,2,2003,07,26,00,13,46. ,16,00048
3016031,2,2003,07,26,07,14,41. ,23,00087
3016031,1,2003,07,28,16,25,09. ,06,00030
3016031,3,2003,08,04,20,57,26. ,26,00386
3016031,1,2003,08,15,19,44,41. ,07,00036
3016031,2,2003,08,18,19,00,01. ,19,00083
3016031,1,2003,09,16,17,43,43. ,12,00094
3016031,3,2003,09,20,12,55,19. ,33,00303
3016031,1,2003,09,20,16,09,32. ,09,00084
3016031,2,2003,09,26,04,53,04. ,19,00049
3016031,2,2003,09,26,06,11,28. ,15,00029
3016031,2,2003,10,15,16,30,50. ,24,00182
3016031,1,2003,10,19,01,32,06. ,08,00070
3016031,3,2003,10,31,10,07,44. ,26,00086
3016031,1,2003,10,31,23,16,19. ,12,00039
3016031,1,2003,11,08,10,22,20. ,12,00111
3016031,3,2003,11,12,17,28,44. ,28,00305
3016031,3,2003,11,15,03,44,08. ,29,00206
3016031,2,2003,11,23,07,00,55. ,16,00065
3016031,1,2004,01,03,03,33,13. ,10,00081
3016031,1,2004,01,08,09,44,41. ,09,00095
3016031,2,2004,01,23,18,02,05. ,20,00119
3016031,2,2004,01,27,02,43,43. ,15,00198
3016031,1,2004,01,27,15,11,34. ,07,00029
3016031,2,2004,02,04,04,11,09. ,22,00219
3016031,2,2004,03,11,11,35,13. ,19,00183
3016031,1,2004,03,11,11,38,25. ,05,00044
3016031,3,2004,04,04,08,02,17. ,28,00339
3016031,1,2004,05,05,22,21,20. ,06,00061
3016031,1,2004,05,08,09,10,30. ,05,00057
3016031,2,2004,05,29,12,48,09. ,22,00081
3016031,1,2004,06,03,18,44,24. ,06,00073
3016031,1,2004,06,27,04,44,13. ,10,00034
3016031,3,2004,07,10,20,07,15. ,25,00486
3016031,2,2004,07,17,15,11,04. ,18,00057
3016031,1,2004,07,19,23,38,26. ,11,00027
3016031,1,2004,07,20,11,46,57. ,12,00128
3016031,2,2004,08,06,03,23,55. ,21,00128
3016031,2,2004,08,19,20,41,22. ,18,00113
3016031,2,2004,09,01,11,50,10. ,21,00087
3016031,4,2004,10,06,23,40,51. ,37,00841
3016031,2,2004,10,07,22,01,47. ,16,00195
3016031,1,2004,10,11,05,27,37. ,08,00058
3016031,1,2004,10,11,10,39,43. ,08,00076
3016031,2,2004,10,17,02,19,47. ,23,00123
3016031,2,2004,10,17,03,55,11. ,22,00125
3016031,3,2004,10,23,17,56,29. ,28,00154
3016031,2,2004,10,23,18,03,42. ,22,00075
3016031,2,2004,10,23,18,12,43. ,15,00038
3016031,2,2004,10,23,18,34,35. ,23,00110
3016031,1,2004,10,25,01,16,27. ,09,00033
3016031,2,2004,10,25,06,05,45. ,15,00043
3016031,1,2004,10,27,08,20,43. ,10,00131
3016031,2,2004,10,27,10,41,18. ,22,00075
3016031,2,2004,11,06,10,25,43. ,17,00186
3016031,2,2004,11,08,11,16,45. ,16,00042
3016031,1,2004,12,19,14,23,26. ,14,00048
3016031,1,2004,12,21,17,58,17. ,08,00052
3016031,2,2005,01,01,05,14,07. ,22,00207
3016031,2,2005,02,08,11,29,39. ,22,00236
3016031,4,2005,02,16,04,46,45. ,35,00612
3016031,2,2005,02,23,21,59,02. ,16,00260
3016031,1,2005,03,20,10,57,22. ,05,00047
3016031,2,2005,04,04,02,57,58. ,23,00158
3016031,3,2005,04,11,07,22,32. ,32,00231
3016031,2,2005,04,11,15,35,20. ,15,00046
3016031,1,2005,05,08,15,04,55. ,09,00069
3016031,3,2005,05,14,00,14,55. ,25,00238
3016031,1,2005,05,15,15,55,36. ,10,00054
3016031,1,2005,05,19,10,15,01. ,13,00032
3016031,1,2005,05,27,17,08,27. ,07,00033
3016031,1,2005,06,02,00,37,00. ,08,00053
3016031,1,2005,06,09,09,29,11. ,13,00051
3016031,3,2005,06,20,01,15,31. ,25,00162
3016031,2,2005,06,24,22,08,53. ,19,00103
3016031,1,2005,06,27,04,16,50. ,07,00031
3016031,2,2005,07,11,07,27,52. ,18,00118
3016031,3,2005,07,23,16,35,12. ,33,00428
3016031,2,2005,07,23,16,37,48. ,19,00103
3016031,1,2005,07,23,16,42,47. ,11,00039
3016031,3,2005,07,28,19,15,44. ,28,00419
3016031,2,2005,08,07,01,05,50. ,20,00100
3016031,2,2005,08,08,00,07,13. ,20,00081
3016031,1,2005,08,10,15,12,52. ,09,00039
3016031,4,2005,08,16,11,47,14. ,36,00389
3016031,1,2005,08,17,09,31,04. ,13,00102
3016031,1,2005,09,07,13,23,26. ,08,00075
3016031,1,2005,09,11,05,07,28. ,05,00031
3016031,3,2005,10,16,16,05,51. ,32,00611
3016031,3,2005,10,19,20,44,58. ,31,00513
3016031,2,2005,10,22,22,13,05. ,19,00112
3016031,2,2005,10,31,02,32,07. ,16,00297
3016031,2,2005,11,12,06,02,28. ,18,00147
3016031,2,2005,11,15,06,39,59. ,21,00091
3016031,1,2005,11,16,06,18,24. ,14,00064
3016031,1,2005,11,17,10,53,40. ,10,00039
3016031,2,2005,12,02,21,54,49. ,16,00141
3016031,2,2005,12,02,22,14,20. ,22,00077
3016031,2,2005,12,05,07,21,42. ,16,00036
3016031,2,2005,12,17,03,33,29. ,24,00088
3016031,3,2005,12,28,18,46,15. ,25,00398
3016031,1,2005,12,28,23,04,00. ,11,00036
3016031,1,2005,12,31,23,32,48. ,07,00039
3016031,2,2006,01,14,15,30,17. ,23,00297
3016031,1,2006,01,16,07,54,21. ,06,00049
3016031,1,2006,01,18,23,26,31. ,14,00044
3016031,1,2006,01,22,01,02,05. ,08,00053
3016031,3,2006,02,01,20,36,10. ,25,00145
3016031,2,2006,02,03,13,38,08. ,22,00077
3016031,2,2006,02,03,13,40,00. ,16,00050
3016031,1,2006,02,03,14,38,48. ,14,00056
3016031,2,2006,02,03,14,42,17. ,15,00052
3016031,1,2006,02,03,15,10,46. ,13,00043
3016031,1,2006,02,06,20,26,31. ,10,00045
3016031,1,2006,02,22,13,37,50. ,09,00032
3016031,1,2006,03,10,17,56,21. ,11,00083
3016031,2,2006,03,13,12,41,30. ,15,00240
3016031,1,2006,03,13,13,16,20. ,11,00026
3016031,1,2006,03,23,23,04,04. ,08,00041
3016031,1,2006,03,26,01,52,14. ,08,00091
3016031,2,2006,03,28,22,35,11. ,18,00054
3016031,1,2006,03,29,19,29,23. ,12,00049
3016031,2,2006,04,02,20,46,58. ,21,00255
3016031,1,2006,04,06,15,41,12. ,08,00053
3016031,1,2006,04,06,22,30,51. ,11,00035
3016031,1,2006,04,10,09,22,09. ,10,00045
3016031,2,2006,04,20,12,40,31. ,21,00242
3016031,1,2006,04,24,13,29,17. ,12,00033
3016031,1,2006,05,01,16,00,56. ,12,00099
3016031,1,2006,05,10,10,23,34. ,08,00086
3016031,1,2006,05,11,13,14,54. ,14,00178
3016031,1,2006,06,15,01,58,31. ,07,00090
3016031,1,2006,06,20,06,47,33. ,13,00055
3016031,1,2006,06,28,09,40,54. ,12,00065
3016031,3,2006,07,06,15,17,36. ,28,01322
3016031,1,2006,07,30,02,19,34. ,14,00127
3016031,1,2006,08,01,22,11,59. ,14,00173
3016031,2,2006,08,31,17,18,43. ,21,00135
3016031,2,2006,09,07,10,58,03. ,15,00081
3016031,2,2006,10,14,06,38,45. ,16,00054
3016031,1,2006,10,15,19,58,55. ,05,00047
3016031,1,2006,10,18,07,53,50. ,06,00035
3016031,1,2006,11,09,06,05,57. ,06,00067
3016031,1,2006,11,15,17,39,28. ,08,00099
3016031,1,2006,12,04,06,09,07. ,11,00031
3016031,1,2006,12,09,12,11,14. ,08,00031
3016031,1,2006,12,09,12,29,42. ,14,00052
3016031,1,2006,12,14,19,14,05. ,11,00100
3016031,1,2006,12,24,11,25,54. ,08,00047
3016031,2,2007,01,04,00,40,24. ,15,00119
3016031,1,2007,01,05,06,41,22. ,11,00068
3016031,1,2007,01,09,13,18,16. ,13,00092
3016031,1,2007,01,13,13,30,32. ,13,00029
3016031,2,2007,01,16,03,18,56. ,20,00109
3016031,1,2007,01,24,10,30,16. ,11,00071
3016031,1,2007,02,04,20,59,42. ,12,00033
3016031,1,2007,03,14,22,40,26. ,12,00025
3016031,1,2007,03,22,10,29,17. ,12,00107
3016031,1,2007,03,29,22,40,33. ,06,00051
3016031,1,2007,04,01,11,53,17. ,10,00030
3016031,1,2007,04,14,05,42,56. ,12,00060
3016031,2,2007,05,08,21,01,44. ,21,00212
3016031,1,2007,05,09,02,09,07. ,07,00099
3016031,1,2007,05,18,17,02,36. ,12,00065
3016031,1,2007,06,01,07,29,14. ,12,00086
3016031,4,2007,06,02,14,43,23. ,36,01326
3016031,1,2007,06,04,13,34,07. ,13,00157
3016031,1,2007,06,09,20,28,46. ,14,00139
3016031,1,2007,06,23,23,53,19. ,11,00085
3016031,2,2007,07,16,10,14,01. ,23,00093
3016031,2,2007,07,16,23,18,51. ,15,00056
3016031,1,2007,07,21,16,36,33. ,07,00048
3016031,1,2007,08,01,17,17,57. ,12,00049
3016031,2,2007,08,16,04,15,34. ,24,00134
3016031,1,2007,08,18,16,55,39. ,12,00041
3016031,1,2007,10,17,22,33,30. ,08,00098
3016031,1,2007,10,28,23,37,25. ,08,00047
3016031,2,2007,11,11,19,49,06. ,16,00260
3016031,2,2007,11,26,22,52,25. ,19,00074
3016031,3,2007,11,30,18,37,10. ,26,00227
3016031,2,2007,12,02,09,24,47. ,15,00223
3016031,1,2007,12,25,23,05,56. ,14,00039
3016031,1,2008,01,09,04,20,12. ,11,00143
3016031,1,2008,01,16,02,56,13. ,09,00035
3016031,1,2008,02,09,07,07,37. ,13,00061
3016031,1,2008,03,02,18,33,51. ,12,00092
3016031,3,2008,03,08,01,55,09. ,32,00504
3016031,2,2008,03,09,06,13,59. ,19,00201
3016031,1,2008,03,20,01,36,51. ,08,00077
3016031,1,2008,03,24,11,02,13. ,07,00090
3016031,3,2008,03,24,12,40,50. ,25,00151
3016031,1,2008,03,24,22,30,30. ,07,00031
3016031,1,2008,03,25,00,55,27. ,08,00047
3016031,2,2008,04,04,19,02,01. ,24,00460
3016031,1,2008,04,06,21,56,04. ,14,00070
3016031,2,2008,04,17,04,20,54. ,22,00093
3016031,3,2008,05,08,01,02,32. ,26,00135
3016031,2,2008,05,08,01,04,30. ,20,00076
3016031,1,2008,05,08,01,13,10. ,13,00031
3016031,2,2008,05,08,01,17,20. ,18,00049
3016031,4,2008,05,08,01,45,43. ,37,00530
3016031,1,2008,05,08,02,32,07. ,11,00027
3016031,1,2008,05,08,03,20,38. ,11,00029
3016031,1,2008,05,08,04,20,59. ,12,00042
3016031,1,2008,05,09,07,43,33. ,10,00038
3016031,2,2008,05,09,08,21,56. ,18,00046
3016031,1,2008,05,09,08,58,56. ,10,00110
3016031,1,2008,05,31,16,56,37. ,10,00026
3016031,1,2008,06,04,23,34,00. ,08,00080
3016031,3,2008,06,14,08,44,46. ,30,00181
3016031,1,2008,06,18,01,42,51. ,09,00165
3016031,1,2008,06,22,12,48,59. ,13,00056
3016031,2,2008,07,05,16,49,18. ,24,00351
3016031,3,2008,07,19,11,40,23. ,27,00135
3016031,3,2008,07,21,20,31,25. ,26,00102
3016031,3,2008,07,24,00,27,20. ,27,00230
3016031,1,2008,08,13,10,45,30. ,08,00052
3016031,3,2008,08,20,15,13,37. ,28,00344
3016031,3,2008,08,22,20,00,02. ,33,00845
3016031,1,2008,09,06,00,14,21. ,12,00031
3016031,1,2008,09,11,12,14,28. ,11,00056
3016031,2,2008,09,21,07,17,26. ,17,00082
3016031,1,2008,09,25,10,37,03. ,11,00152
3016031,1,2008,10,30,00,49,41. ,09,00057
3016031,1,2008,11,21,19,10,36. ,05,00042
3016031,2,2008,11,22,21,13,41. ,20,00195
3016031,1,2008,12,01,15,20,47. ,06,00064
3016031,1,2008,12,14,19,26,06. ,11,00057
3016031,2,2008,12,20,19,30,28. ,17,00037
3016031,2,2008,12,21,18,18,04. ,16,00029
3016031,1,2009,01,03,16,13,39. ,08,00041
3016031,1,2009,01,18,18,36,54. ,08,00103
3016031,1,2009,02,17,09,13,47. ,09,00031
3016031,2,2009,02,20,18,17,32. ,18,00228
3016031,1,2009,02,28,02,30,31. ,10,00112
3016031,1,2009,03,25,15,26,30. ,14,00145
3016031,1,2009,04,13,10,34,18. ,07,00066
3016031,1,2009,04,16,16,19,29. ,08,00109
3016031,1,2009,04,21,07,54,52. ,12,00028
3016031,2,2009,04,21,18,58,36. ,15,00054
3016031,2,2009,04,28,06,37,51. ,18,00113
3016031,1,2009,05,29,14,39,53. ,08,00083
3016031,2,2009,06,06,14,53,19. ,17,00045
3016031,1,2009,06,17,19,41,23. ,05,00035
3016031,1,2009,07,22,03,57,05. ,10,00079
3016031,1,2009,08,03,16,20,11. ,10,00033
3016031,3,2009,08,09,19,57,50. ,31,00314
3016031,2,2009,08,11,05,08,02. ,21,00066
3016031,2,2009,08,13,07,50,27. ,16,00045
3016031,1,2009,08,18,06,59,23. ,14,00104
3016031,1,2009,08,31,00,46,36. ,14,00058
3016031,2,2009,09,04,11,30,54. ,15,00056
3016031,1,2009,09,05,11,00,05. ,12,00078
3016031,2,2009,10,01,19,43,19. ,22,00284
3016031,1,2009,10,16,06,57,06. ,13,00161
3016031,2,2009,10,23,10,28,56. ,18,00093
3016031,1,2009,11,07,04,23,03. ,07,00046
3016031,1,2009,11,21,15,40,07. ,11,00042
3016031,1,2009,12,02,15,15,12. ,10,00032
3016031,3,2009,12,18,05,41,42. ,33,00647
3016031,1,2010,01,17,15,06,06. ,14,00047
3016031,1,2010,02,21,09,57,47. ,11,00040
3016031,3,2010,02,22,18,53,04. ,25,00334
3016031,1,2010,03,12,16,08,50. ,14,00125
3016031,2,2010,03,13,21,47,04. ,23,00158
3016031,3,2010,03,14,17,08,45. ,29,00211
3016031,1,2010,03,16,07,30,56. ,11,00038
3016031,1,2010,03,19,19,27,53. ,12,00105
3016031,2,2010,03,29,10,29,41. ,17,00131
3016031,2,2010,03,31,06,18,46. ,22,00460
3016031,1,2010,04,26,06,23,43. ,09,00056
3016031,1,2010,04,27,08,25,34. ,11,00032
3016031,2,2010,04,29,07,22,02. ,19,00154
3016031,1,2010,04,30,19,34,04. ,08,00048
3016031,1,2010,05,07,04,38,44. ,13,00098
3016031,1,2010,06,06,07,19,52. ,09,00049
3016031,3,2010,06,13,12,33,37. ,29,00381
3016031,1,2010,06,16,19,44,21. ,07,00085
3016031,2,2010,07,04,15,03,06. ,15,00083
3016031,2,2010,07,05,06,57,38. ,16,00029
3016031,1,2010,07,07,09,03,06. ,11,00099
3016031,2,2010,07,23,06,06,43. ,21,00216
3016031,2,2010,08,03,07,31,03. ,20,00229
3016031,1,2010,09,21,12,42,58. ,07,00072
3016031,1,2010,09,22,05,32,11. ,10,00070
3016031,1,2010,09,27,02,55,23. ,14,00060
3016031,2,2010,09,29,17,00,29. ,15,00056
3016031,1,2010,09,30,21,47,44. ,10,00052
3016031,1,2010,10,04,20,32,47. ,06,00044
3016031,1,2010,10,09,15,12,41. ,13,00063
3016031,1,2010,10,10,10,00,23. ,06,00042
3016031,1,2010,10,14,14,30,07. ,12,00163
3016031,1,2010,10,17,17,20,10. ,09,00039
3016031,1,2010,10,19,22,24,17. ,10,00109
3016031,2,2010,10,24,13,50,51. ,22,00443
3016031,1,2010,10,26,21,06,38. ,11,00135
3016031,1,2010,11,05,07,31,24. ,14,00050
3016031,2,2010,11,05,19,14,12. ,24,00196
3016031,2,2010,11,24,20,09,24. ,22,00312
3016031,3,2010,11,30,12,28,06. ,26,00136
3016031,1,2010,12,06,03,20,29. ,07,00030
3016031,1,2010,12,15,08,54,14. ,08,00031
3016031,1,2010,12,22,02,24,01. ,13,00028
3016031,1,2011,01,01,08,01,28. ,11,00082
3016031,1,2011,01,17,16,14,17. ,11,00073
3016031,1,2011,01,20,04,27,46. ,05,00067
3016031,1,2011,01,28,16,41,57. ,09,00211
3016031,1,2011,02,05,10,57,13. ,13,00025
3016031,1,2011,02,10,13,20,53. ,08,00035
3016031,2,2011,02,10,22,03,40. ,18,00097
3016031,1,2011,02,13,12,15,07. ,10,00102
3016031,2,2011,02,27,00,39,37. ,16,00048
3016031,1,2011,03,07,05,11,15. ,10,00210
3016031,3,2011,03,09,11,47,20. ,26,00098
3016031,2,2011,03,10,03,17,41. ,21,00052
3016031,2,2011,03,10,06,25,30. ,22,00061
3016031,C,2011,03,11,14,48,10. ,55,04032
3016031,4,2011,03,11,14,52,10. ,36,00374
3016031,3,2011,03,11,14,55,10. ,31,00472
3016031,3,2011,03,11,14,56,10. ,27,00146
3016031,3,2011,03,11,14,59,10. ,27,00195
3016031,2,2011,03,11,15,01,10. ,15,00106
3016031,2,2011,03,11,15,04,28. ,21,00082
3016031,3,2011,03,11,15,05,20. ,27,00294
3016031,3,2011,03,11,15,08,20. ,28,00184
3016031,3,2011,03,11,15,07,20. ,25,00137
3016031,3,2011,03,11,15,09,20. ,26,00210
3016031,3,2011,03,11,15,11,20. ,30,00304
3016031,3,2011,03,11,15,13,20. ,29,00357
3016031,2,2011,03,11,15,14,20. ,21,00088
3016031,A,2011,03,11,15,16,20. ,47,02156
3016031,3,2011,03,11,15,18,20. ,25,00139
3016031,3,2011,03,11,15,19,20. ,27,00282
3016031,2,2011,03,11,15,20,20. ,21,00096
3016031,2,2011,03,11,15,21,20. ,18,00142
3016031,1,2011,03,11,15,22,20. ,13,00064
3016031,2,2011,03,11,15,24,20. ,18,00065
3016031,3,2011,03,11,15,27,20. ,32,00543
3016031,3,2011,03,11,15,26,20. ,26,00277
3016031,2,2011,03,11,15,29,20. ,17,00092
3016031,2,2011,03,11,15,30,20. ,16,00118
3016031,2,2011,03,11,15,32,20. ,15,00066
3016031,2,2011,03,11,15,33,31. ,21,00081
3016031,2,2011,03,11,15,35,30. ,21,00115
3016031,2,2011,03,11,15,37,30. ,16,00088
3016031,2,2011,03,11,15,38,30. ,16,00045
3016031,1,2011,03,11,15,42,14. ,10,00034
3016031,1,2011,03,11,15,43,23. ,11,00043
3016031,3,2011,03,11,15,45,30. ,26,00696
3016031,1,2011,03,11,15,47,20. ,07,00052
3016031,1,2011,03,11,15,48,34. ,08,00068
3016031,1,2011,03,11,15,49,45. ,12,00076
3016031,1,2011,03,11,15,50,40. ,12,00063
3016031,1,2011,03,11,15,53,42. ,10,00041
3016031,2,2011,03,11,15,54,52. ,17,00216
3016031,1,2011,03,11,15,56,30. ,14,00045
3016031,2,2011,03,11,15,57,33. ,24,00112
3016031,2,2011,03,11,16,00,50. ,17,00082
3016031,1,2011,03,11,16,01,54. ,06,00037
3016031,1,2011,03,11,16,03,29. ,14,00065
3016031,1,2011,03,11,16,05,13. ,11,00057
3016031,1,2011,03,11,16,09,59. ,14,00045
3016031,1,2011,03,11,16,12,16. ,14,00047
3016031,1,2011,03,11,16,13,32. ,05,00034
3016031,2,2011,03,11,16,14,31. ,24,00081
3016031,3,2011,03,11,16,15,30. ,33,00244
3016031,2,2011,03,11,16,17,37. ,15,00060
3016031,3,2011,03,11,16,18,30. ,25,00170
3016031,1,2011,03,11,16,23,08. ,07,00080
3016031,2,2011,03,11,16,27,30. ,22,00127
3016031,2,2011,03,11,16,29,40. ,19,00071
3016031,2,2011,03,11,16,30,40. ,24,00384
3016031,2,2011,03,11,16,31,40. ,21,00091
3016031,1,2011,03,11,16,33,57. ,09,00055
3016031,2,2011,03,11,16,43,15. ,22,00188
3016031,1,2011,03,11,16,44,10. ,14,00032
3016031,2,2011,03,11,16,45,10. ,21,00116
3016031,2,2011,03,11,16,46,10. ,17,00050
3016031,2,2011,03,11,16,50,32. ,17,00051
3016031,1,2011,03,11,16,55,39. ,09,00045
3016031,2,2011,03,11,16,57,14. ,19,00061
3016031,1,2011,03,11,17,02,56. ,11,00026
3016031,1,2011,03,11,17,03,53. ,12,00046
3016031,2,2011,03,11,17,05,39. ,17,00072
3016031,2,2011,03,11,17,11,11. ,15,00060
3016031,3,2011,03,11,17,12,27. ,29,00183
3016031,1,2011,03,11,17,17,20. ,09,00049
3016031,1,2011,03,11,17,16,20. ,08,00069
3016031,3,2011,03,11,17,19,52. ,32,00232
3016031,2,2011,03,11,17,28,04. ,17,00055
3016031,2,2011,03,11,17,29,00. ,21,00079
3016031,1,2011,03,12,21,54,41. ,14,00100
3016031,2,2011,03,12,22,14,56. ,17,00051
3016031,3,2011,03,12,22,16,07. ,28,00259
3016031,1,2011,03,12,22,57,57. ,12,00037
3016031,1,2011,03,12,22,58,50. ,05,00057
3016031,2,2011,03,12,23,15,17. ,18,00123
3016031,1,2011,03,12,23,17,30. ,11,00078
3016031,2,2011,03,12,23,35,44. ,16,00039
3016031,1,2011,03,13,00,55,57. ,12,00046
3016031,1,2011,03,13,03,09,57. ,08,00052
3016031,1,2011,03,13,05,42,07. ,08,00064
3016031,2,2011,03,13,07,13,33. ,22,00093
3016031,2,2011,03,13,07,14,30. ,16,00033
3016031,1,2011,03,13,07,44,58. ,12,00044
3016031,3,2011,03,13,08,25,51. ,29,00171
3016031,1,2011,03,13,08,41,40. ,09,00035
3016031,1,2011,03,13,09,33,20. ,12,00108
3016031,1,2011,03,13,09,41,29. ,14,00134
3016031,3,2011,03,13,10,26,45. ,25,00101
3016031,2,2011,03,13,11,33,16. ,15,00047
3016031,1,2011,03,13,12,01,44. ,09,00040
3016031,1,2011,03,13,14,10,21. ,10,00052
3016031,1,2011,03,13,15,00,32. ,13,00063
3016031,1,2011,03,13,15,48,02. ,07,00035
3016031,2,2011,03,13,20,38,35. ,21,00069
3016031,1,2011,03,13,21,45,20. ,09,00047
3016031,1,2011,03,13,21,59,17. ,05,00128
3016031,1,2011,03,13,23,29,11. ,12,00076
3016031,1,2011,03,14,00,11,29. ,14,00047
3016031,1,2011,03,14,01,05,09. ,11,00030
3016031,1,2011,03,14,02,29,45. ,11,00025
3016031,1,2011,03,14,02,35,44. ,07,00073
3016031,1,2011,03,14,02,56,21. ,14,00032
3016031,1,2011,03,14,03,03,49. ,06,00047
3016031,1,2011,03,14,04,17,06. ,11,00108
3016031,1,2011,03,14,05,00,40. ,14,00040
3016031,2,2011,03,14,07,16,44. ,17,00165
3016031,1,2011,03,14,07,57,03. ,07,00054
3016031,1,2011,03,14,08,41,44. ,13,00179
3016031,1,2011,03,14,08,54,30. ,12,00027
3016031,3,2011,03,14,10,02,55. ,34,00489
3016031,2,2011,03,14,11,11,53. ,16,00079
3016031,1,2011,03,14,12,21,28. ,12,00035
3016031,2,2011,03,14,15,13,48. ,21,00063
3016031,2,2011,03,14,15,18,58. ,24,00203
3016031,2,2011,03,14,15,52,42. ,22,00186
3016031,1,2011,03,14,15,56,35. ,11,00060
3016031,1,2011,03,14,16,25,43. ,13,00113
3016031,1,2011,03,14,18,08,19. ,12,00086
3016031,2,2011,03,14,20,06,52. ,18,00086
3016031,1,2011,03,15,01,11,47. ,12,00111
3016031,1,2011,03,15,03,36,19. ,09,00071
3016031,2,2011,03,15,03,41,40. ,22,00108
3016031,1,2011,03,15,05,00,13. ,08,00040
3016031,1,2011,03,15,07,29,54. ,08,00048
3016031,1,2011,03,15,12,21,10. ,11,00054
3016031,1,2011,03,15,14,28,55. ,09,00047
3016031,1,2011,03,15,15,56,49. ,11,00053
3016031,2,2011,03,15,16,04,00. ,15,00088
3016031,1,2011,03,15,18,41,30. ,06,00032
3016031,2,2011,03,15,18,50,59. ,19,00046
3016031,1,2011,03,15,19,31,52. ,11,00032
3016031,1,2011,03,15,20,07,24. ,12,00027
3016031,1,2011,03,15,22,11,06. ,06,00081
3016031,2,2011,03,15,22,28,58. ,22,00080
3016031,2,2011,03,15,22,32,33. ,21,00077
3016031,1,2011,03,15,22,38,59. ,09,00028
3016031,1,2011,03,16,01,28,26. ,06,00116
3016031,1,2011,03,16,03,20,07. ,05,00065
3016031,1,2011,03,16,04,02,41. ,11,00033
3016031,1,2011,03,16,04,54,21. ,13,00043
3016031,1,2011,03,16,05,30,53. ,13,00026
3016031,1,2011,03,16,05,54,10. ,10,00065
3016031,1,2011,03,16,06,05,12. ,13,00033
3016031,1,2011,03,16,08,39,40. ,05,00044
3016031,1,2011,03,16,09,22,55. ,10,00090
3016031,1,2011,03,16,10,08,31. ,08,00082
3016031,3,2011,03,16,12,52,19. ,33,00617
3016031,2,2011,03,16,12,53,10. ,20,00058
3016031,2,2011,03,16,13,15,00. ,23,00217
3016031,1,2011,03,16,13,17,49. ,07,00055
3016031,1,2011,03,16,17,49,28. ,08,00060
3016031,1,2011,03,16,18,16,08. ,07,00034
3016031,1,2011,03,16,19,17,49. ,05,00169
3016031,1,2011,03,16,20,20,35. ,10,00062
3016031,3,2011,03,16,22,39,14. ,30,00257
3016031,1,2011,03,16,22,54,48. ,05,00048
3016031,1,2011,03,17,03,57,00. ,10,00058
3016031,1,2011,03,17,07,05,23. ,13,00102
3016031,1,2011,03,17,09,46,26. ,05,00033
3016031,1,2011,03,17,15,25,31. ,13,00030
3016031,2,2011,03,17,17,26,08. ,18,00054
3016031,1,2011,03,17,21,19,30. ,05,00072
3016031,2,2011,03,17,21,32,21. ,23,00116
3016031,2,2011,03,17,21,33,55. ,17,00044
3016031,1,2011,03,17,21,36,39. ,06,00032
3016031,3,2011,03,17,21,55,14. ,27,00277
3016031,1,2011,03,18,00,52,17. ,06,00057
3016031,1,2011,03,18,03,38,42. ,09,00091
3016031,2,2011,03,18,03,56,38. ,18,00038
3016031,1,2011,03,18,06,18,57. ,11,00067
3016031,2,2011,03,18,09,42,01. ,15,00042
3016031,1,2011,03,18,10,50,41. ,09,00075
3016031,1,2011,03,18,11,48,39. ,11,00042
3016031,2,2011,03,18,17,01,58. ,20,00059
3016031,1,2011,03,18,17,27,37. ,07,00043
3016031,1,2011,03,19,01,04,49. ,06,00034
3016031,1,2011,03,19,04,53,58. ,13,00036
3016031,1,2011,03,19,05,33,23. ,10,00050
3016031,1,2011,03,19,06,19,23. ,10,00041
3016031,1,2011,03,19,08,34,48. ,13,00024
3016031,2,2011,03,19,08,49,44. ,17,00102
3016031,1,2011,03,19,09,57,42. ,09,00043
3016031,1,2011,03,19,15,43,37. ,06,00034
3016031,4,2011,03,19,18,56,43. ,37,00951
3016031,1,2011,03,19,22,39,26. ,11,00191
3016031,1,2011,03,20,01,23,53. ,06,00069
3016031,1,2011,03,20,01,38,54. ,10,00031
3016031,1,2011,03,20,05,06,53. ,07,00059
3016031,1,2011,03,20,05,28,03. ,06,00193
3016031,2,2011,03,20,10,31,07. ,23,00177
3016031,1,2011,03,20,14,56,23. ,12,00054
3016031,1,2011,03,20,17,02,20. ,06,00129
3016031,1,2011,03,20,19,59,53. ,11,00078
3016031,1,2011,03,21,04,54,59. ,11,00068
3016031,1,2011,03,21,05,06,02. ,09,00066
3016031,1,2011,03,21,05,44,53. ,07,00076
3016031,1,2011,03,21,08,43,55. ,06,00032
3016031,1,2011,03,21,14,08,41. ,14,00056
3016031,1,2011,03,21,19,55,28. ,13,00068
3016031,2,2011,03,21,22,49,49. ,15,00064
3016031,1,2011,03,21,23,54,13. ,05,00046
3016031,1,2011,03,22,04,27,07. ,10,00072
3016031,1,2011,03,22,05,16,16. ,07,00062
3016031,1,2011,03,22,06,24,27. ,06,00051
3016031,1,2011,03,22,09,33,26. ,05,00128
3016031,2,2011,03,22,12,39,13. ,20,00061
3016031,1,2011,03,22,13,25,43. ,09,00140
3016031,2,2011,03,22,16,19,42. ,21,00102
3016031,2,2011,03,22,17,33,39. ,16,00109
3016031,3,2011,03,22,18,19,38. ,29,00252
3016031,1,2011,03,22,18,46,56. ,06,00036
3016031,1,2011,03,22,19,13,57. ,09,00093
3016031,2,2011,03,22,21,04,43. ,24,00084
3016031,2,2011,03,22,22,51,31. ,21,00069
3016031,1,2011,03,23,00,03,27. ,07,00091
3016031,1,2011,03,23,00,24,45. ,08,00071
3016031,1,2011,03,23,01,12,56. ,14,00033
3016031,1,2011,03,23,04,10,42. ,10,00030
3016031,3,2011,03,23,07,12,49. ,28,00295
3016031,3,2011,03,23,07,35,15. ,30,00415
3016031,3,2011,03,23,07,36,50. ,31,00481
3016031,1,2011,03,23,07,54,00. ,14,00036
3016031,1,2011,03,23,08,04,24. ,05,00044
3016031,1,2011,03,23,08,14,59. ,07,00203
3016031,1,2011,03,23,13,40,41. ,07,00071
3016031,1,2011,03,23,16,16,59. ,06,00063
3016031,1,2011,03,23,18,55,53. ,07,00045
3016031,2,2011,03,23,19,44,12. ,15,00055
3016031,1,2011,03,23,23,17,36. ,09,00196
3016031,1,2011,03,24,01,54,50. ,08,00061
3016031,2,2011,03,24,05,33,10. ,19,00295
3016031,2,2011,03,24,05,43,31. ,18,00137
3016031,3,2011,03,24,08,56,58. ,31,00551
3016031,1,2011,03,24,14,03,58. ,13,00097
3016031,1,2011,03,24,16,04,40. ,10,00028
3016031,2,2011,03,24,17,22,27. ,22,00072
3016031,1,2011,03,25,02,08,45. ,12,00094
3016031,1,2011,03,25,03,14,17. ,10,00138
3016031,1,2011,03,25,03,17,18. ,09,00060
3016031,2,2011,03,25,20,37,48. ,17,00053
3016031,1,2011,03,26,00,46,33. ,10,00091
3016031,1,2011,03,26,05,52,36. ,06,00055
3016031,1,2011,03,26,14,02,52. ,07,00067
3016031,1,2011,03,26,16,19,59. ,11,00055
3016031,1,2011,03,26,16,52,59. ,09,00038
3016031,1,2011,03,26,16,56,58. ,13,00053
3016031,1,2011,03,26,19,20,03. ,09,00025
3016031,1,2011,03,26,19,30,30. ,09,00067
3016031,1,2011,03,26,19,43,05. ,10,00030
3016031,1,2011,03,26,23,11,21. ,08,00073
3016031,1,2011,03,26,23,19,29. ,08,00042
3016031,1,2011,03,27,01,07,17. ,09,00057
3016031,1,2011,03,27,04,53,01. ,05,00122
3016031,1,2011,03,27,14,33,00. ,06,00046
3016031,1,2011,03,27,18,49,32. ,05,00031
3016031,1,2011,03,28,00,18,48. ,13,00031
3016031,2,2011,03,28,06,12,02. ,15,00116
3016031,2,2011,03,28,07,24,51. ,23,00109
3016031,1,2011,03,28,10,52,34. ,06,00038
3016031,1,2011,03,29,16,05,42. ,06,00038
3016031,3,2011,03,29,19,55,28. ,28,00122
3016031,1,2011,03,29,20,14,11. ,08,00211
3016031,1,2011,03,29,21,25,07. ,07,00083
3016031,1,2011,03,30,02,46,08. ,06,00082
3016031,1,2011,03,30,06,04,32. ,08,00142
3016031,1,2011,03,30,17,53,08. ,06,00051
3016031,1,2011,03,30,21,52,22. ,14,00031
3016031,2,2011,03,30,22,19,20. ,22,00404
3016031,1,2011,03,31,16,17,11. ,14,00028
3016031,1,2011,04,01,02,22,13. ,05,00031
3016031,1,2011,04,01,08,22,32. ,05,00045
3016031,1,2011,04,01,17,35,00. ,06,00138
3016031,1,2011,04,01,23,45,15. ,10,00030
3016031,1,2011,04,01,23,59,37. ,06,00074
3016031,1,2011,04,02,14,08,27. ,11,00079
3016031,4,2011,04,02,16,56,02. ,35,00846
3016031,1,2011,04,02,18,05,33. ,08,00065
3016031,1,2011,04,02,19,23,17. ,10,00081
3016031,1,2011,04,02,23,38,43. ,12,00044
3016031,2,2011,04,03,11,49,38. ,22,00394
3016031,2,2011,04,03,16,39,36. ,16,00087
3016031,1,2011,04,03,21,58,22. ,11,00047
3016031,1,2011,04,04,13,44,14. ,07,00042
3016031,3,2011,04,04,20,46,33. ,26,01134
3016031,1,2011,04,05,04,30,47. ,07,00038
3016031,1,2011,04,05,04,50,25. ,05,00049
3016031,1,2011,04,05,05,44,12. ,12,00196
3016031,3,2011,04,05,13,32,37. ,27,01554
3016031,1,2011,04,05,18,09,02. ,12,00096
3016031,1,2011,04,05,23,42,09. ,07,00032
3016031,1,2011,04,06,06,24,18. ,09,00120
3016031,1,2011,04,06,19,09,41. ,10,00101
3016031,2,2011,04,06,21,57,02. ,24,00229
3016031,2,2011,04,06,22,55,41. ,17,00088
3016031,2,2011,04,07,11,41,01. ,18,00182
3016031,4,2011,04,07,23,33,24. ,36,00622
3016031,1,2011,04,08,04,46,19. ,14,00217
3016031,1,2011,04,08,04,47,10. ,05,00146
3016031,1,2011,04,08,05,47,48. ,08,00062
3016031,2,2011,04,08,11,57,50. ,17,00073
3016031,1,2011,04,09,00,40,10. ,12,00064
3016031,2,2011,04,09,03,57,05. ,17,00323
3016031,1,2011,04,09,12,33,16. ,07,00102
3016031,2,2011,04,09,17,02,27. ,22,00619
3016031,1,2011,04,09,18,43,28. ,12,00050
3016031,1,2011,04,10,06,23,22. ,14,00080
3016031,2,2011,04,10,09,51,01. ,15,00150
3016031,1,2011,04,10,11,01,54. ,06,00084
3016031,1,2011,04,10,13,12,58. ,08,00044
3016031,1,2011,04,11,02,45,38. ,12,00090
3016031,1,2011,04,11,05,20,22. ,09,00064
3016031,2,2011,04,11,06,36,12. ,22,00243
3016031,2,2011,04,11,13,52,28. ,15,00091
3016031,4,2011,04,11,17,16,28. ,44,01465
3016031,3,2011,04,11,17,18,20. ,25,00277
3016031,2,2011,04,11,17,19,59. ,19,00119
3016031,1,2011,04,11,17,20,50. ,10,00040
3016031,1,2011,04,11,17,24,04. ,08,00060
3016031,2,2011,04,11,17,26,47. ,20,00158
3016031,1,2011,04,11,17,34,07. ,14,00073
3016031,1,2011,04,11,17,37,57. ,06,00049
3016031,1,2011,04,11,17,39,52. ,06,00036
3016031,2,2011,04,11,17,45,40. ,17,00113
3016031,1,2011,04,11,17,51,30. ,14,00097
3016031,2,2011,04,11,17,58,21. ,20,00172
3016031,2,2011,04,11,18,00,09. ,15,00091
3016031,3,2011,04,11,18,05,36. ,28,00327
3016031,2,2011,04,11,18,12,46. ,17,00136
3016031,1,2011,04,11,18,31,00. ,11,00051
3016031,2,2011,04,11,18,36,36. ,20,00156
3016031,1,2011,04,11,18,45,29. ,08,00046
3016031,1,2011,04,11,18,47,18. ,08,00051
3016031,1,2011,04,11,18,48,41. ,12,00056
3016031,2,2011,04,11,19,00,31. ,17,00081
3016031,1,2011,04,11,19,06,28. ,13,00031
3016031,1,2011,04,11,19,26,15. ,09,00063
3016031,1,2011,04,11,19,29,39. ,09,00054
3016031,1,2011,04,11,19,31,35. ,11,00047
3016031,1,2011,04,11,20,00,54. ,10,00057
3016031,1,2011,04,11,20,13,09. ,09,00042
3016031,1,2011,04,11,20,27,59. ,14,00048
3016031,3,2011,04,11,20,42,51. ,30,00378
3016031,2,2011,04,11,22,05,58. ,18,00115
3016031,1,2011,04,11,22,21,46. ,05,00048
3016031,1,2011,04,11,23,02,31. ,10,00060
3016031,1,2011,04,12,00,22,01. ,10,00064
3016031,1,2011,04,12,00,43,31. ,12,00080
3016031,1,2011,04,12,00,58,27. ,14,00051
3016031,1,2011,04,12,02,18,32. ,08,00066
3016031,1,2011,04,12,02,21,28. ,05,00059
3016031,1,2011,04,12,05,04,12. ,09,00030
3016031,1,2011,04,12,07,03,45. ,10,00050
3016031,1,2011,04,12,07,27,03. ,07,00030
3016031,3,2011,04,12,08,08,37. ,32,00297
3016031,2,2011,04,12,08,48,43. ,16,00103
3016031,1,2011,04,12,09,09,58. ,10,00050
3016031,3,2011,04,12,14,07,59. ,34,00674
3016031,2,2011,04,12,14,26,56. ,15,00106
3016031,2,2011,04,12,17,48,42. ,19,00145
3016031,1,2011,04,12,19,16,08. ,14,00083
3016031,2,2011,04,12,20,47,12. ,15,00246
3016031,1,2011,04,12,22,18,45. ,12,00200
3016031,1,2011,04,13,04,02,44. ,05,00039
3016031,1,2011,04,13,07,36,17. ,09,00069
3016031,1,2011,04,13,08,36,53. ,13,00054
3016031,3,2011,04,13,10,08,14. ,30,00434
3016031,1,2011,04,14,03,57,29. ,07,00046
3016031,1,2011,04,14,06,43,34. ,10,00058
3016031,2,2011,04,14,07,36,02. ,23,00298
3016031,1,2011,04,14,11,24,39. ,06,00027
3016031,3,2011,04,14,12,09,16. ,26,00223
3016031,1,2011,04,14,20,02,50. ,07,00073
3016031,1,2011,04,14,20,25,05. ,10,00037
3016031,1,2011,04,15,11,59,22. ,07,00059
3016031,4,2011,04,16,11,19,43. ,35,00757
3016031,1,2011,04,17,05,19,51. ,10,00036
3016031,2,2011,04,17,05,21,49. ,19,00130
3016031,1,2011,04,17,13,23,37. ,07,00115
3016031,1,2011,04,17,13,39,12. ,07,00077
3016031,1,2011,04,17,14,39,17. ,08,00054
3016031,1,2011,04,17,15,49,34. ,08,00073
3016031,1,2011,04,17,21,52,13. ,08,00045
3016031,1,2011,04,18,00,48,05. ,13,00065
3016031,1,2011,04,18,03,09,03. ,10,00065
3016031,1,2011,04,18,11,08,45. ,05,00037
3016031,1,2011,04,18,14,12,03. ,06,00043
3016031,1,2011,04,19,06,34,30. ,13,00034
3016031,1,2011,04,19,09,47,06. ,06,00161
3016031,1,2011,04,19,13,00,17. ,06,00063
3016031,3,2011,04,19,23,10,29. ,28,00644
3016031,1,2011,04,20,06,38,17. ,06,00132
3016031,1,2011,04,20,09,51,18. ,12,00063
3016031,1,2011,04,20,17,30,54. ,10,00056
3016031,1,2011,04,21,00,30,00. ,12,00164
3016031,1,2011,04,21,05,32,37. ,05,00143
3016031,3,2011,04,21,22,37,21. ,31,00244
3016031,1,2011,04,21,22,47,39. ,10,00031
3016031,1,2011,04,21,22,54,28. ,10,00027
3016031,2,2011,04,22,01,11,50. ,21,00135
3016031,1,2011,04,22,01,15,43. ,07,00042
3016031,1,2011,04,22,10,17,43. ,11,00265
3016031,2,2011,04,23,00,25,51. ,18,00085
3016031,1,2011,04,23,08,15,50. ,10,00043
3016031,1,2011,04,23,19,13,44. ,12,00073
3016031,2,2011,04,23,23,31,41. ,17,00278
3016031,2,2011,04,24,12,25,19. ,16,00194
3016031,1,2011,04,24,19,10,21. ,07,00049
3016031,1,2011,04,24,20,04,04. ,06,00058
3016031,2,2011,04,25,18,00,34. ,19,00239
3016031,1,2011,04,26,00,13,48. ,07,00037
3016031,1,2011,04,26,11,27,41. ,07,00044
3016031,1,2011,04,26,13,02,32. ,13,00039
3016031,4,2011,04,26,21,12,10. ,36,02107
3016031,2,2011,04,28,18,28,24. ,22,00135
3016031,1,2011,04,30,02,04,47. ,10,00041
3016031,2,2011,04,30,14,06,56. ,17,00117
3016031,1,2011,04,30,14,47,41. ,09,00058
3016031,1,2011,04,30,15,04,56. ,11,00036
3016031,3,2011,05,01,02,12,12. ,25,00238
3016031,1,2011,05,01,08,08,38. ,12,00099
3016031,1,2011,05,01,08,24,48. ,07,00035
3016031,1,2011,05,01,10,45,30. ,13,00140
3016031,1,2011,05,01,11,49,10. ,10,00060
3016031,1,2011,05,01,18,36,45. ,13,00195
3016031,1,2011,05,02,09,49,30. ,07,00045
3016031,1,2011,05,03,22,57,42. ,09,00071
3016031,1,2011,05,04,17,47,26. ,09,00087
3016031,1,2011,05,05,00,09,25. ,06,00054
3016031,1,2011,05,05,19,21,07. ,13,00088
3016031,1,2011,05,05,23,59,25. ,14,00061
3016031,2,2011,05,06,02,05,00. ,15,00060
3016031,1,2011,05,08,13,54,15. ,07,00049
3016031,1,2011,05,08,19,43,48. ,07,00032
3016031,1,2011,05,09,19,53,34. ,07,00113
3016031,1,2011,05,09,21,08,45. ,11,00044
3016031,1,2011,05,10,05,17,21. ,08,00035
3016031,1,2011,05,10,08,38,35. ,05,00056
3016031,1,2011,05,10,19,15,30. ,13,00035
3016031,2,2011,05,11,05,24,45. ,17,00075
3016031,1,2011,05,13,00,26,40. ,08,00079
3016031,1,2011,05,13,05,52,34. ,08,00046
3016031,1,2011,05,13,08,36,03. ,10,00130
3016031,1,2011,05,14,01,28,23. ,10,00068
3016031,2,2011,05,14,06,49,49. ,15,00115
3016031,2,2011,05,14,08,36,25. ,24,00154
3016031,1,2011,05,15,00,02,31. ,07,00034
3016031,1,2011,05,15,21,15,22. ,12,00042
3016031,1,2011,05,17,00,54,15. ,09,00063
3016031,1,2011,05,17,05,31,56. ,08,00066
3016031,2,2011,05,17,22,41,11. ,15,00242
3016031,1,2011,05,18,04,34,55. ,08,00053
3016031,1,2011,05,18,16,24,39. ,06,00048
3016031,1,2011,05,18,20,48,53. ,07,00045
3016031,3,2011,05,20,09,46,39. ,25,00099
3016031,2,2011,05,20,16,29,28. ,18,00098
3016031,3,2011,05,20,17,53,14. ,26,00611
3016031,1,2011,05,21,17,52,07. ,07,00035
3016031,1,2011,05,22,00,03,34. ,05,00074
3016031,3,2011,05,22,07,06,43. ,29,00180
3016031,1,2011,05,22,23,47,38. ,06,00028
3016031,1,2011,05,24,19,18,50. ,08,00029
3016031,1,2011,05,24,20,49,39. ,14,00155
3016031,2,2011,05,25,05,36,47. ,17,00055
3016031,2,2011,05,25,09,19,27. ,19,00173
3016031,2,2011,05,26,19,56,48. ,18,00129
3016031,1,2011,05,26,20,13,14. ,05,00049
3016031,1,2011,05,27,12,34,49. ,12,00041
3016031,1,2011,05,27,17,04,37. ,11,00088
3016031,1,2011,05,27,23,39,54. ,10,00042
3016031,1,2011,05,28,10,57,49. ,11,00045
3016031,2,2011,05,28,11,14,11. ,24,00516
3016031,1,2011,05,28,21,28,48. ,05,00056
3016031,1,2011,05,29,13,23,59. ,09,00071
3016031,1,2011,05,29,18,49,43. ,08,00058
3016031,1,2011,05,30,11,35,48. ,07,00140
3016031,2,2011,05,31,04,36,52. ,15,00082
3016031,1,2011,05,31,05,39,40. ,05,00044
3016031,1,2011,05,31,16,50,37. ,12,00098
3016031,1,2011,06,01,08,20,20. ,05,00041
3016031,2,2011,06,03,09,05,55. ,18,00086
3016031,2,2011,06,03,10,33,39. ,17,00145
3016031,2,2011,06,04,01,00,36. ,24,00230
3016031,1,2011,06,04,12,00,43. ,05,00035
3016031,1,2011,06,06,21,36,30. ,06,00059
3016031,3,2011,06,09,19,38,48. ,27,00192
3016031,1,2011,06,10,17,18,55. ,10,00055
3016031,1,2011,06,11,07,37,08. ,11,00032
3016031,1,2011,06,11,15,19,22. ,06,00042
3016031,1,2011,06,11,15,34,41. ,08,00034
3016031,1,2011,06,12,09,38,23. ,07,00048
3016031,1,2011,06,12,17,10,08. ,12,00078
3016031,2,2011,06,14,22,07,44. ,17,00060
3016031,1,2011,06,18,13,39,34. ,13,00066
3016031,1,2011,06,18,18,58,09. ,10,00053
3016031,3,2011,06,18,20,31,38. ,26,00167
3016031,1,2011,06,20,03,59,12. ,05,00031
3016031,1,2011,06,20,11,03,58. ,06,00067
3016031,2,2011,06,21,17,50,20. ,16,00050
3016031,2,2011,06,23,03,19,13. ,15,00148
3016031,2,2011,06,23,06,52,52. ,20,00044
3016031,1,2011,06,24,10,00,34. ,08,00156
3016031,1,2011,06,24,15,55,01. ,07,00043
3016031,1,2011,06,25,16,06,28. ,09,00067
3016031,1,2011,06,25,18,59,43. ,10,00079
3016031,1,2011,06,26,07,58,35. ,09,00106
3016031,1,2011,06,28,00,05,16. ,08,00039
3016031,1,2011,06,30,19,23,34. ,09,00034
3016031,1,2011,07,01,20,04,18. ,09,00040
3016031,1,2011,07,04,12,25,04. ,05,00039
3016031,1,2011,07,04,20,00,25. ,07,00033
3016031,1,2011,07,05,16,52,25. ,05,00034
3016031,2,2011,07,07,00,15,36. ,21,00083
3016031,1,2011,07,07,12,01,00. ,05,00086
3016031,2,2011,07,08,03,36,03. ,23,00236
3016031,3,2011,07,10,09,58,00. ,28,00229
3016031,1,2011,07,10,13,18,36. ,06,00077
3016031,1,2011,07,15,17,53,56. ,05,00040
3016031,3,2011,07,15,21,01,21. ,34,00551
3016031,1,2011,07,16,14,18,16. ,07,00047
3016031,1,2011,07,16,17,56,52. ,14,00186
3016031,1,2011,07,16,17,57,59. ,12,00178
3016031,1,2011,07,17,09,56,13. ,08,00042
3016031,1,2011,07,22,10,36,30. ,10,00137
3016031,2,2011,07,23,23,22,36. ,15,00269
3016031,3,2011,07,25,03,52,01. ,27,00200
3016031,1,2011,07,25,04,16,54. ,06,00032
3016031,2,2011,07,25,20,55,34. ,15,00031
3016031,1,2011,07,26,05,35,49. ,06,00068
3016031,1,2011,07,29,10,59,40. ,09,00037
3016031,1,2011,07,29,19,59,19. ,10,00063
3016031,2,2011,07,29,23,54,10. ,21,00066
3016031,4,2011,07,31,03,54,11. ,36,00762
3016031,1,2011,08,01,13,30,06. ,12,00031
3016031,2,2011,08,01,23,59,14. ,15,00034
3016031,1,2011,08,02,12,38,06. ,08,00044
3016031,1,2011,08,03,04,26,26. ,09,00049
3016031,1,2011,08,05,02,45,56. ,10,00051
3016031,1,2011,08,05,20,16,36. ,12,00047
3016031,1,2011,08,05,21,28,15. ,06,00050
3016031,1,2011,08,06,16,15,37. ,12,00028
3016031,2,2011,08,07,12,35,03. ,19,00132
3016031,1,2011,08,10,15,17,44. ,08,00200
3016031,1,2011,08,11,10,26,50. ,07,00048
3016031,1,2011,08,11,22,32,39. ,10,00041
3016031,3,2011,08,12,03,22,25. ,30,00363
3016031,1,2011,08,14,16,38,50. ,06,00054
3016031,2,2011,08,15,15,26,58. ,19,00271
3016031,1,2011,08,15,16,18,56. ,06,00035
3016031,1,2011,08,16,19,16,35. ,14,00088
3016031,2,2011,08,17,09,23,29. ,18,00190
3016031,1,2011,08,17,10,51,35. ,08,00089
3016031,1,2011,08,17,20,45,34. ,10,00040
3016031,1,2011,08,18,01,32,57. ,05,00046
3016031,2,2011,08,19,00,39,57. ,18,00357
3016031,3,2011,08,19,14,37,06. ,29,00292
3016031,1,2011,08,22,00,37,51. ,08,00030
3016031,1,2011,08,22,06,40,15. ,08,00063
3016031,1,2011,08,22,07,06,20. ,06,00032
3016031,1,2011,08,22,11,21,36. ,05,00055
3016031,2,2011,08,22,17,36,32. ,19,00104
3016031,2,2011,08,22,20,24,15. ,21,00056
3016031,1,2011,08,23,17,27,49. ,06,00065
3016031,1,2011,08,26,21,26,15. ,10,00312
3016031,1,2011,08,27,11,35,46. ,10,00048
3016031,2,2011,08,27,14,05,45. ,16,00097
3016031,1,2011,08,30,03,22,21. ,10,00049
3016031,1,2011,08,31,02,21,10. ,07,00063
3016031,2,2011,08,31,18,33,16. ,20,00100
3016031,1,2011,09,01,11,50,58. ,05,00042
3016031,1,2011,09,01,21,41,46. ,05,00173
3016031,1,2011,09,02,19,48,08. ,07,00066
3016031,2,2011,09,04,05,53,05. ,15,00076
3016031,2,2011,09,05,17,04,37. ,15,00113
3016031,1,2011,09,07,02,55,38. ,10,00031
3016031,1,2011,09,08,17,22,53. ,10,00082
3016031,1,2011,09,08,22,39,02. ,12,00043
3016031,3,2011,09,10,15,00,43. ,31,00541
3016031,1,2011,09,11,19,09,53. ,14,00063
3016031,1,2011,09,13,02,42,55. ,12,00123
3016031,3,2011,09,15,17,00,32. ,29,00257
3016031,1,2011,09,17,18,05,11. ,05,00058
3016031,1,2011,09,19,03,33,23. ,11,00039
3016031,1,2011,09,19,18,36,43. ,11,00134
3016031,1,2011,09,19,18,38,52. ,08,00128
3016031,3,2011,09,21,22,31,09. ,26,00423
3016031,2,2011,09,23,05,00,03. ,18,00123
3016031,2,2011,09,23,17,16,08. ,16,00102
3016031,1,2011,09,26,22,46,29. ,08,00033
3016031,1,2011,09,27,12,57,19. ,06,00049
3016031,1,2011,09,28,20,26,06. ,06,00213
3016031,1,2011,09,29,04,18,54. ,07,00038
3016031,3,2011,09,29,19,05,35. ,25,00157
3016031,1,2011,10,04,22,00,47. ,14,00060
3016031,1,2011,10,09,01,08,59. ,11,00114
3016031,2,2011,10,10,11,46,30. ,21,00172
3016031,1,2011,10,14,18,27,17. ,11,00048
3016031,1,2011,10,15,11,55,37. ,05,00035
3016031,1,2011,10,19,16,05,30. ,12,00065
3016031,1,2011,10,20,06,14,23. ,09,00040
3016031,1,2011,10,20,06,22,09. ,12,00045
3016031,1,2011,10,26,02,09,16. ,14,00121
3016031,1,2011,10,26,13,19,15. ,07,00065
3016031,3,2011,11,03,19,34,40. ,25,00256
3016031,1,2011,11,04,11,59,49. ,11,00041
3016031,1,2011,11,09,04,21,25. ,06,00081
3016031,1,2011,11,09,14,24,53. ,08,00098
3016031,2,2011,11,20,10,23,52. ,21,00230
3016031,1,2011,11,20,10,26,12. ,10,00050
3016031,2,2011,11,24,04,25,01. ,22,00163
3016031,1,2011,11,27,13,06,30. ,08,00079
3016031,2,2011,11,28,23,33,19. ,18,00211
3016031,1,2011,12,01,09,59,04. ,06,00055
3016031,2,2011,12,03,05,55,59. ,19,00070
3016031,1,2011,12,05,10,02,07. ,11,00029
3016031,1,2011,12,08,07,12,07. ,11,00053
3016031,1,2011,12,10,13,19,52. ,11,00046
3016031,1,2011,12,11,20,16,24. ,10,00142
3016031,1,2011,12,12,04,51,25. ,10,00115
3016031,2,2011,12,12,14,13,33. ,16,00119
3016031,1,2011,12,15,07,46,08. ,08,00076
3016031,1,2011,12,16,15,12,13. ,14,00096
3016031,1,2011,12,17,22,51,15. ,05,00034
3016031,1,2011,12,20,02,23,47. ,05,00034
3016031,1,2011,12,20,02,24,57. ,12,00056
3016031,1,2011,12,22,05,11,03. ,13,00101
3016031,1,2011,12,22,17,41,58. ,10,00033
3016031,2,2011,12,23,23,44,16. ,16,00399
3016031,1,2011,12,25,12,37,18. ,07,00052
3016031,1,2011,12,31,08,11,27. ,13,00109
3016031,3,2012,01,01,14,29,30. ,33,00369
3016031,1,2012,01,03,03,29,13. ,12,00029
3016031,1,2012,01,07,19,43,49. ,11,00051
3016031,1,2012,01,09,17,50,51. ,11,00038
3016031,2,2012,01,12,10,40,23. ,17,00100
3016031,2,2012,01,12,12,21,13. ,24,00190
3016031,1,2012,01,12,18,38,05. ,06,00038
3016031,1,2012,01,15,00,45,55. ,07,00088
3016031,2,2012,01,17,12,30,24. ,21,00459
3016031,1,2012,01,18,10,25,22. ,10,00044
3016031,1,2012,01,19,22,10,16. ,07,00040
3016031,1,2012,01,22,10,20,35. ,08,00089
3016031,2,2012,01,23,20,46,10. ,19,00138
3016031,2,2012,01,27,13,19,44. ,19,00152
3016031,1,2012,01,27,14,28,03. ,05,00032
3016031,1,2012,01,28,07,43,53. ,12,00047
3016031,2,2012,01,28,14,21,30. ,15,00037
3016031,1,2012,02,02,02,01,57. ,08,00233
3016031,1,2012,02,04,19,21,52. ,09,00082
3016031,2,2012,02,05,08,59,22. ,19,00180
3016031,1,2012,02,06,07,06,11. ,13,00030
3016031,2,2012,02,07,22,38,16. ,16,00069
3016031,1,2012,02,08,06,41,48. ,05,00038
3016031,1,2012,02,11,07,07,42. ,06,00231
3016031,2,2012,02,11,10,27,06. ,16,00285
3016031,2,2012,02,14,12,28,28. ,19,00047
3016031,2,2012,02,14,15,22,34. ,23,00085
3016031,1,2012,02,16,02,32,42. ,14,00070
3016031,2,2012,02,18,23,20,44. ,18,00095
3016031,3,2012,02,19,14,55,02. ,29,00421
3016031,2,2012,02,24,13,10,45. ,19,00145
3016031,1,2012,02,25,23,27,17. ,08,00060
3016031,3,2012,02,28,14,21,07. ,29,00189
3016031,2,2012,02,29,18,00,48. ,22,00126
3016031,2,2012,02,29,23,33,18. ,17,00042
3016031,4,2012,03,01,07,32,45. ,35,00973
3016031,1,2012,03,06,16,05,28. ,08,00153
3016031,2,2012,03,08,03,51,07. ,21,00315
3016031,3,2012,03,10,02,25,42. ,25,00336
3016031,2,2012,03,14,18,11,20. ,19,00083
3016031,3,2012,03,14,21,05,21. ,33,00658
3016031,1,2012,03,14,22,30,20. ,07,00043
3016031,2,2012,03,16,04,20,33. ,23,00172
3016031,1,2012,03,17,08,18,48. ,07,00028
3016031,1,2012,03,17,20,25,01. ,12,00085
3016031,1,2012,03,18,06,43,13. ,05,00032
3016031,1,2012,03,25,22,23,35. ,12,00051
3016031,1,2012,03,27,19,22,28. ,11,00044
3016031,2,2012,03,27,20,02,40. ,17,00044
3016031,1,2012,03,30,13,39,19. ,13,00050
3016031,3,2012,04,01,23,04,47. ,26,00257
3016031,1,2012,04,09,17,25,19. ,06,00058
3016031,2,2012,04,12,20,20,31. ,24,00106
3016031,2,2012,04,12,23,51,24. ,22,00092
3016031,3,2012,04,13,19,10,28. ,28,00162
3016031,1,2012,04,13,21,12,42. ,12,00038
3016031,1,2012,04,13,21,30,35. ,06,00051
3016031,1,2012,04,14,04,00,41. ,07,00097
3016031,1,2012,04,14,17,46,48. ,08,00073
3016031,1,2012,04,17,01,21,59. ,05,00071
3016031,1,2012,04,18,07,13,47. ,09,00174
3016031,2,2012,04,19,12,34,01. ,19,00053
3016031,3,2012,04,25,05,22,27. ,30,00256
3016031,1,2012,04,27,21,06,40. ,09,00147
3016031,3,2012,04,29,19,29,08. ,27,00125
3016031,1,2012,04,29,21,17,24. ,12,00056
3016031,1,2012,05,04,11,54,35. ,14,00050
3016031,1,2012,05,06,05,13,50. ,13,00027
3016031,1,2012,05,08,04,00,24. ,10,00028
3016031,3,2012,05,18,17,19,08. ,31,01794
3016031,1,2012,05,20,22,01,42. ,12,00102
3016031,1,2012,05,26,21,35,49. ,09,00163
3016031,3,2012,05,29,01,37,00. ,27,00225
3016031,1,2012,05,31,14,50,17. ,11,00045
3016031,3,2012,06,01,17,48,17. ,32,00671
3016031,2,2012,06,06,04,32,17. ,19,00047
3016031,1,2012,06,09,19,20,31. ,12,00210
3016031,1,2012,06,15,14,10,25. ,09,00046
3016031,2,2012,06,17,16,13,24. ,21,00337
3016031,2,2012,06,18,05,33,49. ,19,00040
3016031,1,2012,06,19,05,29,57. ,06,00062
3016031,1,2012,06,28,13,55,40. ,09,00031
3016031,2,2012,06,28,14,52,14. ,18,00151
3016031,2,2012,06,28,15,17,33. ,17,00727
3016031,1,2012,06,29,07,01,36. ,06,00076
3016031,2,2012,07,03,11,31,43. ,15,00042
3016031,1,2012,07,11,19,55,02. ,06,00038
3016031,2,2012,07,12,13,54,55. ,18,00380
3016031,2,2012,07,16,04,31,40. ,20,00451
3016031,1,2012,07,22,19,13,02. ,05,00138
3016031,2,2012,07,26,19,30,11. ,20,00289
3016031,1,2012,07,27,23,40,15. ,13,00176
3016031,2,2012,08,03,22,19,46. ,22,00546
3016031,1,2012,08,11,19,30,45. ,05,00049
3016031,1,2012,08,13,13,48,40. ,07,00036
3016031,1,2012,08,14,12,03,05. ,13,00024
3016031,1,2012,08,14,17,21,46. ,06,00051
3016031,1,2012,08,17,20,37,51. ,12,00103
3016031,3,2012,08,20,20,42,58. ,27,00188
3016031,1,2012,08,21,01,43,28. ,14,00049
3016031,1,2012,08,25,07,43,53. ,05,00036
3016031,3,2012,08,26,03,37,20. ,26,00374
3016031,1,2012,08,28,22,55,54. ,12,00026
3016031,2,2012,08,30,04,06,23. ,15,00044
3016031,2,2012,08,30,04,17,49. ,16,00357
3016031,1,2012,08,31,23,26,56. ,09,00054
3016031,1,2012,09,02,13,34,03. ,11,00127
3016031,1,2012,09,13,00,38,42. ,06,00046
3016031,3,2012,09,14,02,22,18. ,29,00363
3016031,1,2012,09,14,02,46,07. ,07,00059
3016031,1,2012,09,25,01,12,58. ,08,00132
3016031,1,2012,09,25,11,56,18. ,07,00047
3016031,1,2012,09,28,14,47,14. ,09,00067
3016031,1,2012,09,30,22,40,27. ,05,00044
3016031,1,2012,10,02,03,41,31. ,14,00049
3016031,1,2012,10,02,06,27,55. ,13,00102
3016031,1,2012,10,02,10,11,03. ,12,00103
3016031,1,2012,10,07,08,43,31. ,11,00080
3016031,2,2012,10,08,20,04,09. ,15,00196
3016031,1,2012,10,11,16,06,24. ,07,00175
3016031,2,2012,10,12,13,57,31. ,24,00279
3016031,1,2012,10,14,13,37,37. ,07,00057
3016031,1,2012,10,17,09,44,10. ,09,00072
3016031,1,2012,10,19,13,11,01. ,14,00240
3016031,1,2012,10,19,21,00,05. ,09,00032
3016031,2,2012,10,24,16,05,54. ,16,00205
3016031,1,2012,10,24,16,56,46. ,06,00068
3016031,2,2012,10,25,19,33,35. ,18,00063
3016031,1,2012,10,28,18,44,29. ,09,00055
3016031,2,2012,10,31,15,50,10. ,22,00757
3016031,2,2012,11,03,07,35,10. ,16,00090
3016031,1,2012,11,05,05,50,07. ,14,00119
3016031,1,2012,11,05,13,31,54. ,07,00042
3016031,1,2012,11,06,06,59,32. ,08,00062
3016031,1,2012,11,08,08,54,58. ,09,00052
3016031,3,2012,11,09,12,52,30. ,25,00096
3016031,1,2012,11,15,02,19,52. ,09,00026
3016031,1,2012,11,16,17,26,38. ,13,00031
3016031,1,2012,11,17,14,41,13. ,05,00074
3016031,2,2012,11,24,00,51,56. ,19,00413
3016031,2,2012,11,24,18,00,02. ,23,00149
3016031,1,2012,12,03,13,57,31. ,11,00107
3016031,2,2012,12,06,19,17,46. ,21,00302
3016031,1,2012,12,07,05,32,28. ,11,00055
3016031,4,2012,12,07,17,20,10. ,40,00784
3016031,2,2012,12,07,17,32,07. ,19,00103
3016031,1,2012,12,12,09,20,15. ,08,00050
3016031,2,2012,12,15,13,27,28. ,17,00106
3016031,2,2012,12,15,14,46,40. ,17,00094
3016031,2,2012,12,20,05,16,40. ,19,00123
3016031,1,2012,12,24,12,13,51. ,07,00079
3016031,2,2012,12,28,16,30,12. ,16,00335
3016031,2,2012,12,29,16,20,07. ,17,00099
3016031,1,2012,12,30,08,05,58. ,13,00047
3016031,1,2013,01,04,22,53,36. ,10,00080
3016031,1,2013,01,10,21,49,08. ,11,00047
3016031,1,2013,01,14,15,54,33. ,13,00058
3016031,1,2013,01,17,12,46,19. ,06,00168
3016031,2,2013,01,22,04,47,13. ,17,00136
3016031,1,2013,01,26,09,15,10. ,07,00033
3016031,3,2013,01,28,03,42,03. ,30,00542
3016031,1,2013,01,29,05,54,57. ,06,00060
3016031,1,2013,01,31,19,57,58. ,07,00049
3016031,2,2013,01,31,23,53,53. ,16,00136
3016031,2,2013,02,01,01,04,56. ,21,00263
3016031,2,2013,02,01,23,07,12. ,16,00090
3016031,1,2013,02,02,12,42,42. ,10,00084
3016031,2,2013,02,02,23,20,28. ,20,00074
3016031,1,2013,02,06,14,04,40. ,05,00051
3016031,2,2013,02,09,13,43,39. ,19,00101
3016031,1,2013,02,13,10,33,30. ,14,00170
3016031,1,2013,02,19,21,28,12. ,14,00029
3016031,1,2013,02,24,13,55,43. ,09,00059
3016031,2,2013,02,25,16,24,11. ,16,00088
3016031,1,2013,03,13,21,50,15. ,07,00198
3016031,2,2013,03,14,05,03,22. ,18,00091
3016031,3,2013,03,18,06,53,50. ,26,00420
3016031,2,2013,03,21,14,34,47. ,21,00349
3016031,1,2013,03,26,20,48,39. ,14,00105
3016031,2,2013,03,26,20,55,36. ,16,00124
3016031,1,2013,03,31,12,30,52. ,05,00092
3016031,2,2013,04,04,13,42,53. ,21,00140
3016031,2,2013,04,06,05,01,25. ,17,00080
3016031,2,2013,04,14,10,22,22. ,18,00135
3016031,2,2013,04,14,22,25,42. ,19,00122
3016031,2,2013,04,17,21,04,43. ,18,00065
3016031,1,2013,04,19,05,00,16. ,10,00072
3016031,1,2013,04,19,12,11,10. ,13,00031
3016031,2,2013,04,19,23,11,36. ,16,00099
3016031,2,2013,04,21,12,25,11. ,17,00046
3016031,2,2013,04,29,22,02,09. ,19,00075
3016031,1,2013,04,30,22,09,39. ,09,00096
3016031,1,2013,05,02,05,43,53. ,10,00127
3016031,1,2013,05,05,07,17,33. ,07,00033
3016031,1,2013,05,13,22,59,50. ,08,00058
3016031,1,2013,05,15,06,21,13. ,06,00137
3016031,1,2013,05,15,18,35,28. ,10,00072
3016031,2,2013,05,18,14,48,49. ,24,00109
3016031,1,2013,05,24,17,34,14. ,09,00031
3016031,1,2013,05,25,22,42,33. ,08,00047
3016031,1,2013,05,30,01,07,57. ,06,00060
3016031,2,2013,06,03,14,56,23. ,17,00149
3016031,1,2013,06,04,17,34,01. ,10,00042
3016031,1,2013,06,06,12,29,25. ,13,00039
3016031,1,2013,06,15,01,04,10. ,06,00043
3016031,1,2013,07,06,07,01,12. ,09,00058
3016031,1,2013,07,12,00,12,30. ,10,00124
3016031,1,2013,07,12,03,18,55. ,05,00036
3016031,2,2013,07,20,01,40,09. ,16,00056
3016031,2,2013,07,20,15,07,02. ,16,00046
3016031,1,2013,07,23,12,02,43. ,12,00060
3016031,1,2013,07,30,01,06,02. ,12,00351
3016031,2,2013,08,04,12,29,33. ,20,00102
3016031,2,2013,08,04,14,51,27. ,16,00174
3016031,1,2013,08,09,12,04,27. ,08,00043
3016031,1,2013,08,10,07,56,23. ,14,00093
3016031,1,2013,08,12,22,00,07. ,12,00045
3016031,1,2013,08,22,01,14,33. ,14,00249
3016031,1,2013,08,28,06,41,21. ,06,00051
3016031,1,2013,08,31,18,00,09. ,05,00080
3016031,3,2013,09,04,09,21,12. ,32,00293
3016031,1,2013,09,09,09,04,34. ,14,00109
3016031,1,2013,09,13,04,49,50. ,09,00110
3016031,1,2013,09,19,07,45,24. ,06,00027
3016031,3,2013,09,20,02,25,25. ,29,00393
3016031,1,2013,09,24,07,47,53. ,05,00035
3016031,1,2013,09,27,07,38,12. ,06,00042
3016031,2,2013,09,30,22,37,57. ,16,00160
3016031,1,2013,10,02,01,08,39. ,06,00044
3016031,4,2013,10,12,02,43,24. ,35,00585
3016031,3,2013,10,20,10,07,41. ,25,00446
3016031,1,2013,10,22,10,19,44. ,13,00039
3016031,3,2013,10,26,02,12,10. ,30,00393
3016031,1,2013,10,26,06,29,20. ,06,00038
3016031,1,2013,10,28,03,14,46. ,07,00035
3016031,1,2013,10,30,12,22,40. ,09,00043
3016031,3,2013,11,03,14,25,25. ,29,00502
3016031,1,2013,11,09,17,58,11. ,08,00085
3016031,4,2013,11,10,07,38,02. ,36,01050
3016031,1,2013,11,12,14,06,02. ,12,00089
3016031,2,2013,11,16,20,44,57. ,24,00179
3016031,1,2013,11,17,00,46,23. ,11,00035
3016031,1,2013,11,19,04,12,40. ,11,00046
3016031,1,2013,11,21,12,38,53. ,10,00030
3016031,2,2013,11,29,01,15,18. ,22,00155
3016031,1,2013,12,03,06,26,50. ,14,00096
3016031,1,2013,12,03,15,58,41. ,11,00051
3016031,2,2013,12,03,18,17,23. ,20,00091
3016031,1,2013,12,07,23,48,53. ,05,00055
3016031,1,2013,12,08,11,12,45. ,07,00048
3016031,2,2013,12,14,13,06,38. ,24,00102
3016031,1,2013,12,16,00,54,26. ,10,00101
3016031,1,2013,12,16,04,34,17. ,07,00095
3016031,3,2013,12,21,01,10,58. ,27,00434
3016031,2,2013,12,21,10,34,41. ,17,00044
3016031,1,2013,12,27,10,32,46. ,13,00096
3016031,2,2013,12,31,10,03,12. ,22,00247
3016031,1,2014,01,01,23,39,46. ,06,00082
3016031,1,2014,01,02,22,11,39. ,09,00031
3016031,1,2014,01,03,10,50,33. ,12,00112
3016031,2,2014,01,09,03,57,45. ,18,00174
3016031,1,2014,01,17,18,53,44. ,11,00057
3016031,1,2014,01,18,14,32,23. ,05,00044
3016031,1,2014,01,24,01,11,06. ,10,00171
3016031,1,2014,02,08,02,19,22. ,11,00044
3016031,1,2014,02,08,11,35,02. ,08,00029
3016031,1,2014,02,11,04,15,42. ,10,00030
3016031,1,2014,02,14,19,04,29. ,06,00099
3016031,1,2014,02,18,21,03,40. ,09,00187
3016031,1,2014,02,22,07,31,24. ,11,00041
3016031,1,2014,03,01,05,22,09. ,08,00197
3016031,1,2014,03,06,14,53,37. ,07,00095
3016031,2,2014,03,12,05,04,52. ,15,00076
3016031,2,2014,03,17,18,03,44. ,16,00033
3016031,1,2014,03,24,19,17,02. ,06,00084
3016031,1,2014,03,29,10,54,44. ,12,00035
3016031,1,2014,03,30,20,13,05. ,12,00026
3016031,1,2014,04,10,13,17,36. ,12,00047
3016031,1,2014,04,10,13,19,25. ,09,00043
3016031,2,2014,04,13,18,16,41. ,18,00090
3016031,1,2014,04,16,03,36,23. ,09,00060
3016031,2,2014,04,17,03,18,17. ,15,00049
3016031,2,2014,04,18,07,53,11. ,23,00477
3016031,2,2014,04,25,08,43,35. ,19,00195
3016031,1,2014,04,26,04,15,54. ,10,00049
3016031,1,2014,04,29,15,58,12. ,05,00051
3016031,2,2014,05,05,05,02,25. ,16,00229
3016031,3,2014,05,05,05,18,55. ,27,00296
3016031,3,2014,05,13,08,35,24. ,26,00214
3016031,2,2014,05,13,10,33,53. ,15,00220
3016031,2,2014,06,04,02,22,36. ,21,00350
3016031,1,2014,06,09,06,11,36. ,06,00038
3016031,2,2014,06,16,03,19,57. ,18,00070
3016031,2,2014,06,16,05,15,12. ,22,00166
3016031,2,2014,06,17,02,43,29. ,15,00052
3016031,1,2014,06,20,01,44,13. ,11,00046
3016031,1,2014,06,28,14,51,49. ,09,00033
3016031,1,2014,07,03,07,58,24. ,11,00069
3016031,1,2014,07,07,02,48,32. ,08,00058
3016031,1,2014,07,10,17,59,14. ,12,00077
3016031,3,2014,07,12,04,22,38. ,29,00162
3016031,1,2014,07,13,04,00,03. ,05,00104
3016031,1,2014,07,16,17,25,22. ,10,00053
3016031,2,2014,07,19,10,43,05. ,21,00231
3016031,2,2014,07,20,10,25,46. ,20,00279
3016031,1,2014,07,20,19,47,26. ,06,00091
3016031,1,2014,08,21,04,40,11. ,11,00037
3016031,2,2014,08,24,17,27,05. ,17,00172
3016031,2,2014,08,26,11,23,13. ,15,00096
3016031,1,2014,08,26,16,39,47. ,06,00058
3016031,1,2014,08,29,13,05,40. ,14,00174
3016031,1,2014,08,29,16,35,45. ,14,00031
3016031,1,2014,08,29,18,19,56. ,08,00052
3016031,2,2014,09,02,16,32,49. ,21,00573
3016031,1,2014,09,03,16,24,33. ,12,00089
3016031,1,2014,09,05,23,11,59. ,06,00060
3016031,4,2014,09,16,12,28,40. ,35,01382
3016031,1,2014,09,24,21,46,32. ,13,00083
3016031,2,2014,09,24,22,31,41. ,19,00102
3016031,3,2014,09,28,15,09,40. ,28,01543
3016031,1,2014,09,30,19,24,18. ,09,00122
3016031,1,2014,10,14,00,41,42. ,08,00052
3016031,1,2014,10,17,12,34,37. ,05,00074
3016031,2,2014,10,27,15,36,36. ,17,00167
3016031,1,2014,11,08,08,55,28. ,07,00029
3016031,2,2014,11,12,09,53,39. ,22,00292
3016031,1,2014,11,14,20,57,58. ,08,00226
3016031,1,2014,11,17,09,00,04. ,05,00040
3016031,1,2014,11,19,06,16,11. ,07,00084
3016031,2,2014,11,20,10,52,23. ,24,00161
3016031,1,2014,11,20,19,06,44. ,06,00044
3016031,2,2014,11,22,22,09,01. ,17,00040
3016031,1,2014,12,02,20,53,05. ,12,00164
3016031,1,2014,12,09,20,11,51. ,08,00066
3016031,1,2014,12,13,16,20,24. ,07,00075
3016031,3,2014,12,20,18,30,44. ,26,00116
3016031,2,2014,12,25,08,06,53. ,15,00040
3016031,2,2014,12,25,20,32,08. ,21,00683
3016031,1,2014,12,31,23,23,52. ,08,00043
3016031,2,2014,12,31,23,50,12. ,15,00074
3016031,1,2015,01,01,15,57,14. ,13,00114
3016031,1,2015,01,03,04,55,36. ,12,00303
3016031,1,2015,01,23,18,11,54. ,12,00091
3016031,2,2015,01,26,07,20,13. ,22,00357
3016031,1,2015,01,26,07,21,44. ,08,00074
3016031,2,2015,01,30,20,31,56. ,24,00521
3016031,1,2015,02,07,15,19,29. ,06,00033
3016031,1,2015,02,17,08,08,45. ,14,00031
3016031,2,2015,02,23,17,00,35. ,15,00056
3016031,1,2015,03,12,20,03,32. ,07,00028
3016031,1,2015,03,14,00,24,12. ,06,00060
3016031,1,2015,03,17,23,48,55. ,05,00039
3016031,1,2015,03,18,11,29,05. ,09,00137
3016031,1,2015,03,20,01,56,13. ,05,00084
3016031,1,2015,03,23,21,40,44. ,08,00062
3016031,2,2015,03,24,13,53,35. ,19,00111
3016031,1,2015,03,25,16,26,23. ,08,00141
3016031,1,2015,03,31,13,00,13. ,11,00198
3016031,1,2015,04,23,02,24,18. ,07,00081
3016031,1,2015,05,03,13,03,40. ,13,00045
3016031,2,2015,05,03,15,54,08. ,17,00536
3016031,2,2015,05,13,06,14,13. ,23,00075
3016031,2,2015,05,13,22,45,22. ,16,00189
3016031,1,2015,05,15,12,31,11. ,11,00045
3016031,4,2015,05,25,14,28,22. ,35,00695
3016031,2,2015,05,30,01,06,57. ,21,00515
3016031,3,2015,05,30,20,26,50. ,33,00328
3016031,2,2015,06,09,05,44,16. ,24,00547
3016031,1,2015,06,22,05,31,02. ,08,00037
3016031,1,2015,07,06,18,30,34. ,13,00186
3016031,2,2015,07,10,01,15,22. ,24,00601
3016031,1,2015,07,10,09,40,08. ,06,00140
3016031,1,2015,07,21,18,17,46. ,09,00042
3016031,1,2015,07,29,21,35,03. ,10,00102
3016031,1,2015,08,05,00,51,25. ,05,00063
3016031,1,2015,08,05,20,56,57. ,11,00045
3016031,4,2015,08,06,18,22,40. ,35,01023
3016031,1,2015,08,10,18,44,43. ,10,00253
3016031,2,2015,08,14,05,14,13. ,18,00107
3016031,1,2015,08,22,08,43,15. ,08,00278
3016031,2,2015,08,28,23,46,33. ,17,00152
3016031,1,2015,09,02,16,17,02. ,12,00310
3016031,1,2015,09,07,01,45,42. ,06,00038
3016031,3,2015,09,12,05,49,22. ,26,00200
3016031,2,2015,09,12,11,45,25. ,15,00082
3016031,2,2015,09,16,05,53,33. ,19,00356
3016031,1,2015,09,22,05,55,26. ,13,00122
3016031,1,2015,10,01,20,10,40. ,11,00139
3016031,3,2015,10,21,15,05,13. ,31,00445
3016031,1,2015,10,31,23,20,32. ,10,00024
3016031,1,2015,11,04,08,56,52. ,07,00043
3016031,3,2015,11,07,22,45,01. ,26,00233
3016031,1,2015,11,19,18,33,47. ,13,00064
3016031,1,2015,11,20,08,16,14. ,14,00062
3016031,2,2015,11,22,08,20,39. ,24,00259
3016031,1,2015,12,02,01,07,24. ,11,00143
3016031,1,2015,12,04,09,37,23. ,12,00084
3016031,1,2015,12,08,01,22,49. ,11,00059
3016031,3,2016,01,15,04,29,06. ,26,00367
3016031,2,2016,01,24,06,33,58. ,15,00134
3016031,1,2016,01,30,12,34,39. ,14,00266
3016031,1,2016,02,06,06,23,28. ,10,00032
3016031,1,2016,02,07,10,10,09. ,09,00059
3016031,3,2016,02,07,19,27,06. ,29,00568
3016031,1,2016,02,19,22,14,52. ,12,00037
3016031,1,2016,03,22,14,34,34. ,14,00128
3016031,1,2016,03,26,22,33,37. ,09,00139
3016031,2,2016,03,31,11,48,36. ,18,00375
3016031,1,2016,03,31,12,11,46. ,06,00179
3016031,1,2016,04,10,23,32,54. ,07,00110
3016031,1,2016,04,15,00,27,08. ,08,00038
3016031,1,2016,04,17,20,35,04. ,09,00035
3016031,2,2016,04,20,21,20,41. ,17,00061
3016031,1,2016,05,05,08,52,01. ,05,00180
3016031,3,2016,05,16,21,23,11. ,34,00813
3016031,1,2016,05,17,06,55,14. ,13,00172
3016031,2,2016,05,17,06,57,42. ,18,00189
3016031,2,2016,05,23,23,17,41. ,15,00095
3016031,1,2016,05,24,01,43,23. ,09,00032
3016031,1,2016,05,28,18,10,44. ,06,00110
3016031,3,2016,06,12,07,54,32. ,29,00353
3016031,1,2016,06,16,18,35,55. ,09,00168
3016031,2,2016,06,18,08,50,25. ,15,00181
3016031,2,2016,06,27,07,58,06. ,23,00066
3016031,1,2016,06,29,11,35,43. ,11,00234
3016031,1,2016,07,01,06,26,37. ,05,00156
3016031,2,2016,07,04,22,48,57. ,17,00342
3016031,1,2016,07,06,08,47,58. ,09,00047
3016031,3,2016,07,17,13,24,11. ,31,01107
3016031,1,2016,07,19,12,58,20. ,14,00044
3016031,1,2016,07,19,23,55,17. ,11,00205
3016031,3,2016,07,20,07,25,41. ,33,00785
3016031,1,2016,07,20,11,38,53. ,10,00135
3016031,3,2016,07,27,23,47,29. ,34,00767
3016031,1,2016,07,30,16,41,01. ,11,00069
3016031,2,2016,08,15,16,05,25. ,19,00093
3016031,1,2016,08,17,04,14,00. ,06,00114
3016031,3,2016,08,19,21,07,59. ,33,00521
3016031,1,2016,08,27,22,46,37. ,13,00235
3016031,1,2016,08,31,05,05,36. ,12,00029
3016031,3,2016,09,07,13,28,58. ,30,00567
3016031,2,2016,09,09,20,53,34. ,18,00129
3016031,1,2016,09,09,23,18,30. ,14,00119
3016031,1,2016,09,13,08,31,04. ,08,00034
3016031,2,2016,09,13,19,12,41. ,21,00303
3016031,1,2016,09,17,16,36,26. ,07,00039
3016031,2,2016,10,19,23,40,47. ,15,00267
3016031,2,2016,10,20,11,50,05. ,23,00275
3016031,1,2016,10,26,19,12,56. ,13,00051
3016031,2,2016,11,12,06,44,13. ,18,00072
3016031,1,2016,11,15,01,16,12. ,13,00040
3016031,2,2016,11,21,06,59,42. ,19,00166
3016031,4,2016,11,22,06,00,20. ,38,00592
3016031,1,2016,11,22,06,11,05. ,09,00035
3016031,1,2016,11,22,06,40,32. ,12,00031
3016031,1,2016,11,22,06,51,40. ,14,00043
3016031,1,2016,11,22,08,40,38. ,10,00033
3016031,1,2016,11,22,10,38,44. ,11,00032
3016031,2,2016,11,22,23,04,40. ,20,00057
3016031,3,2016,11,24,06,24,10. ,26,00126
3016031,1,2016,11,28,17,46,52. ,05,00035
3016031,1,2016,12,08,17,16,38. ,08,00033
3016031,1,2016,12,19,16,21,51. ,12,00172
3016031,1,2016,12,20,01,42,01. ,10,00029
3016031,2,2016,12,24,02,25,47. ,16,00047
3016031,2,2016,12,26,04,52,51. ,20,00192
3016031,1,2016,12,28,19,29,56. ,09,00144
3016031,4,2016,12,28,21,39,00. ,35,00730
3016031,1,2016,12,28,21,53,33. ,12,00049
3016031,1,2016,12,29,13,41,24. ,08,00066
3016031,1,2016,12,31,05,09,14. ,10,00039
3016031,1,2016,12,31,15,48,53. ,05,00057
3016031,1,2017,01,01,07,08,11. ,05,00042
3016031,1,2017,01,03,03,37,26. ,09,00027
3016031,3,2017,01,05,00,44,16. ,25,00327
3016031,3,2017,01,05,02,53,54. ,28,00147
3016031,1,2017,01,12,09,36,40. ,07,00228
3016031,3,2017,01,18,17,19,37. ,25,00587
3016031,1,2017,02,02,00,17,11. ,05,00098
3016031,1,2017,02,03,20,58,59. ,06,00033
3016031,1,2017,02,07,20,04,17. ,06,00049
3016031,1,2017,02,09,14,07,41. ,11,00079
3016031,1,2017,02,11,06,06,12. ,13,00064
3016031,3,2017,02,19,18,19,48. ,26,00131
3016031,1,2017,02,25,10,19,04. ,06,00160
3016031,1,2017,02,26,05,11,55. ,10,00215
3016031,1,2017,02,27,00,04,07. ,13,00096
3016031,2,2017,02,28,16,49,32. ,23,00201
3016031,1,2017,03,01,15,43,52. ,09,00039
3016031,1,2017,03,05,10,19,28. ,12,00030
3016031,2,2017,03,12,04,58,35. ,17,00062
3016031,1,2017,03,24,01,30,03. ,11,00077
3016031,1,2017,04,09,07,21,02. ,13,00043
3016031,2,2017,04,12,03,10,58. ,22,00409
3016031,1,2017,04,15,00,46,38. ,05,00031
3016031,1,2017,04,20,02,14,03. ,11,00062
3016031,1,2017,04,20,04,46,26. ,05,00051
3016031,1,2017,05,23,18,23,36. ,07,00053
3016031,1,2017,05,28,15,18,57. ,08,00031
3016031,1,2017,06,19,01,24,00. ,09,00083
3016031,1,2017,06,19,05,51,59. ,13,00079
3016031,1,2017,07,07,21,49,22. ,11,00051
3016031,2,2017,07,20,09,11,57. ,24,00165
3016031,2,2017,07,21,16,07,56. ,19,00186
3016031,1,2017,07,30,23,29,14. ,08,00035
3016031,1,2017,08,02,00,38,04. ,05,00055
3016031,4,2017,08,02,02,02,20. ,35,00682
3016031,4,2017,08,02,07,16,05. ,35,01330
3016031,2,2017,08,03,13,45,13. ,23,00455
3016031,1,2017,08,05,07,55,30. ,13,00160
3016031,2,2017,08,10,09,36,44. ,22,00125
3016031,1,2017,08,13,02,07,58. ,07,00063
3016031,2,2017,08,14,18,11,51. ,23,00150
3016031,1,2017,08,16,00,05,02. ,05,00060
3016031,1,2017,08,25,01,28,38. ,07,00112
3016031,1,2017,08,26,04,20,56. ,11,00066
3016031,2,2017,08,27,11,26,17. ,16,00122
3016031,1,2017,09,06,20,38,41. ,06,00053
3016031,1,2017,09,14,09,27,48. ,06,00033
3016031,1,2017,09,14,11,15,58. ,10,00058
3016031,1,2017,09,20,05,18,54. ,14,00046
3016031,1,2017,09,21,01,38,20. ,13,00073
3016031,2,2017,09,27,05,24,28. ,16,00033
3016031,1,2017,09,28,16,12,16. ,08,00035
3016031,1,2017,10,01,10,25,26. ,14,00111
3016031,1,2017,10,03,04,01,30. ,13,00109
3016031,2,2017,10,06,17,01,20. ,18,00055
3016031,3,2017,10,06,23,57,03. ,26,00280
3016031,1,2017,10,08,23,54,37. ,06,00068
3016031,1,2017,10,12,15,13,32. ,13,00035
3016031,1,2017,10,15,19,43,25. ,10,00202
3016031,1,2017,10,18,07,40,53. ,09,00181
3016031,1,2017,10,19,21,51,03. ,05,00051
3016031,1,2017,11,02,22,31,23. ,12,00122
3016031,2,2017,11,03,21,38,19. ,19,00165
3016031,2,2017,11,05,16,30,18. ,17,00355
3016031,1,2017,11,10,00,38,07. ,12,00157
3016031,1,2017,11,15,01,22,11. ,06,00067
3016031,1,2017,11,17,10,03,30. ,07,00029
3016031,1,2017,11,21,09,25,26. ,10,00122
3016031,1,2017,11,26,15,55,57. ,08,00058
3016031,1,2017,11,30,22,02,15. ,12,00173
3016031,2,2017,12,02,00,12,38. ,23,00333
3016031,1,2017,12,06,00,22,28. ,07,00062
3016031,1,2017,12,23,21,54,24. ,12,00176
3016031,2,2017,12,27,22,05,55. ,15,00058
3016031,1,2018,01,01,04,43,05. ,06,00072
3016031,1,2018,01,02,19,49,03. ,10,00036
3016031,2,2018,01,06,00,54,32. ,21,00149
3016031,1,2018,01,07,18,20,22. ,08,00068
3016031,1,2018,01,10,08,38,19. ,05,00032
3016031,1,2018,01,24,02,32,20. ,10,00142
3016031,1,2018,02,08,23,34,35. ,09,00070
3016031,1,2018,02,17,00,13,28. ,05,00189
3016031,1,2018,02,18,19,02,14. ,09,00068
3016031,1,2018,02,19,14,34,37. ,05,00132
3016031,3,2018,02,26,01,29,25. ,26,00151
3016031,2,2018,02,27,08,08,10. ,21,00553
3016031,1,2018,03,13,15,46,57. ,10,00027
3016031,1,2018,03,26,18,44,46. ,14,00369
3016031,1,2018,03,27,18,40,28. ,05,00102
3016031,3,2018,03,30,08,17,45. ,33,00754
3016031,1,2018,03,31,17,05,43. ,12,00196
3016031,1,2018,04,21,18,47,57. ,11,00031
3016031,1,2018,04,28,20,27,22. ,05,00068
3016031,1,2018,05,04,02,07,35. ,09,00032
3016031,1,2018,05,05,23,46,51. ,13,00127
3016031,1,2018,05,12,06,21,41. ,09,00107
3016031,2,2018,05,17,12,12,51. ,23,00122
3016031,1,2018,05,29,21,01,54. ,05,00044
3016031,1,2018,06,06,16,23,08. ,07,00108
3016031,2,2018,06,17,15,27,37. ,16,00121
3016031,1,2018,06,19,13,29,34. ,09,00030
3016031,2,2018,07,07,20,24,21. ,23,00098
3016031,3,2018,07,17,04,34,24. ,31,00469
3016031,2,2018,07,17,04,43,05. ,19,00183
3016031,1,2018,07,19,20,52,41. ,05,00041
3016031,1,2018,07,29,15,21,31. ,08,00156
3016031,2,2018,07,31,17,42,58. ,18,00077
3016031,1,2018,08,01,13,02,25. ,07,00035
3016031,1,2018,08,08,00,14,32. ,12,00046
3016031,1,2018,08,08,18,08,04. ,09,00030
3016031,1,2018,08,11,06,11,54. ,10,00050
3016031,1,2018,08,21,02,47,16. ,10,00151
3016031,2,2018,08,29,14,30,31. ,17,00138
3016031,1,2018,09,14,10,54,42. ,06,00029
3016031,1,2018,09,14,10,55,52. ,08,00037
3016031,2,2018,09,14,14,35,36. ,24,00273
3016031,1,2018,09,14,17,27,10. ,13,00110
3016031,2,2018,09,18,17,11,24. ,18,00183
3016031,2,2018,09,24,00,05,46. ,16,00231
3016031,2,2018,10,02,12,28,17. ,18,00123
3016031,1,2018,10,04,00,15,57. ,09,00042
3016031,1,2018,10,04,02,13,23. ,09,00062
3016031,1,2018,10,09,17,16,42. ,06,00037
3016031,2,2018,10,12,13,16,13. ,19,00056
3016031,1,2018,10,22,19,48,07. ,10,00039
3016031,2,2018,10,26,03,37,20. ,16,00054
3016031,2,2018,10,27,09,08,38. ,16,00067
3016031,1,2018,10,29,21,25,47. ,07,00062
3016031,1,2018,11,23,23,30,48. ,14,00086
3016031,3,2018,11,27,08,34,00. ,28,00564
3016031,1,2018,11,28,20,15,15. ,14,00097
3016031,2,2018,12,08,10,54,36. ,20,00094
3016031,3,2018,12,12,17,50,07. ,25,00335
3016031,1,2018,12,31,23,11,14. ,06,00036
3016031,1,2019,01,02,18,44,34. ,14,00357
3016031,3,2019,01,14,13,23,51. ,25,00550
3016031,3,2019,01,18,21,46,37. ,28,00196
3016031,1,2019,01,19,14,22,19. ,10,00202
3016031,1,2019,02,06,17,26,29. ,05,00099
3016031,1,2019,02,19,17,06,37. ,13,00251
3016031,1,2019,03,02,06,03,49. ,12,00069
3016031,1,2019,03,03,01,01,50. ,06,00065
3016031,1,2019,03,05,19,09,07. ,05,00193
3016031,2,2019,03,11,02,11,57. ,16,00033
3016031,1,2019,04,06,19,30,44. ,06,00042
3016031,1,2019,05,01,00,44,04. ,05,00074
3016031,1,2019,05,24,12,40,48. ,10,00042
3016031,2,2019,05,25,15,21,18. ,18,00058
3016031,1,2019,05,27,04,04,35. ,14,00085
3016031,1,2019,06,06,05,15,18. ,14,00368
3016031,2,2019,06,08,12,46,07. ,18,00439
3016031,1,2019,06,11,10,59,28. ,11,00051
3016031,3,2019,06,17,08,00,23. ,30,00630
3016031,2,2019,06,18,22,23,42. ,16,00031
3016031,1,2019,06,22,20,45,58. ,06,00054
3016031,2,2019,06,24,09,12,24. ,15,00057
3016031,3,2019,07,28,03,33,10. ,27,00201
3016031,1,2019,07,29,00,35,23. ,07,00061
3016031,3,2019,08,04,19,23,40. ,32,00258
3016031,1,2019,09,19,08,49,40. ,11,00132
3016031,2,2019,09,30,01,02,43. ,23,00626
3016031,2,2019,10,09,04,58,51. ,15,00074
3016031,1,2019,10,12,18,22,48. ,12,00032
3016031,1,2019,10,16,03,02,53. ,11,00146
3016031,1,2019,10,19,21,10,41. ,05,00131
3016031,1,2019,10,31,11,06,55. ,08,00037
3016031,1,2019,11,03,02,39,58. ,05,00042
3016031,1,2019,11,03,14,03,32. ,09,00035
3016031,1,2019,11,03,23,55,54. ,08,00241
3016031,1,2019,11,08,18,18,37. ,12,00121
3016031,1,2019,11,11,18,50,46. ,08,00073
3016031,2,2019,11,12,21,56,00. ,20,00117
3016031,1,2019,11,15,09,39,45. ,09,00068
3016031,2,2019,11,18,08,00,13. ,15,00307
3016031,2,2019,11,22,05,23,58. ,19,00430
3016031,1,2019,11,29,10,20,03. ,06,00077
3016031,2,2019,12,03,10,18,14. ,19,00441
3016031,3,2019,12,04,10,39,05. ,28,00396
3016031,1,2019,12,04,18,13,05. ,11,00157
3016031,1,2019,12,04,19,35,21. ,14,00073
3016031,1,2019,12,05,15,01,33. ,10,00092
3016031,1,2019,12,05,22,35,29. ,13,00106
3016031,1,2019,12,11,18,40,06. ,14,00043
3016031,1,2019,12,19,09,24,08. ,12,00068
3016031,2,2020,01,03,03,24,17. ,23,00097
3016031,1,2020,01,08,04,22,09. ,08,00173
3016031,3,2020,01,14,04,53,58. ,27,00574
3016031,2,2020,01,14,13,26,03. ,17,00080
3016031,1,2020,01,15,08,19,16. ,12,00107
3016031,2,2020,01,21,19,18,07. ,16,00182
3016031,1,2020,01,22,22,40,48. ,06,00108
3016031,1,2020,01,22,22,43,34. ,06,00123
3016031,1,2020,02,01,01,11,50. ,14,00045
3016031,3,2020,02,01,02,07,58. ,34,00687
3016031,2,2020,02,06,20,20,38. ,20,00051
3016031,3,2020,02,12,19,37,44. ,25,00254
3016031,1,2020,02,17,12,40,59. ,14,00156
3016031,1,2020,03,15,19,09,22. ,06,00097
3016031,1,2020,03,31,20,24,21. ,13,00099
3016031,1,2020,04,10,00,46,18. ,05,00053
3016031,4,2020,04,12,00,44,57. ,38,01162
3016031,1,2020,04,14,06,36,08. ,09,00174
3016031,1,2020,04,18,17,29,36. ,14,00027
3016031,2,2020,04,20,05,40,32. ,18,00048
3016031,1,2020,04,23,12,27,15. ,08,00038
3016031,1,2020,04,24,01,38,13. ,07,00111
3016031,3,2020,04,26,09,49,21. ,25,00376
3016031,2,2020,05,04,22,08,08. ,22,00075
3016031,1,2020,05,04,22,34,47. ,10,00080
3016031,2,2020,05,06,01,57,22. ,20,00103
3016031,2,2020,05,11,08,58,49. ,20,00182
3016031,1,2020,05,16,06,27,30. ,11,00112
3016031,1,2020,05,18,11,13,11. ,09,00230
3016031,1,2020,05,18,12,01,46. ,12,00035
3016031,1,2020,05,19,12,17,58. ,13,00065
3016031,1,2020,05,25,02,11,44. ,05,00038
3016031,3,2020,06,01,06,02,25. ,25,00190
3016031,3,2020,06,04,05,31,31. ,26,00254
3016031,1,2020,06,16,07,28,30. ,07,00064
3016031,3,2020,06,25,04,48,06. ,27,00159
3016031,1,2020,07,02,23,29,28. ,05,00058
3016031,1,2020,07,03,14,13,46. ,09,00030
3016031,3,2020,07,09,06,05,38. ,26,00421
3016031,1,2020,07,12,08,16,05. ,05,00060
3016031,1,2020,07,20,19,32,57. ,10,00115
3016031,2,2020,07,29,05,33,37. ,16,00137
3016031,2,2020,08,06,02,54,43. ,19,00045
3016031,1,2020,08,07,00,36,45. ,10,00030
3016031,2,2020,08,30,14,37,52. ,18,00228
3016031,2,2020,09,07,06,34,24. ,20,00080
3016031,1,2020,09,07,10,40,14. ,05,00115
3016031,1,2020,09,10,12,26,36. ,05,00065
3016031,1,2020,09,12,11,38,20. ,12,00133
3016031,2,2020,09,12,11,45,35. ,19,00065
3016031,1,2020,09,15,15,07,23. ,05,00033
3016031,2,2020,09,17,14,00,48. ,19,00330
3016031,2,2020,09,20,09,05,03. ,18,00195
3016031,2,2020,10,05,11,32,43. ,18,00154
3016031,1,2020,10,24,19,26,39. ,05,00087
3016031,1,2020,10,28,15,58,48. ,13,00072
3016031,3,2020,11,22,19,06,10. ,32,00600
3016031,2,2020,11,25,11,20,28. ,20,00335
3016031,1,2020,12,07,19,27,55. ,13,00124
3016031,2,2020,12,17,16,42,53. ,24,00972
3016031,2,2020,12,21,02,25,52. ,15,00030
3016031,4,2020,12,30,09,35,40. ,36,00983
3016031,1,2021,01,15,22,40,10. ,10,00059
3016031,1,2021,01,23,22,12,53. ,09,00030
3016031,2,2021,01,26,08,25,33. ,20,00380
3016031,1,2021,02,05,22,58,10. ,07,00102
3016031,1,2021,02,06,14,10,51. ,09,00035
3016031,4,2021,02,13,23,08,23. ,41,01153
3016031,1,2021,02,13,23,52,35. ,12,00054
3016031,1,2021,02,14,16,32,37. ,13,00058
3016031,1,2021,02,15,21,26,53. ,12,00043
3016031,1,2021,02,27,00,34,08. ,05,00031
3016031,2,2021,03,16,04,56,27. ,24,00722
3016031,1,2021,03,17,17,29,44. ,07,00035
3016031,3,2021,03,20,18,10,30. ,34,00325
3016031,1,2021,04,12,03,59,50. ,08,00052
3016031,2,2021,04,18,09,30,20. ,20,00084
3016031,3,2021,05,01,10,28,09. ,30,00209
3016031,1,2021,05,05,03,11,31. ,11,00040
3016031,2,2021,05,14,08,59,02. ,23,00112
3016031,1,2021,05,16,07,19,16. ,07,00162
3016031,2,2021,05,24,04,09,29. ,16,00141
3016031,1,2021,05,29,08,21,56. ,12,00029
3016031,1,2021,05,29,09,05,41. ,11,00030
3016031,2,2021,05,29,10,03,26. ,18,00043
3016031,1,2021,06,08,10,20,12. ,13,00048
3016031,1,2021,06,09,17,28,01. ,11,00052
3016031,1,2021,06,14,04,07,03. ,05,00067
3016031,1,2021,07,04,15,35,41. ,07,00058
3016031,1,2021,07,27,05,20,05. ,08,00033
3016031,1,2021,07,28,00,55,23. ,11,00082
3016031,1,2021,08,01,22,51,18. ,05,00053
3016031,1,2021,08,03,19,30,03. ,12,00033
3016031,2,2021,08,04,05,34,15. ,21,00080
3016031,1,2021,08,04,05,44,01. ,14,00033
3016031,1,2021,08,04,13,41,14. ,12,00030
3016031,1,2021,08,22,11,25,27. ,10,00050
3016031,1,2021,08,24,05,20,22. ,05,00094
3016031,1,2021,08,25,16,14,12. ,06,00084
3016031,2,2021,08,27,05,46,29. ,15,00145
3016031,2,2021,08,27,05,49,22. ,20,00223
3016031,2,2021,09,14,07,48,13. ,18,00060
3016031,2,2021,09,19,08,08,00. ,23,00496
3016031,1,2021,09,27,20,26,57. ,12,00098
3016031,2,2021,09,29,12,26,55. ,21,00360
3016031,2,2021,09,29,17,39,19. ,20,00068
3016031,1,2021,10,07,17,00,35. ,11,00146
3016031,4,2021,10,07,22,41,39. ,36,00430
3016031,2,2021,10,21,17,38,53. ,16,00059
3016031,1,2021,10,27,01,28,53. ,14,00037
3016031,3,2021,10,28,09,55,38. ,26,00503
3016031,4,2021,11,01,06,14,58. ,35,00688
3016031,1,2021,11,03,11,36,31. ,09,00043
3016031,1,2021,11,07,04,41,07. ,12,00277
3016031,2,2021,11,08,03,08,39. ,20,00426
3016031,2,2021,11,09,01,15,25. ,15,00062
3016031,1,2021,11,11,12,21,54. ,05,00044
3016031,2,2021,11,20,08,57,52. ,17,00073
3016031,3,2021,12,02,01,58,49. ,28,00340
3016031,1,2021,12,08,02,30,06. ,09,00043
3016031,1,2021,12,08,16,23,15. ,07,00035
3016031,3,2021,12,12,12,31,07. ,31,00697
3016031,1,2021,12,20,03,02,36. ,08,00081
3016031,1,2021,12,30,09,42,24. ,07,00035
