station,intensity,year,month,day,hour,minute,second,intensity_equip,acceleration_max_comb
3101420,1,2006,08,01,22,12,10. ,05,00030
3101420,1,2007,01,16,03,19,09. ,13,00036
3101420,1,2007,03,25,09,43,24. ,13,00022
3101420,1,2007,04,14,05,42,55. ,08,00031
3101420,1,2007,05,06,10,10,17. ,07,00027
3101420,1,2007,05,08,21,02,03. ,06,00044
3101420,1,2007,06,02,14,43,41. ,10,00044
3101420,3,2007,07,16,10,13,49. ,26,00135
3101420,1,2007,07,16,15,38,05. ,13,00041
3101420,1,2007,07,16,23,18,54. ,06,00028
3101420,2,2007,11,26,22,52,11. ,15,00055
3101420,1,2007,11,30,18,37,22. ,09,00039
3101420,1,2007,12,25,23,05,43. ,08,00018
3101420,1,2008,02,09,07,07,23. ,11,00043
3101420,2,2008,03,08,01,55,11. ,24,00202
3101420,1,2008,03,24,12,40,45. ,14,00055
3101420,1,2008,03,24,22,30,19. ,10,00040
3101420,1,2008,04,04,19,02,07. ,13,00057
3101420,1,2008,04,17,04,20,45. ,09,00018
3101420,1,2008,05,07,18,59,52. ,07,00020
3101420,2,2008,05,08,01,02,30. ,24,00097
3101420,2,2008,05,08,01,04,30. ,17,00060
3101420,1,2008,05,08,01,13,11. ,12,00039
3101420,1,2008,05,08,01,17,06. ,13,00037
3101420,3,2008,05,08,01,45,44. ,33,00314
3101420,1,2008,05,08,02,32,06. ,06,00015
3101420,1,2008,05,08,04,21,04. ,05,00015
3101420,1,2008,05,09,08,21,57. ,13,00023
3101420,1,2008,05,31,14,04,18. ,07,00021
3101420,1,2008,05,31,16,56,34. ,10,00029
3101420,3,2008,06,14,08,44,31. ,31,00153
3101420,2,2008,07,05,16,49,18. ,20,00173
3101420,3,2008,07,19,11,40,02. ,30,00178
3101420,2,2008,07,21,20,31,00. ,20,00068
3101420,1,2008,07,22,17,47,47. ,09,00019
3101420,2,2008,07,24,00,27,09. ,20,00073
3101420,3,2008,08,22,20,00,04. ,27,00291
3101420,1,2008,08,26,15,16,22. ,05,00031
3101420,1,2008,09,11,12,14,21. ,06,00019
3101420,1,2008,10,30,00,49,31. ,05,00024
3101420,1,2008,12,14,19,26,11. ,06,00030
3101420,1,2008,12,20,19,30,26. ,14,00025
3101420,1,2008,12,21,04,14,36. ,06,00013
3101420,1,2008,12,21,18,17,47. ,09,00017
3101420,1,2009,01,03,16,13,20. ,12,00048
3101420,1,2009,01,05,10,36,53. ,08,00021
3101420,2,2009,02,01,06,52,11. ,24,00147
3101420,1,2009,02,17,09,13,33. ,10,00042
3101420,1,2009,04,21,18,58,28. ,11,00044
3101420,1,2009,04,28,06,37,54. ,12,00052
3101420,1,2009,08,03,16,20,06. ,05,00034
3101420,1,2009,08,05,09,18,38. ,05,00021
3101420,3,2009,08,09,19,58,00. ,25,00142
3101420,1,2009,08,11,05,08,31. ,14,00020
3101420,1,2009,08,13,07,50,45. ,05,00023
3101420,1,2009,08,18,06,59,18. ,08,00053
3101420,1,2009,08,31,00,46,29. ,11,00051
3101420,1,2009,09,05,10,59,49. ,06,00028
3101420,2,2009,10,23,10,28,45. ,20,00093
3101420,1,2009,11,07,04,23,02. ,07,00030
3101420,2,2009,11,21,15,39,45. ,15,00107
3101420,1,2009,12,02,15,15,04. ,05,00021
3101420,1,2009,12,18,05,41,45. ,14,00077
3101420,1,2010,01,17,15,05,59. ,11,00023
3101420,1,2010,02,21,09,57,35. ,08,00028
3101420,2,2010,02,22,18,53,06. ,15,00185
3101420,2,2010,03,13,21,46,55. ,20,00115
3101420,3,2010,03,14,17,08,33. ,27,00178
3101420,1,2010,03,31,06,18,59. ,10,00093
3101420,1,2010,04,29,07,22,13. ,06,00050
3101420,3,2010,06,13,12,33,23. ,25,00155
3101420,1,2010,07,05,06,57,41. ,09,00013
3101420,1,2010,07,23,06,07,09. ,05,00024
3101420,2,2010,08,03,07,31,00. ,17,00109
3101420,1,2010,09,29,12,02,05. ,10,00044
3101420,2,2010,09,29,17,00,03. ,23,00138
3101420,1,2010,09,30,01,23,53. ,06,00052
3101420,1,2010,09,30,21,47,27. ,06,00030
3101420,1,2010,11,05,07,31,10. ,13,00041
3101420,1,2010,11,05,19,14,31. ,06,00032
3101420,1,2010,11,24,20,09,41. ,09,00047
3101420,2,2010,11,30,12,28,18. ,18,00044
3101420,1,2011,01,01,08,01,28. ,07,00040
3101420,2,2011,01,20,22,20,18. ,19,00380
3101420,1,2011,01,28,16,42,06. ,05,00076
3101420,2,2011,02,10,22,03,24. ,15,00064
3101420,1,2011,02,27,00,39,26. ,11,00039
3101420,2,2011,03,09,11,46,25. ,23,00066
3101420,1,2011,03,09,11,59,49. ,10,00014
3101420,2,2011,03,10,03,17,28. ,19,00040
3101420,2,2011,03,10,06,25,19. ,21,00054
3101420,C,2011,03,11,14,48,10. ,55,04857
3101420,3,2011,03,11,14,52,10. ,32,00420
3101420,3,2011,03,11,14,54,10. ,29,00483
3101420,2,2011,03,11,14,57,10. ,17,00066
3101420,3,2011,03,11,14,59,10. ,25,00134
3101420,1,2011,03,11,15,01,10. ,11,00039
3101420,2,2011,03,11,15,04,27. ,20,00089
3101420,3,2011,03,11,15,08,20. ,30,00173
3101420,2,2011,03,11,15,07,20. ,22,00077
3101420,2,2011,03,11,15,09,20. ,24,00104
3101420,2,2011,03,11,15,11,20. ,22,00152
3101420,3,2011,03,11,15,13,20. ,29,00394
3101420,2,2011,03,11,15,14,20. ,18,00042
3101420,4,2011,03,11,15,16,20. ,38,00853
3101420,3,2011,03,11,15,19,20. ,26,00115
3101420,2,2011,03,11,15,20,20. ,19,00054
3101420,2,2011,03,11,15,21,20. ,16,00042
3101420,1,2011,03,11,15,22,20. ,10,00022
3101420,1,2011,03,11,15,23,35. ,09,00019
3101420,2,2011,03,11,15,24,30. ,16,00031
3101420,3,2011,03,11,15,27,30. ,26,00193
3101420,1,2011,03,11,15,25,30. ,09,00035
3101420,1,2011,03,11,15,29,33. ,10,00038
3101420,1,2011,03,11,15,30,30. ,10,00036
3101420,1,2011,03,11,15,31,45. ,13,00038
3101420,2,2011,03,11,15,33,40. ,19,00063
3101420,1,2011,03,11,15,35,40. ,10,00034
3101420,1,2011,03,11,15,37,23. ,14,00045
3101420,1,2011,03,11,15,38,20. ,14,00038
3101420,1,2011,03,11,15,42,04. ,07,00021
3101420,1,2011,03,11,15,43,14. ,07,00020
3101420,1,2011,03,11,15,45,50. ,06,00031
3101420,1,2011,03,11,15,46,50. ,06,00019
3101420,1,2011,03,11,15,48,00. ,07,00056
3101420,1,2011,03,11,15,50,30. ,09,00025
3101420,1,2011,03,11,15,53,30. ,07,00015
3101420,1,2011,03,11,15,54,48. ,14,00076
3101420,1,2011,03,11,15,56,31. ,10,00032
3101420,2,2011,03,11,15,57,47. ,17,00052
3101420,1,2011,03,11,15,59,51. ,11,00037
3101420,1,2011,03,11,16,00,50. ,11,00034
3101420,1,2011,03,11,16,06,10. ,10,00029
3101420,1,2011,03,11,16,05,11. ,06,00023
3101420,1,2011,03,11,16,09,58. ,14,00040
3101420,1,2011,03,11,16,11,54. ,11,00017
3101420,2,2011,03,11,16,14,37. ,15,00031
3101420,3,2011,03,11,16,15,30. ,29,00190
3101420,1,2011,03,11,16,17,30. ,10,00047
3101420,2,2011,03,11,16,18,30. ,18,00063
3101420,1,2011,03,11,16,24,10. ,10,00025
3101420,2,2011,03,11,16,26,48. ,17,00060
3101420,2,2011,03,11,16,29,40. ,22,00092
3101420,3,2011,03,11,16,30,40. ,26,00265
3101420,2,2011,03,11,16,31,40. ,18,00061
3101420,1,2011,03,11,16,33,39. ,05,00014
3101420,1,2011,03,11,16,34,30. ,09,00019
3101420,1,2011,03,11,16,36,05. ,10,00020
3101420,1,2011,03,11,16,43,27. ,12,00034
3101420,2,2011,03,11,16,44,49. ,23,00070
3101420,1,2011,03,11,16,45,40. ,12,00029
3101420,1,2011,03,11,16,50,30. ,11,00029
3101420,1,2011,03,11,16,55,26. ,08,00024
3101420,2,2011,03,11,16,56,53. ,17,00056
3101420,1,2011,03,11,17,02,47. ,08,00020
3101420,1,2011,03,11,17,03,55. ,11,00033
3101420,1,2011,03,11,17,05,46. ,14,00029
3101420,1,2011,03,11,17,11,18. ,11,00025
3101420,3,2011,03,11,17,12,18. ,26,00143
3101420,1,2011,03,11,17,17,20. ,07,00024
3101420,1,2011,03,11,17,16,20. ,05,00030
3101420,3,2011,03,11,17,19,53. ,31,00259
3101420,1,2011,03,11,17,27,41. ,12,00026
3101420,2,2011,03,11,17,28,40. ,17,00035
3101420,3,2011,03,11,17,31,31. ,27,00198
3101420,1,2011,03,11,17,34,17. ,09,00053
3101420,1,2011,03,11,17,35,48. ,13,00044
3101420,3,2011,03,11,17,41,14. ,30,00337
3101420,1,2011,03,11,17,44,35. ,10,00019
3101420,1,2011,03,11,17,47,44. ,08,00020
3101420,1,2011,03,11,17,49,12. ,05,00017
3101420,1,2011,03,11,17,53,10. ,08,00021
3101420,1,2011,03,11,17,56,56. ,05,00032
3101420,2,2011,03,11,18,04,39. ,20,00096
3101420,1,2011,03,11,18,15,47. ,13,00071
3101420,1,2011,03,11,18,20,09. ,14,00069
3101420,1,2011,03,11,18,26,38. ,05,00014
3101420,1,2011,03,11,18,34,52. ,12,00038
3101420,1,2011,03,11,18,37,41. ,13,00028
3101420,1,2011,03,11,18,38,42. ,07,00048
3101420,1,2011,03,11,18,53,29. ,06,00020
3101420,1,2011,03,11,18,56,05. ,13,00052
3101420,1,2011,03,11,18,57,28. ,05,00041
3101420,1,2011,03,11,18,59,04. ,05,00031
3101420,1,2011,03,11,19,05,53. ,06,00016
3101420,2,2011,03,11,19,21,20. ,18,00072
3101420,2,2011,03,11,19,36,08. ,17,00089
3101420,2,2011,03,11,19,46,33. ,22,00165
3101420,1,2011,03,11,20,01,37. ,14,00054
3101420,1,2011,03,11,20,07,43. ,09,00065
3101420,2,2011,03,11,20,13,58. ,17,00039
3101420,2,2011,03,11,20,17,14. ,18,00057
3101420,1,2011,03,11,20,21,20. ,10,00040
3101420,2,2011,03,11,20,37,58. ,16,00037
3101420,1,2011,03,11,20,40,19. ,08,00021
3101420,1,2011,03,11,20,41,52. ,05,00018
3101420,1,2011,03,11,20,45,23. ,09,00014
3101420,2,2011,03,11,20,47,13. ,15,00061
3101420,1,2011,03,11,20,54,03. ,05,00046
3101420,1,2011,03,11,20,56,57. ,13,00042
3101420,2,2011,03,11,21,13,33. ,22,00071
3101420,1,2011,03,11,21,49,47. ,12,00027
3101420,1,2011,03,11,21,56,55. ,12,00031
3101420,1,2011,03,11,22,00,09. ,09,00019
3101420,1,2011,03,11,22,16,28. ,11,00042
3101420,2,2011,03,11,22,17,20. ,18,00060
3101420,1,2011,03,11,22,33,59. ,05,00021
3101420,1,2011,03,11,22,35,21. ,10,00024
3101420,2,2011,03,11,22,47,57. ,17,00182
3101420,1,2011,03,11,22,52,18. ,06,00020
3101420,1,2011,03,11,22,56,51. ,10,00025
3101420,1,2011,03,11,22,59,31. ,10,00031
3101420,2,2011,03,11,23,01,08. ,15,00075
3101420,1,2011,03,11,23,11,27. ,10,00024
3101420,1,2011,03,11,23,15,19. ,07,00058
3101420,1,2011,03,11,23,27,21. ,11,00036
3101420,1,2011,03,11,23,44,35. ,10,00053
3101420,1,2011,03,11,23,54,58. ,11,00025
3101420,2,2011,03,11,23,56,55. ,18,00061
3101420,1,2011,03,12,00,08,04. ,14,00038
3101420,2,2011,03,12,00,13,46. ,24,00092
3101420,1,2011,03,12,00,15,40. ,10,00031
3101420,2,2011,03,12,00,20,26. ,23,00121
3101420,1,2011,03,12,00,26,47. ,05,00027
3101420,1,2011,03,12,00,33,27. ,08,00022
3101420,1,2011,03,12,00,42,54. ,14,00038
3101420,1,2011,03,12,01,05,58. ,06,00037
3101420,1,2011,03,12,01,50,07. ,07,00035
3101420,2,2011,03,12,02,31,20. ,23,00130
3101420,1,2011,03,12,02,52,13. ,05,00030
3101420,2,2011,03,12,03,12,00. ,18,00055
3101420,1,2011,03,12,03,17,45. ,14,00028
3101420,3,2011,03,12,03,44,24. ,26,00231
3101420,1,2011,03,12,03,46,05. ,11,00033
3101420,2,2011,03,12,03,59,44. ,19,00047
3101420,1,2011,03,12,04,04,42. ,12,00017
3101420,2,2011,03,12,04,09,02. ,16,00077
3101420,1,2011,03,12,04,25,15. ,10,00023
3101420,1,2011,03,12,04,32,38. ,12,00035
3101420,2,2011,03,12,04,46,04. ,18,00094
3101420,1,2011,03,12,04,59,21. ,07,00029
3101420,2,2011,03,12,05,26,06. ,15,00054
3101420,2,2011,03,12,05,34,59. ,19,00125
3101420,1,2011,03,12,06,34,57. ,08,00036
3101420,1,2011,03,12,06,42,56. ,07,00019
3101420,1,2011,03,12,06,54,54. ,07,00042
3101420,1,2011,03,12,08,12,55. ,05,00036
3101420,1,2011,03,12,08,59,59. ,14,00048
3101420,1,2011,03,12,09,25,56. ,06,00018
3101420,1,2011,03,12,10,12,20. ,13,00097
3101420,1,2011,03,12,10,14,15. ,06,00034
3101420,1,2011,03,12,10,25,49. ,06,00016
3101420,1,2011,03,12,10,44,02. ,14,00039
3101420,1,2011,03,12,10,47,04. ,06,00022
3101420,2,2011,03,12,10,48,00. ,19,00048
3101420,1,2011,03,12,10,50,03. ,07,00041
3101420,1,2011,03,12,11,00,49. ,08,00022
3101420,1,2011,03,12,11,34,43. ,12,00040
3101420,1,2011,03,12,11,48,54. ,12,00035
3101420,1,2011,03,12,11,53,03. ,08,00032
3101420,1,2011,03,12,11,56,51. ,09,00033
3101420,1,2011,03,12,12,12,44. ,09,00022
3101420,1,2011,03,12,14,15,05. ,08,00022
3101420,1,2011,03,12,14,27,05. ,06,00049
3101420,1,2011,03,12,15,01,11. ,05,00015
3101420,1,2011,03,12,15,44,27. ,11,00074
3101420,1,2011,03,12,16,14,23. ,06,00018
3101420,1,2011,03,12,16,37,33. ,09,00029
3101420,1,2011,03,12,16,54,54. ,07,00016
3101420,1,2011,03,12,19,54,53. ,11,00019
3101420,1,2011,03,12,21,55,08. ,09,00036
3101420,2,2011,03,12,22,16,02. ,23,00166
3101420,1,2011,03,12,22,57,57. ,10,00027
3101420,1,2011,03,12,23,35,55. ,08,00016
3101420,1,2011,03,13,03,09,48. ,07,00024
3101420,1,2011,03,13,05,41,47. ,06,00042
3101420,2,2011,03,13,07,13,16. ,23,00100
3101420,2,2011,03,13,08,25,25. ,21,00079
3101420,1,2011,03,13,08,41,30. ,08,00019
3101420,1,2011,03,13,09,41,40. ,12,00081
3101420,2,2011,03,13,10,27,01. ,15,00032
3101420,1,2011,03,13,11,33,14. ,09,00029
3101420,1,2011,03,13,12,01,38. ,05,00023
3101420,1,2011,03,13,15,00,27. ,12,00059
3101420,2,2011,03,13,20,38,06. ,18,00065
3101420,1,2011,03,13,20,57,09. ,06,00020
3101420,1,2011,03,13,21,45,13. ,05,00029
3101420,1,2011,03,14,05,00,34. ,11,00035
3101420,2,2011,03,14,15,52,39. ,24,00162
3101420,1,2011,03,20,19,59,50. ,05,00031
3101420,1,2011,03,20,21,44,14. ,05,00017
3101420,1,2011,03,21,04,54,49. ,12,00057
3101420,1,2011,03,21,05,05,45. ,09,00061
3101420,1,2011,03,21,05,18,42. ,06,00019
3101420,1,2011,03,21,14,08,47. ,10,00033
3101420,1,2011,03,21,17,07,00. ,06,00018
3101420,1,2011,03,22,06,24,26. ,09,00055
3101420,2,2011,03,22,16,20,09. ,18,00060
3101420,2,2011,03,22,17,33,37. ,18,00075
3101420,3,2011,03,22,18,19,32. ,30,00214
3101420,1,2011,03,22,18,46,46. ,08,00028
3101420,2,2011,03,22,21,04,49. ,21,00084
3101420,2,2011,03,22,22,51,43. ,15,00027
3101420,1,2011,03,23,00,04,44. ,10,00016
3101420,1,2011,03,23,00,24,50. ,05,00026
3101420,1,2011,03,23,04,10,44. ,07,00019
3101420,2,2011,03,23,07,12,40. ,23,00160
3101420,2,2011,03,23,07,35,08. ,23,00345
3101420,2,2011,03,23,07,36,42. ,23,00242
3101420,1,2011,03,23,07,53,47. ,08,00033
3101420,1,2011,03,23,08,04,10. ,07,00038
3101420,1,2011,03,23,18,55,39. ,08,00039
3101420,1,2011,03,23,19,44,11. ,14,00048
3101420,1,2011,03,24,05,33,27. ,09,00040
3101420,1,2011,03,24,08,57,04. ,12,00063
3101420,1,2011,03,24,14,03,55. ,05,00033
3101420,1,2011,03,24,16,04,41. ,06,00014
3101420,2,2011,03,24,17,22,15. ,17,00046
3101420,1,2011,03,25,02,08,38. ,09,00047
3101420,1,2011,03,25,03,17,15. ,08,00046
3101420,1,2011,03,25,20,37,37. ,14,00030
3101420,1,2011,03,26,23,11,16. ,06,00037
3101420,1,2011,03,27,01,07,22. ,11,00045
3101420,1,2011,03,27,20,09,02. ,05,00020
3101420,1,2011,03,28,00,18,34. ,10,00030
3101420,1,2011,03,28,06,12,14. ,08,00052
3101420,2,2011,03,28,07,24,42. ,24,00069
3101420,1,2011,03,28,14,45,43. ,09,00018
3101420,2,2011,03,29,19,55,09. ,21,00091
3101420,1,2011,03,29,21,25,16. ,07,00028
3101420,2,2011,03,30,22,19,20. ,18,00154
3101420,1,2011,03,31,16,16,51. ,09,00019
3101420,1,2011,04,01,02,22,07. ,07,00033
3101420,1,2011,04,01,21,15,56. ,08,00016
3101420,1,2011,04,01,23,45,18. ,09,00025
3101420,1,2011,04,02,14,08,32. ,10,00058
3101420,2,2011,04,02,16,56,18. ,17,00110
3101420,1,2011,04,02,19,23,02. ,10,00052
3101420,1,2011,04,02,23,38,28. ,07,00035
3101420,2,2011,04,03,16,39,27. ,15,00064
3101420,1,2011,04,03,21,58,13. ,07,00027
3101420,1,2011,04,04,13,43,56. ,05,00030
3101420,1,2011,04,06,21,57,06. ,12,00073
3101420,2,2011,04,06,22,55,31. ,15,00060
3101420,2,2011,04,07,11,41,02. ,17,00087
3101420,3,2011,04,07,23,33,19. ,34,00362
3101420,1,2011,04,08,05,47,40. ,07,00058
3101420,1,2011,04,08,11,57,48. ,13,00069
3101420,1,2011,04,08,19,33,43. ,05,00034
3101420,2,2011,04,09,00,40,06. ,15,00095
3101420,1,2011,04,09,03,53,45. ,07,00044
3101420,1,2011,04,10,09,51,10. ,08,00044
3101420,1,2011,04,11,02,45,16. ,09,00042
3101420,1,2011,04,11,05,20,25. ,07,00029
3101420,2,2011,04,11,06,36,11. ,22,00201
3101420,2,2011,04,11,13,52,20. ,17,00078
3101420,4,2011,04,11,17,16,21. ,41,01272
3101420,3,2011,04,11,17,17,20. ,26,00377
3101420,1,2011,04,11,17,19,52. ,08,00050
3101420,2,2011,04,11,17,26,38. ,19,00150
3101420,1,2011,04,11,17,33,55. ,07,00048
3101420,2,2011,04,11,17,45,30. ,18,00239
3101420,2,2011,04,11,17,58,11. ,21,00245
3101420,1,2011,04,11,18,00,02. ,10,00057
3101420,2,2011,04,11,18,05,28. ,24,00311
3101420,1,2011,04,11,18,06,27. ,09,00080
3101420,1,2011,04,11,18,12,41. ,10,00080
3101420,1,2011,04,11,18,30,51. ,06,00044
3101420,1,2011,04,11,18,36,31. ,13,00099
3101420,2,2011,04,11,18,48,29. ,16,00128
3101420,1,2011,04,11,19,00,21. ,07,00040
3101420,1,2011,04,11,19,06,23. ,05,00025
3101420,1,2011,04,11,19,19,14. ,06,00030
3101420,1,2011,04,11,19,26,02. ,06,00037
3101420,1,2011,04,11,19,28,56. ,05,00063
3101420,1,2011,04,11,19,31,26. ,05,00050
3101420,1,2011,04,11,20,00,51. ,05,00050
3101420,2,2011,04,11,20,27,39. ,16,00071
3101420,3,2011,04,11,20,42,44. ,31,00620
3101420,1,2011,04,11,22,05,56. ,12,00073
3101420,1,2011,04,11,22,21,28. ,08,00142
3101420,1,2011,04,12,00,21,51. ,12,00071
3101420,1,2011,04,12,00,43,23. ,14,00209
3101420,1,2011,04,12,00,58,12. ,12,00054
3101420,1,2011,04,12,02,18,20. ,06,00060
3101420,1,2011,04,12,07,03,31. ,09,00047
3101420,2,2011,04,12,08,09,09. ,15,00040
3101420,1,2011,04,12,08,48,31. ,12,00084
3101420,1,2011,04,12,09,09,45. ,09,00051
3101420,1,2011,04,12,13,33,12. ,06,00092
3101420,4,2011,04,12,14,07,51. ,36,00715
3101420,1,2011,04,12,14,15,23. ,06,00048
3101420,1,2011,04,12,14,26,49. ,11,00056
3101420,1,2011,04,12,17,48,42. ,13,00072
3101420,1,2011,04,12,19,15,55. ,06,00057
3101420,3,2011,04,13,10,08,08. ,27,00226
3101420,2,2011,04,14,07,36,06. ,15,00114
3101420,2,2011,04,14,12,09,17. ,18,00165
3101420,1,2011,04,14,20,24,50. ,11,00065
3101420,3,2011,04,16,11,19,48. ,29,00214
3101420,2,2011,04,18,00,48,00. ,15,00068
3101420,2,2011,04,19,23,10,46. ,24,00218
3101420,2,2011,04,22,01,11,54. ,21,00106
3101420,2,2011,04,23,00,25,46. ,21,00146
3101420,1,2011,04,24,19,10,07. ,07,00110
3101420,1,2011,04,26,13,02,21. ,14,00048
3101420,2,2011,04,26,21,12,28. ,21,00161
3101420,2,2011,04,28,18,28,29. ,24,00118
3101420,2,2011,04,30,14,07,03. ,19,00115
3101420,2,2011,05,14,08,36,18. ,20,00084
3101420,1,2011,05,15,00,02,19. ,07,00030
3101420,1,2011,05,17,00,54,07. ,12,00052
3101420,1,2011,05,18,16,24,30. ,08,00048
3101420,1,2011,05,18,20,48,54. ,09,00050
3101420,1,2011,05,18,22,33,00. ,08,00055
3101420,1,2011,05,20,09,47,00. ,14,00032
3101420,2,2011,05,20,16,29,23. ,16,00069
3101420,1,2011,05,22,07,07,14. ,12,00034
3101420,2,2011,05,24,20,49,52. ,16,00077
3101420,1,2011,05,26,19,56,52. ,14,00081
3101420,1,2011,05,27,12,34,37. ,06,00028
3101420,1,2011,05,27,17,04,24. ,08,00066
3101420,1,2011,05,27,23,39,58. ,07,00025
3101420,1,2011,05,28,11,14,22. ,11,00162
3101420,1,2011,05,29,13,23,46. ,07,00044
3101420,1,2011,05,31,04,37,04. ,13,00038
3101420,1,2011,06,02,14,48,07. ,05,00041
3101420,1,2011,06,03,09,06,25. ,13,00037
3101420,2,2011,06,04,01,00,32. ,24,00166
3101420,2,2011,06,09,19,38,51. ,19,00073
3101420,1,2011,06,12,05,09,29. ,09,00032
3101420,1,2011,06,12,17,10,16. ,11,00037
3101420,1,2011,06,14,22,08,13. ,12,00021
3101420,1,2011,06,18,13,39,20. ,12,00105
3101420,2,2011,06,18,20,31,32. ,23,00117
3101420,1,2011,06,20,03,59,07. ,08,00034
3101420,1,2011,06,23,06,52,51. ,14,00025
3101420,1,2011,06,23,17,23,06. ,05,00025
3101420,1,2011,06,25,16,06,15. ,05,00041
3101420,1,2011,06,30,19,23,23. ,09,00022
3101420,1,2011,07,04,20,00,09. ,08,00054
3101420,2,2011,07,07,00,15,27. ,16,00048
3101420,3,2011,07,08,03,35,59. ,25,00213
3101420,3,2011,07,10,09,57,55. ,26,00132
3101420,2,2011,07,15,21,01,37. ,18,00087
3101420,1,2011,07,16,14,18,09. ,07,00039
3101420,1,2011,07,17,09,56,00. ,05,00033
3101420,1,2011,07,19,10,39,31. ,10,00039
3101420,1,2011,07,23,13,35,48. ,12,00024
3101420,2,2011,07,25,03,51,55. ,24,00143
3101420,2,2011,07,29,23,54,09. ,18,00055
3101420,4,2011,07,31,03,54,09. ,38,00611
3101420,1,2011,08,05,20,16,29. ,06,00036
3101420,1,2011,08,07,12,35,07. ,09,00057
3101420,4,2011,08,12,03,22,22. ,36,00555
3101420,1,2011,08,15,15,27,15. ,09,00040
3101420,1,2011,08,16,19,16,28. ,10,00050
3101420,1,2011,08,17,20,45,32. ,13,00039
3101420,3,2011,08,19,14,37,01. ,32,00300
3101420,1,2011,08,22,06,40,05. ,08,00047
3101420,1,2011,08,22,07,06,12. ,07,00043
3101420,1,2011,08,22,17,36,53. ,06,00022
3101420,2,2011,08,22,20,24,30. ,15,00030
3101420,1,2011,08,23,00,26,31. ,06,00027
3101420,1,2011,08,27,11,35,38. ,05,00028
3101420,1,2011,08,27,23,29,58. ,06,00020
3101420,1,2011,09,07,02,55,33. ,10,00028
3101420,1,2011,09,08,22,38,59. ,08,00031
3101420,2,2011,09,10,15,00,56. ,17,00101
3101420,2,2011,09,15,17,00,37. ,24,00104
3101420,2,2011,09,21,22,31,07. ,22,00155
3101420,1,2011,09,23,04,59,57. ,12,00065
3101420,2,2011,09,29,19,05,27. ,20,00087
3101420,2,2011,10,10,11,46,25. ,20,00119
3101420,1,2011,10,20,06,14,09. ,08,00050
3101420,1,2011,10,20,06,21,55. ,06,00031
3101420,1,2011,10,25,12,54,40. ,05,00044
3101420,2,2011,10,26,02,09,11. ,15,00079
3101420,2,2011,11,20,10,23,50. ,17,00164
3101420,1,2011,11,20,10,26,15. ,14,00096
3101420,2,2011,11,24,04,24,53. ,18,00103
3101420,1,2011,11,28,23,33,31. ,11,00095
3101420,1,2011,12,05,10,02,02. ,08,00023
3101420,1,2011,12,16,15,12,27. ,05,00032
3101420,1,2011,12,22,05,10,48. ,11,00053
3101420,1,2011,12,25,12,37,15. ,06,00034
3101420,1,2011,12,31,08,11,12. ,12,00078
3101420,3,2012,01,01,14,30,16. ,27,00203
3101420,1,2012,01,03,03,29,12. ,08,00024
3101420,2,2012,01,07,19,43,42. ,15,00069
3101420,1,2012,01,09,17,50,50. ,05,00015
3101420,1,2012,01,12,10,40,23. ,09,00034
3101420,3,2012,01,12,12,21,07. ,27,00238
3101420,1,2012,01,17,12,30,43. ,05,00041
3101420,2,2012,01,23,20,45,58. ,24,00325
3101420,1,2012,01,28,14,21,26. ,09,00023
3101420,1,2012,02,05,08,59,39. ,05,00028
3101420,1,2012,02,06,07,06,14. ,10,00032
3101420,1,2012,02,11,10,27,25. ,08,00037
3101420,2,2012,02,14,12,28,32. ,16,00055
3101420,2,2012,02,14,15,22,28. ,20,00065
3101420,1,2012,02,18,23,20,56. ,09,00027
3101420,1,2012,02,19,14,54,58. ,14,00096
3101420,1,2012,02,28,14,21,04. ,14,00068
3101420,2,2012,02,29,18,00,26. ,17,00071
3101420,3,2012,03,01,07,32,47. ,27,00264
3101420,2,2012,03,10,02,25,40. ,23,00168
3101420,1,2012,03,14,18,11,03. ,07,00019
3101420,2,2012,03,14,21,05,35. ,21,00076
3101420,1,2012,03,16,04,20,39. ,10,00035
3101420,1,2012,03,25,22,23,25. ,09,00035
3101420,2,2012,03,27,20,02,26. ,18,00039
3101420,1,2012,03,30,13,39,09. ,11,00038
3101420,3,2012,04,01,23,04,41. ,25,00221
3101420,2,2012,04,12,20,20,17. ,15,00058
3101420,3,2012,04,12,23,51,18. ,27,00130
3101420,2,2012,04,13,19,10,21. ,23,00135
3101420,1,2012,04,13,21,12,35. ,10,00045
3101420,1,2012,04,14,17,46,44. ,05,00035
3101420,1,2012,04,17,21,29,38. ,05,00020
3101420,1,2012,04,19,12,33,56. ,13,00039
3101420,1,2012,04,25,05,22,50. ,12,00028
3101420,1,2012,04,29,19,29,35. ,12,00027
3101420,1,2012,04,29,21,17,10. ,14,00075
3101420,1,2012,05,06,05,13,32. ,06,00015
3101420,2,2012,05,08,04,00,17. ,15,00071
3101420,1,2012,05,18,17,19,25. ,11,00083
3101420,1,2012,05,29,01,37,23. ,12,00031
3101420,1,2012,05,31,14,50,08. ,09,00050
3101420,2,2012,06,01,17,48,26. ,17,00086
3101420,1,2012,06,08,14,23,26. ,09,00021
3101420,1,2012,06,17,16,13,34. ,11,00071
3101420,1,2012,06,18,05,33,36. ,14,00023
3101420,1,2012,06,21,08,57,01. ,11,00046
3101420,2,2012,06,28,14,52,10. ,23,00215
3101420,1,2012,07,03,11,33,07. ,10,00066
3101420,1,2012,07,06,02,04,47. ,09,00048
3101420,1,2012,07,16,04,31,57. ,12,00072
3101420,1,2012,07,21,12,02,10. ,05,00015
3101420,1,2012,08,17,20,38,02. ,07,00042
3101420,1,2012,08,20,20,43,22. ,08,00021
3101420,2,2012,08,21,01,43,11. ,15,00053
3101420,2,2012,08,26,03,37,17. ,18,00146
3101420,1,2012,08,28,22,55,31. ,09,00025
3101420,1,2012,08,30,04,06,12. ,09,00032
3101420,1,2012,08,31,23,26,47. ,08,00055
3101420,1,2012,09,14,02,22,41. ,13,00037
3101420,1,2012,09,30,22,39,14. ,06,00050
3101420,1,2012,10,02,03,41,24. ,08,00022
3101420,1,2012,10,02,06,27,53. ,09,00058
3101420,1,2012,10,12,13,57,54. ,08,00025
3101420,1,2012,10,24,16,05,55. ,12,00087
3101420,1,2012,10,24,16,56,54. ,06,00028
3101420,1,2012,10,25,19,33,22. ,12,00047
3101420,1,2012,11,03,07,34,43. ,13,00060
3101420,1,2012,11,08,08,54,47. ,07,00047
3101420,2,2012,11,09,12,52,26. ,17,00052
3101420,1,2012,11,24,00,52,16. ,06,00052
3101420,1,2012,11,24,18,00,26. ,05,00019
3101420,1,2012,12,03,13,57,47. ,07,00035
3101420,4,2012,12,07,17,20,10. ,35,00431
3101420,1,2012,12,07,17,32,35. ,13,00036
3101420,1,2012,12,12,09,20,11. ,08,00041
3101420,2,2012,12,15,13,27,22. ,21,00088
3101420,2,2012,12,15,14,46,28. ,15,00065
3101420,1,2012,12,18,03,46,42. ,10,00028
3101420,1,2012,12,19,03,37,12. ,09,00024
3101420,2,2012,12,29,16,19,49. ,18,00122
3101420,1,2012,12,30,08,05,54. ,11,00039
3101420,1,2013,01,04,22,53,32. ,06,00030
3101420,1,2013,01,10,21,48,57. ,11,00038
3101420,1,2013,01,14,15,54,25. ,13,00052
3101420,2,2013,01,28,03,42,03. ,16,00132
3101420,1,2013,01,31,23,53,58. ,09,00064
3101420,1,2013,02,01,01,05,16. ,07,00057
3101420,1,2013,02,02,23,20,18. ,10,00022
3101420,2,2013,02,09,13,43,23. ,15,00055
3101420,1,2013,02,16,10,33,26. ,05,00018
3101420,1,2013,02,24,13,55,26. ,08,00064
3101420,2,2013,02,25,16,24,06. ,21,00066
3101420,2,2013,03,18,06,53,52. ,18,00259
3101420,1,2013,03,21,14,34,45. ,13,00066
3101420,2,2013,04,06,05,01,23. ,16,00072
3101420,2,2013,04,14,22,25,28. ,15,00090
3101420,1,2013,04,17,21,04,28. ,12,00026
3101420,1,2013,04,21,12,25,25. ,07,00014
3101420,1,2013,04,29,22,02,28. ,09,00020
3101420,1,2013,05,13,22,59,40. ,06,00032
3101420,1,2013,05,15,18,35,17. ,06,00042
3101420,2,2013,05,18,14,48,31. ,21,00081
3101420,1,2013,05,24,17,34,01. ,06,00031
3101420,1,2013,06,04,17,33,41. ,08,00037
3101420,1,2013,06,27,16,13,13. ,06,00031
3101420,1,2013,07,04,00,06,49. ,09,00029
3101420,2,2013,07,20,01,39,58. ,15,00047
3101420,1,2013,07,20,15,07,10. ,13,00028
3101420,1,2013,07,21,18,53,45. ,10,00029
3101420,2,2013,07,23,12,02,29. ,16,00084
3101420,2,2013,08,04,12,29,31. ,17,00054
3101420,2,2013,08,10,07,56,18. ,16,00089
3101420,1,2013,08,12,22,00,03. ,05,00028
3101420,3,2013,09,04,09,21,28. ,26,00097
3101420,1,2013,09,09,09,04,37. ,05,00057
3101420,1,2013,09,13,04,49,52. ,14,00084
3101420,1,2013,09,19,07,45,00. ,05,00061
3101420,3,2013,09,20,02,25,18. ,27,00282
3101420,1,2013,09,30,22,37,54. ,08,00069
3101420,2,2013,10,12,02,43,26. ,22,00165
3101420,1,2013,10,20,10,07,43. ,08,00069
3101420,1,2013,10,22,10,19,14. ,13,00030
3101420,3,2013,10,26,02,12,10. ,28,00236
3101420,1,2013,10,26,06,29,14. ,05,00022
3101420,1,2013,10,28,03,14,43. ,07,00020
3101420,1,2013,10,30,12,22,30. ,13,00052
3101420,1,2013,11,03,14,25,46. ,10,00041
3101420,2,2013,11,10,07,38,22. ,18,00072
3101420,1,2013,11,16,20,45,23. ,08,00024
3101420,1,2013,11,19,14,10,46. ,06,00052
3101420,1,2013,11,21,12,38,42. ,09,00030
3101420,2,2013,12,03,18,17,09. ,20,00072
3101420,1,2013,12,14,13,06,59. ,09,00019
3101420,1,2013,12,21,01,11,19. ,14,00068
3101420,1,2013,12,25,07,42,27. ,08,00037
3101420,2,2013,12,31,10,03,12. ,19,00145
3101420,1,2014,01,09,03,57,41. ,09,00058
3101420,1,2014,02,08,02,19,10. ,11,00038
3101420,1,2014,02,08,11,34,39. ,10,00044
3101420,1,2014,03,17,18,03,26. ,07,00027
3101420,1,2014,03,29,10,54,46. ,09,00027
3101420,1,2014,03,30,20,12,48. ,08,00021
3101420,1,2014,04,13,18,16,21. ,10,00059
3101420,1,2014,04,17,03,18,12. ,12,00041
3101420,1,2014,04,18,07,53,29. ,08,00053
3101420,2,2014,05,05,05,19,02. ,18,00070
3101420,1,2014,05,13,08,35,47. ,05,00019
3101420,1,2014,06,04,02,22,46. ,09,00116
3101420,2,2014,06,16,03,19,43. ,16,00065
3101420,3,2014,06,16,05,15,08. ,28,00313
3101420,1,2014,07,10,17,59,02. ,10,00055
3101420,3,2014,07,12,04,22,35. ,27,00175
3101420,1,2014,07,20,10,25,57. ,14,00080
3101420,1,2014,08,26,11,23,10. ,11,00063
3101420,2,2014,08,29,16,35,38. ,17,00067
3101420,2,2014,09,03,16,24,34. ,15,00032
3101420,2,2014,09,16,12,28,47. ,23,00126
3101420,1,2014,09,24,21,46,23. ,11,00051
3101420,2,2014,09,24,22,31,32. ,15,00055
3101420,1,2014,11,12,09,53,56. ,10,00035
3101420,2,2014,11,22,22,09,20. ,15,00025
3101420,2,2014,12,20,18,30,21. ,22,00084
3101420,1,2014,12,25,08,06,46. ,10,00030
3101420,1,2015,01,23,18,11,49. ,10,00059
3101420,1,2015,01,26,07,20,35. ,07,00024
3101420,1,2015,03,12,20,03,21. ,06,00020
3101420,1,2015,03,24,13,53,51. ,07,00034
3101420,1,2015,04,12,14,25,43. ,05,00036
3101420,1,2015,05,03,13,03,31. ,11,00044
3101420,2,2015,05,13,06,13,57. ,22,00061
3101420,1,2015,05,13,22,45,30. ,07,00078
3101420,2,2015,05,15,12,30,53. ,15,00116
3101420,2,2015,05,25,14,28,28. ,23,00140
3101420,1,2015,05,30,01,07,15. ,08,00041
3101420,3,2015,05,30,20,27,01. ,27,00106
3101420,1,2015,06,09,05,44,33. ,07,00029
3101420,1,2015,06,29,19,07,54. ,06,00039
3101420,1,2015,07,21,18,17,35. ,09,00036
3101420,1,2015,08,05,20,56,46. ,12,00040
3101420,3,2015,08,06,18,22,43. ,26,00353
3101420,1,2015,08,14,05,13,54. ,13,00088
3101420,1,2015,08,24,14,50,19. ,06,00016
3101420,1,2015,08,28,23,46,36. ,09,00045
3101420,1,2015,09,07,01,45,36. ,06,00039
3101420,1,2015,09,12,05,49,48. ,11,00040
3101420,1,2015,09,12,11,45,23. ,13,00056
3101420,3,2015,10,21,15,05,07. ,29,00402
3101420,1,2015,11,07,22,45,22. ,10,00038
3101420,1,2015,11,19,18,33,38. ,11,00047
3101420,1,2015,11,20,08,16,10. ,10,00063
3101420,1,2015,11,22,08,20,51. ,14,00073
3101420,2,2016,01,15,04,29,08. ,17,00192
3101420,1,2016,02,04,03,00,12. ,05,00021
3101420,1,2016,02,07,10,09,58. ,07,00054
3101420,1,2016,02,07,19,27,25. ,05,00028
3101420,1,2016,02,19,22,14,43. ,07,00019
3101420,1,2016,03,22,14,34,36. ,07,00058
3101420,1,2016,03,31,11,48,52. ,06,00055
3101420,1,2016,04,20,21,20,30. ,13,00035
3101420,1,2016,05,16,21,23,31. ,13,00081
3101420,1,2016,05,28,18,10,51. ,07,00075
3101420,1,2016,06,12,07,54,53. ,07,00028
3101420,2,2016,06,27,07,57,59. ,17,00047
3101420,1,2016,07,17,13,24,31. ,09,00052
3101420,1,2016,07,20,07,25,50. ,14,00056
3101420,3,2016,07,27,23,47,31. ,26,00214
3101420,1,2016,07,28,05,19,43. ,05,00021
3101420,3,2016,08,15,16,05,06. ,27,00167
3101420,2,2016,08,19,21,07,59. ,18,00101
3101420,1,2016,08,31,05,05,33. ,11,00034
3101420,1,2016,09,07,13,29,05. ,11,00053
3101420,1,2016,09,09,20,53,35. ,13,00048
3101420,1,2016,09,09,23,18,19. ,07,00034
3101420,1,2016,09,13,19,13,02. ,08,00034
3101420,1,2016,10,16,16,38,00. ,10,00020
3101420,1,2016,10,20,11,50,28. ,10,00026
3101420,1,2016,11,12,06,43,57. ,13,00034
3101420,1,2016,11,21,07,00,07. ,07,00025
3101420,4,2016,11,22,06,00,14. ,38,00619
3101420,1,2016,11,22,06,10,59. ,10,00034
3101420,1,2016,11,22,06,21,13. ,07,00025
3101420,1,2016,11,22,06,29,01. ,08,00029
3101420,1,2016,11,22,06,40,16. ,10,00024
3101420,1,2016,11,22,06,43,13. ,08,00026
3101420,1,2016,11,22,06,51,35. ,08,00024
3101420,1,2016,11,22,08,40,30. ,08,00024
3101420,1,2016,11,22,10,38,37. ,07,00031
3101420,3,2016,11,22,23,04,22. ,25,00208
3101420,2,2016,11,24,06,23,57. ,23,00119
3101420,1,2016,11,25,09,20,38. ,07,00027
3101420,1,2016,11,28,17,46,46. ,05,00028
3101420,1,2016,12,04,14,36,47. ,10,00031
3101420,1,2016,12,20,01,41,51. ,11,00025
3101420,1,2016,12,24,02,25,46. ,13,00043
3101420,3,2016,12,28,21,38,58. ,31,00337
3101420,1,2016,12,28,21,53,29. ,05,00024
3101420,1,2016,12,31,05,09,04. ,12,00036
3101420,2,2017,01,05,00,44,14. ,22,00142
3101420,2,2017,01,05,02,53,44. ,19,00100
3101420,1,2017,01,08,13,15,56. ,05,00032
3101420,2,2017,02,11,06,05,52. ,16,00080
3101420,1,2017,02,19,18,20,16. ,08,00020
3101420,1,2017,02,26,23,55,16. ,05,00028
3101420,2,2017,02,27,00,03,50. ,17,00130
3101420,2,2017,02,28,16,49,24. ,22,00164
3101420,1,2017,03,01,15,43,42. ,06,00028
3101420,2,2017,03,12,04,58,25. ,17,00054
3101420,1,2017,03,22,09,21,40. ,07,00026
3101420,1,2017,04,09,07,20,54. ,09,00023
3101420,1,2017,04,12,03,11,04. ,06,00048
3101420,1,2017,04,20,04,46,24. ,06,00054
3101420,1,2017,06,19,05,51,39. ,07,00035
3101420,1,2017,07,07,21,49,09. ,06,00032
3101420,2,2017,07,20,09,11,48. ,19,00099
3101420,2,2017,08,02,02,02,15. ,23,00334
3101420,1,2017,08,02,07,16,22. ,10,00038
3101420,1,2017,08,10,09,37,07. ,09,00023
3101420,1,2017,08,26,04,20,43. ,11,00075
3101420,1,2017,08,27,11,26,13. ,13,00073
3101420,1,2017,09,20,05,18,47. ,07,00026
3101420,1,2017,09,21,01,38,57. ,10,00028
3101420,1,2017,09,28,16,12,06. ,05,00020
3101420,1,2017,10,01,10,25,15. ,13,00095
3101420,1,2017,10,06,17,00,58. ,10,00034
3101420,3,2017,10,06,23,56,57. ,30,00528
3101420,1,2017,10,12,15,13,29. ,11,00032
3101420,1,2017,11,02,22,31,30. ,10,00065
3101420,1,2017,11,03,21,38,19. ,10,00061
3101420,1,2017,11,17,10,03,07. ,06,00025
3101420,1,2017,12,02,00,12,58. ,06,00048
3101420,1,2018,01,06,00,54,53. ,05,00017
3101420,1,2018,02,18,19,02,07. ,07,00023
3101420,3,2018,02,26,01,29,05. ,27,00160
3101420,2,2018,03,30,08,17,47. ,22,00171
3101420,1,2018,07,07,20,24,49. ,10,00019
3101420,1,2018,07,17,04,34,34. ,12,00081
3101420,1,2018,07,29,09,59,14. ,08,00014
3101420,2,2018,07,31,17,42,40. ,18,00079
3101420,1,2018,08,08,18,07,50. ,12,00044
3101420,1,2018,08,11,06,11,45. ,13,00072
3101420,2,2018,09,05,05,11,41. ,23,00131
3101420,1,2018,09,14,14,35,40. ,12,00058
3101420,1,2018,09,14,17,27,06. ,05,00038
3101420,1,2018,10,02,12,28,21. ,10,00035
3101420,1,2018,10,22,19,47,55. ,10,00029
3101420,1,2018,10,26,03,37,08. ,10,00029
3101420,1,2018,10,27,09,08,36. ,08,00023
3101420,2,2018,11,23,23,30,31. ,17,00119
3101420,2,2018,11,27,08,34,18. ,15,00087
3101420,1,2018,11,28,20,15,23. ,06,00029
3101420,1,2018,12,08,10,54,29. ,14,00070
3101420,1,2018,12,12,17,50,10. ,14,00117
3101420,1,2018,12,17,18,46,40. ,05,00123
3101420,2,2019,01,14,13,24,08. ,20,00138
3101420,1,2019,01,18,21,47,00. ,11,00030
3101420,1,2019,03,02,06,03,52. ,11,00038
3101420,1,2019,03,11,02,11,47. ,09,00019
3101420,3,2019,06,17,08,00,24. ,25,00374
3101420,2,2019,06,18,22,23,17. ,16,00048
3101420,2,2019,07,28,03,33,19. ,17,00051
3101420,3,2019,08,04,19,23,30. ,31,00308
3101420,1,2019,08,24,13,53,45. ,07,00016
3101420,1,2019,09,30,01,02,45. ,10,00102
3101420,1,2019,11,03,14,03,23. ,09,00047
3101420,2,2019,11,08,18,18,38. ,18,00133
3101420,1,2019,11,12,21,56,07. ,05,00033
3101420,1,2019,11,22,05,24,18. ,05,00040
3101420,1,2019,12,03,10,18,30. ,12,00077
3101420,1,2019,12,04,10,39,02. ,12,00097
3101420,2,2019,12,04,19,35,23. ,15,00032
3101420,1,2019,12,05,22,35,29. ,08,00071
3101420,1,2019,12,11,18,39,54. ,11,00030
3101420,1,2020,01,03,03,24,36. ,13,00029
3101420,1,2020,01,14,04,54,16. ,13,00085
3101420,1,2020,01,14,13,26,23. ,09,00036
3101420,2,2020,02,01,02,08,10. ,17,00074
3101420,2,2020,02,06,20,20,43. ,17,00062
3101420,2,2020,02,12,19,37,40. ,17,00098
3101420,1,2020,03,31,20,24,17. ,11,00054
3101420,2,2020,04,12,00,45,02. ,19,00102
3101420,1,2020,04,16,11,18,31. ,06,00026
3101420,1,2020,04,18,17,29,45. ,08,00012
3101420,2,2020,04,20,05,40,18. ,15,00031
3101420,1,2020,04,26,09,49,38. ,07,00036
3101420,1,2020,05,04,22,08,41. ,06,00016
3101420,1,2020,05,04,22,35,03. ,05,00028
3101420,2,2020,05,11,08,58,52. ,17,00091
3101420,1,2020,05,19,12,17,49. ,13,00056
3101420,2,2020,06,01,06,02,29. ,23,00144
3101420,1,2020,06,04,05,31,42. ,14,00078
3101420,1,2020,06,25,04,48,33. ,12,00022
3101420,1,2020,07,03,14,13,34. ,07,00030
3101420,1,2020,07,09,06,05,57. ,06,00032
3101420,2,2020,08,06,02,54,46. ,18,00077
3101420,1,2020,08,30,14,38,08. ,06,00024
3101420,1,2020,09,07,06,34,24. ,14,00040
3101420,1,2020,09,12,11,45,23. ,14,00028
3101420,1,2020,09,17,14,00,59. ,05,00059
3101420,1,2020,09,20,09,04,57. ,08,00050
3101420,1,2020,10,05,11,32,56. ,12,00065
3101420,3,2020,11,22,19,06,11. ,27,00231
3101420,2,2020,12,30,09,35,42. ,24,00202
3101420,1,2021,01,23,22,12,44. ,05,00027
3101420,4,2021,02,13,23,08,17. ,44,01201
3101420,1,2021,02,13,23,52,25. ,12,00040
3101420,1,2021,02,14,16,32,27. ,12,00047
3101420,1,2021,02,15,21,26,43. ,11,00029
3101420,1,2021,02,19,10,07,52. ,05,00021
3101420,1,2021,03,16,04,56,45. ,09,00052
3101420,1,2021,03,17,17,29,33. ,06,00024
3101420,3,2021,03,20,18,10,22. ,28,00216
3101420,2,2021,04,18,09,30,07. ,16,00049
3101420,3,2021,05,01,10,28,01. ,27,00149
3101420,1,2021,05,05,03,11,25. ,08,00031
3101420,2,2021,05,14,08,58,42. ,21,00080
3101420,2,2021,05,21,07,16,10. ,18,00270
3101420,1,2021,05,29,08,21,53. ,08,00019
3101420,1,2021,05,29,09,05,38. ,10,00029
3101420,1,2021,05,29,10,03,09. ,12,00029
3101420,1,2021,06,08,10,20,02. ,05,00016
3101420,1,2021,07,04,15,35,37. ,05,00062
3101420,1,2021,08,03,19,30,06. ,08,00021
3101420,2,2021,08,04,05,34,14. ,21,00068
3101420,1,2021,08,04,05,44,02. ,11,00024
3101420,1,2021,08,04,13,41,14. ,08,00015
3101420,1,2021,08,04,15,09,13. ,05,00014
3101420,2,2021,08,22,11,25,17. ,15,00042
3101420,1,2021,08,27,05,46,37. ,05,00022
3101420,1,2021,08,27,05,49,33. ,14,00065
3101420,1,2021,09,14,07,48,25. ,11,00024
3101420,1,2021,09,19,08,08,11. ,09,00113
3101420,1,2021,09,27,20,26,55. ,11,00040
3101420,2,2021,10,07,22,42,03. ,19,00057
3101420,1,2021,10,21,17,39,05. ,07,00022
3101420,1,2021,10,27,01,28,43. ,13,00039
3101420,2,2021,11,01,06,15,00. ,24,00204
3101420,1,2021,11,03,11,36,25. ,11,00062
3101420,1,2021,11,09,01,15,08. ,13,00110
3101420,2,2021,12,02,01,58,54. ,18,00099
3101420,1,2021,12,04,00,57,05. ,06,00068
3101420,1,2021,12,08,02,29,56. ,11,00053
3101420,1,2021,12,12,12,31,25. ,14,00072
3101420,1,2021,12,25,09,31,03. ,11,00128
