station,intensity,year,month,day,hour,minute,second,intensity_equip,acceleration_max_comb
3010232,1,2011,01,17,16,14,15. ,11,00047
3010232,1,2011,02,10,13,20,51. ,06,00033
3010232,2,2011,02,10,22,03,42. ,18,00066
3010232,1,2011,02,13,12,15,15. ,08,00058
3010232,1,2011,02,27,00,39,37. ,12,00031
3010232,1,2011,03,07,05,11,17. ,08,00073
3010232,3,2011,03,09,11,46,47. ,26,00104
3010232,2,2011,03,10,03,17,38. ,21,00057
3010232,2,2011,03,10,06,25,29. ,23,00075
3010232,B,2011,03,11,14,48,10. ,54,03155
3010232,4,2011,03,11,14,52,10. ,36,00303
3010232,3,2011,03,11,14,55,10. ,33,00394
3010232,2,2011,03,11,14,56,10. ,22,00077
3010232,2,2011,03,11,14,57,10. ,20,00094
3010232,3,2011,03,11,14,59,10. ,26,00138
3010232,2,2011,03,11,15,01,10. ,15,00060
3010232,2,2011,03,11,15,04,33. ,20,00063
3010232,3,2011,03,11,15,05,30. ,26,00189
3010232,3,2011,03,11,15,08,30. ,25,00120
3010232,3,2011,03,11,15,07,34. ,29,00196
3010232,3,2011,03,11,15,09,30. ,28,00141
3010232,3,2011,03,11,15,11,30. ,32,00280
3010232,3,2011,03,11,15,13,30. ,27,00194
3010232,2,2011,03,11,15,14,30. ,16,00052
3010232,A,2011,03,11,15,15,52. ,49,01473
3010232,2,2011,03,11,15,18,50. ,24,00112
3010232,3,2011,03,11,15,19,50. ,25,00093
3010232,2,2011,03,11,15,20,50. ,24,00099
3010232,2,2011,03,11,15,21,50. ,17,00044
3010232,2,2011,03,11,15,24,20. ,17,00036
3010232,3,2011,03,11,15,27,00. ,30,00251
3010232,1,2011,03,11,15,26,09. ,12,00034
3010232,2,2011,03,11,15,29,00. ,17,00055
3010232,2,2011,03,11,15,30,10. ,15,00048
3010232,1,2011,03,11,15,31,10. ,13,00032
3010232,2,2011,03,11,15,32,10. ,15,00045
3010232,2,2011,03,11,15,33,43. ,18,00080
3010232,2,2011,03,11,15,35,40. ,20,00076
3010232,2,2011,03,11,15,37,42. ,15,00039
3010232,2,2011,03,11,15,38,48. ,17,00040
3010232,2,2011,03,11,15,44,54. ,23,00184
3010232,2,2011,03,11,15,54,55. ,15,00078
3010232,1,2011,03,11,15,56,34. ,12,00031
3010232,3,2011,03,11,15,57,32. ,28,00124
3010232,1,2011,03,11,16,00,50. ,12,00036
3010232,2,2011,03,11,16,03,28. ,15,00041
3010232,2,2011,03,11,16,14,32. ,19,00050
3010232,3,2011,03,11,16,15,30. ,28,00153
3010232,1,2011,03,11,16,17,39. ,11,00026
3010232,3,2011,03,11,16,18,30. ,25,00159
3010232,2,2011,03,11,16,27,16. ,21,00074
3010232,2,2011,03,11,16,29,50. ,24,00109
3010232,2,2011,03,11,16,30,50. ,24,00173
3010232,2,2011,03,11,16,31,50. ,21,00101
3010232,2,2011,03,11,16,43,21. ,21,00083
3010232,2,2011,03,11,16,45,02. ,22,00066
3010232,2,2011,03,11,16,46,00. ,17,00050
3010232,2,2011,03,11,16,50,39. ,15,00049
3010232,1,2011,03,11,16,57,13. ,13,00029
3010232,1,2011,03,11,17,11,09. ,14,00047
3010232,3,2011,03,11,17,12,31. ,25,00122
3010232,1,2011,03,11,17,16,13. ,11,00043
3010232,3,2011,03,11,17,19,50. ,33,00256
3010232,1,2011,03,11,17,28,04. ,13,00034
3010232,2,2011,03,11,17,29,00. ,16,00037
3010232,3,2011,03,11,17,31,37. ,30,00244
3010232,2,2011,03,11,17,34,25. ,15,00073
3010232,2,2011,03,11,17,35,38. ,22,00163
3010232,4,2011,03,11,17,41,20. ,36,00418
3010232,1,2011,03,11,17,44,53. ,13,00025
3010232,1,2011,03,11,17,57,25. ,05,00058
3010232,2,2011,03,11,18,04,27. ,20,00091
3010232,1,2011,03,11,18,15,55. ,08,00044
3010232,2,2011,03,11,18,20,15. ,18,00101
3010232,2,2011,03,11,18,37,47. ,16,00036
3010232,1,2011,03,11,18,48,52. ,08,00064
3010232,2,2011,03,11,18,55,58. ,19,00104
3010232,1,2011,03,11,18,57,39. ,07,00038
3010232,1,2011,03,11,19,16,11. ,11,00046
3010232,2,2011,03,11,19,21,56. ,20,00080
3010232,2,2011,03,11,19,36,12. ,18,00083
3010232,2,2011,03,11,19,46,47. ,20,00073
3010232,1,2011,03,11,20,01,48. ,14,00051
3010232,1,2011,03,11,20,07,51. ,14,00073
3010232,1,2011,03,11,20,13,54. ,13,00032
3010232,2,2011,03,11,20,17,28. ,18,00068
3010232,2,2011,03,11,20,21,21. ,24,00109
3010232,2,2011,03,11,20,38,16. ,19,00054
3010232,2,2011,03,11,20,47,04. ,21,00090
3010232,2,2011,03,11,20,56,51. ,15,00044
3010232,2,2011,03,11,21,13,57. ,23,00113
3010232,1,2011,03,11,21,22,05. ,08,00031
3010232,1,2011,03,11,21,29,37. ,14,00026
3010232,1,2011,03,11,21,49,47. ,12,00025
3010232,1,2011,03,11,22,00,02. ,14,00029
3010232,2,2011,03,11,22,17,25. ,20,00074
3010232,1,2011,03,11,22,35,18. ,13,00033
3010232,1,2011,03,11,22,48,12. ,13,00050
3010232,3,2011,03,11,23,00,50. ,25,00187
3010232,1,2011,03,11,23,44,34. ,12,00055
3010232,1,2011,03,11,23,54,53. ,12,00024
3010232,2,2011,03,11,23,56,45. ,20,00077
3010232,1,2011,03,12,00,08,20. ,13,00030
3010232,3,2011,03,12,00,13,45. ,29,00163
3010232,2,2011,03,12,00,14,40. ,19,00051
3010232,2,2011,03,12,00,20,21. ,22,00070
3010232,2,2011,03,12,00,42,45. ,21,00082
3010232,1,2011,03,12,01,07,09. ,07,00074
3010232,1,2011,03,12,02,08,30. ,05,00040
3010232,1,2011,03,12,02,31,30. ,13,00040
3010232,2,2011,03,12,03,12,15. ,24,00077
3010232,1,2011,03,12,03,17,48. ,14,00030
3010232,2,2011,03,12,03,44,28. ,21,00122
3010232,1,2011,03,12,03,45,57. ,12,00032
3010232,2,2011,03,12,03,59,48. ,24,00159
3010232,2,2011,03,12,04,04,48. ,16,00038
3010232,3,2011,03,12,04,08,53. ,28,00279
3010232,2,2011,03,12,04,24,46. ,24,00088
3010232,2,2011,03,12,04,32,44. ,17,00058
3010232,2,2011,03,12,04,46,11. ,22,00161
3010232,1,2011,03,12,04,59,12. ,13,00066
3010232,1,2011,03,12,05,24,28. ,13,00038
3010232,1,2011,03,12,05,26,11. ,11,00028
3010232,3,2011,03,12,05,35,14. ,25,00159
3010232,1,2011,03,12,06,35,05. ,09,00033
3010232,1,2011,03,12,06,55,05. ,08,00037
3010232,1,2011,03,12,07,36,38. ,10,00042
3010232,1,2011,03,12,08,12,58. ,09,00048
3010232,1,2011,03,12,09,00,00. ,11,00029
3010232,2,2011,03,12,10,12,37. ,21,00130
3010232,1,2011,03,12,10,14,35. ,12,00042
3010232,2,2011,03,12,10,48,27. ,20,00055
3010232,2,2011,03,12,10,49,20. ,16,00047
3010232,1,2011,03,12,11,34,45. ,13,00036
3010232,1,2011,03,12,11,49,01. ,12,00032
3010232,1,2011,03,12,11,59,42. ,10,00045
3010232,2,2011,03,12,12,12,35. ,18,00046
3010232,1,2011,03,12,12,55,21. ,10,00029
3010232,1,2011,03,12,13,37,47. ,11,00045
3010232,2,2011,03,12,14,15,08. ,19,00071
3010232,1,2011,03,12,15,44,24. ,12,00078
3010232,1,2011,03,12,17,53,22. ,07,00035
3010232,2,2011,03,12,19,55,03. ,15,00037
3010232,1,2011,03,12,21,55,14. ,10,00042
3010232,2,2011,03,12,22,14,54. ,15,00055
3010232,3,2011,03,12,22,16,10. ,25,00140
3010232,2,2011,03,12,23,15,15. ,24,00141
3010232,1,2011,03,12,23,17,29. ,09,00038
3010232,1,2011,03,12,23,35,45. ,13,00031
3010232,1,2011,03,13,03,09,57. ,10,00032
3010232,1,2011,03,13,05,42,07. ,09,00044
3010232,2,2011,03,13,07,13,39. ,21,00085
3010232,2,2011,03,13,07,14,30. ,17,00033
3010232,1,2011,03,13,07,44,56. ,13,00050
3010232,3,2011,03,13,08,25,50. ,32,00226
3010232,1,2011,03,13,09,33,20. ,14,00054
3010232,1,2011,03,13,09,41,37. ,14,00079
3010232,2,2011,03,13,10,26,40. ,23,00093
3010232,1,2011,03,13,11,33,15. ,12,00035
3010232,1,2011,03,13,12,01,43. ,12,00039
3010232,1,2011,03,13,15,00,33. ,11,00034
3010232,2,2011,03,13,20,38,35. ,16,00043
3010232,1,2011,03,13,21,45,21. ,08,00032
3010232,1,2011,03,13,21,59,20. ,05,00064
3010232,1,2011,03,13,23,29,10. ,08,00035
3010232,1,2011,03,14,00,11,25. ,13,00031
3010232,1,2011,03,14,02,29,38. ,12,00031
3010232,1,2011,03,14,02,56,19. ,14,00024
3010232,1,2011,03,14,03,03,48. ,08,00035
3010232,1,2011,03,14,04,17,04. ,12,00037
3010232,1,2011,03,14,05,00,38. ,13,00036
3010232,2,2011,03,14,07,16,51. ,18,00085
3010232,1,2011,03,14,08,41,53. ,09,00053
3010232,1,2011,03,14,08,42,50. ,06,00033
3010232,3,2011,03,14,10,02,54. ,34,00368
3010232,2,2011,03,14,11,11,50. ,16,00074
3010232,2,2011,03,14,15,13,48. ,17,00043
3010232,3,2011,03,14,15,19,15. ,29,00243
3010232,2,2011,03,14,15,52,48. ,20,00104
3010232,1,2011,03,14,15,56,34. ,12,00053
3010232,1,2011,03,14,16,25,41. ,13,00046
3010232,1,2011,03,14,18,08,21. ,09,00051
3010232,1,2011,03,14,20,06,50. ,14,00064
3010232,1,2011,03,15,01,11,55. ,14,00088
3010232,1,2011,03,15,03,36,19. ,06,00037
3010232,2,2011,03,15,03,41,41. ,19,00083
3010232,1,2011,03,15,05,00,12. ,10,00040
3010232,1,2011,03,15,12,21,09. ,12,00033
3010232,1,2011,03,15,14,28,59. ,09,00032
3010232,1,2011,03,15,15,56,48. ,12,00040
3010232,2,2011,03,15,16,04,04. ,17,00097
3010232,1,2011,03,15,18,51,00. ,14,00028
3010232,1,2011,03,15,19,31,54. ,11,00031
3010232,2,2011,03,15,22,28,59. ,19,00064
3010232,2,2011,03,15,22,32,36. ,20,00057
3010232,1,2011,03,16,01,28,33. ,05,00050
3010232,1,2011,03,16,04,54,21. ,09,00028
3010232,1,2011,03,16,05,54,09. ,09,00035
3010232,2,2011,03,16,06,05,07. ,16,00059
3010232,1,2011,03,16,09,22,55. ,09,00048
3010232,1,2011,03,16,10,08,29. ,07,00048
3010232,3,2011,03,16,12,52,18. ,33,00362
3010232,2,2011,03,16,13,15,03. ,23,00125
3010232,1,2011,03,16,13,17,47. ,12,00039
3010232,1,2011,03,16,16,53,07. ,06,00087
3010232,1,2011,03,16,19,17,49. ,06,00047
3010232,1,2011,03,16,20,20,33. ,14,00042
3010232,3,2011,03,16,22,39,13. ,32,00272
3010232,1,2011,03,17,03,57,01. ,07,00032
3010232,1,2011,03,17,07,05,29. ,10,00044
3010232,1,2011,03,17,17,26,09. ,13,00035
3010232,2,2011,03,17,21,32,25. ,23,00082
3010232,2,2011,03,17,21,33,53. ,15,00034
3010232,3,2011,03,17,21,55,14. ,25,00180
3010232,1,2011,03,18,03,38,46. ,09,00032
3010232,1,2011,03,18,06,18,56. ,11,00044
3010232,2,2011,03,18,09,41,59. ,15,00041
3010232,1,2011,03,18,10,50,43. ,08,00067
3010232,2,2011,03,18,17,02,00. ,21,00059
3010232,1,2011,03,19,04,54,02. ,10,00026
3010232,1,2011,03,19,06,19,24. ,09,00025
3010232,2,2011,03,19,08,49,52. ,18,00077
3010232,4,2011,03,19,18,57,00. ,36,00568
3010232,2,2011,03,20,10,31,14. ,19,00093
3010232,1,2011,03,20,14,56,24. ,12,00035
3010232,1,2011,03,20,19,59,53. ,06,00039
3010232,1,2011,03,21,04,54,58. ,13,00056
3010232,1,2011,03,21,05,06,02. ,09,00046
3010232,1,2011,03,21,05,44,51. ,05,00046
3010232,1,2011,03,21,14,08,39. ,14,00052
3010232,1,2011,03,21,19,55,26. ,12,00051
3010232,1,2011,03,21,22,49,48. ,11,00039
3010232,1,2011,03,22,10,20,13. ,06,00043
3010232,2,2011,03,22,12,39,17. ,20,00046
3010232,1,2011,03,22,13,25,50. ,10,00071
3010232,2,2011,03,22,16,19,47. ,18,00059
3010232,1,2011,03,22,17,33,38. ,13,00063
3010232,3,2011,03,22,18,19,45. ,27,00156
3010232,2,2011,03,22,21,04,40. ,22,00077
3010232,2,2011,03,22,22,51,31. ,20,00064
3010232,1,2011,03,23,01,12,51. ,14,00031
3010232,3,2011,03,23,07,12,51. ,29,00270
3010232,3,2011,03,23,07,35,15. ,31,00494
3010232,3,2011,03,23,07,36,50. ,33,00420
3010232,1,2011,03,23,07,54,01. ,12,00034
3010232,1,2011,03,23,08,04,22. ,09,00035
3010232,1,2011,03,23,13,40,40. ,05,00033
3010232,1,2011,03,23,18,55,54. ,10,00029
3010232,1,2011,03,23,19,44,10. ,13,00041
3010232,1,2011,03,24,01,55,01. ,06,00048
3010232,2,2011,03,24,05,33,09. ,18,00124
3010232,2,2011,03,24,05,43,40. ,19,00101
3010232,4,2011,03,24,08,56,58. ,36,00860
3010232,1,2011,03,24,14,04,01. ,07,00037
3010232,2,2011,03,24,17,22,27. ,19,00067
3010232,1,2011,03,25,02,08,51. ,13,00054
3010232,1,2011,03,25,03,14,19. ,09,00039
3010232,1,2011,03,25,03,17,17. ,09,00039
3010232,2,2011,03,25,20,37,45. ,18,00059
3010232,1,2011,03,26,00,46,33. ,06,00036
3010232,1,2011,03,26,05,52,34. ,08,00033
3010232,1,2011,03,26,16,19,57. ,10,00038
3010232,1,2011,03,26,16,52,57. ,10,00030
3010232,1,2011,03,26,16,56,56. ,10,00033
3010232,1,2011,03,26,19,19,57. ,10,00026
3010232,1,2011,03,26,19,30,28. ,13,00065
3010232,1,2011,03,26,23,11,22. ,07,00034
3010232,1,2011,03,26,23,19,30. ,07,00032
3010232,1,2011,03,27,05,30,36. ,06,00051
3010232,2,2011,03,28,06,12,12. ,18,00068
3010232,2,2011,03,28,07,25,06. ,24,00109
3010232,2,2011,03,29,19,55,29. ,23,00076
3010232,1,2011,03,29,20,14,17. ,05,00104
3010232,1,2011,03,29,21,25,14. ,08,00037
3010232,1,2011,03,30,02,46,13. ,09,00041
3010232,1,2011,03,30,06,04,31. ,05,00052
3010232,1,2011,03,30,17,53,07. ,09,00038
3010232,2,2011,03,30,22,19,20. ,19,00144
3010232,1,2011,04,02,14,08,25. ,10,00052
3010232,4,2011,04,02,16,56,02. ,35,00986
3010232,1,2011,04,02,18,05,34. ,09,00041
3010232,1,2011,04,02,19,23,18. ,09,00040
3010232,1,2011,04,02,23,38,43. ,12,00031
3010232,2,2011,04,03,11,49,38. ,19,00201
3010232,2,2011,04,03,16,39,36. ,16,00057
3010232,2,2011,04,04,20,46,33. ,21,00254
3010232,1,2011,04,05,05,44,17. ,12,00098
3010232,2,2011,04,05,13,32,37. ,19,00284
3010232,1,2011,04,05,18,09,10. ,13,00066
3010232,1,2011,04,06,06,24,21. ,07,00039
3010232,1,2011,04,06,19,09,43. ,08,00036
3010232,2,2011,04,06,21,57,09. ,21,00132
3010232,2,2011,04,06,22,55,40. ,16,00059
3010232,2,2011,04,07,11,41,04. ,16,00105
3010232,4,2011,04,07,23,33,24. ,35,00463
3010232,1,2011,04,08,04,46,25. ,12,00147
3010232,1,2011,04,08,05,47,50. ,07,00027
3010232,1,2011,04,08,11,57,50. ,12,00043
3010232,2,2011,04,09,03,57,05. ,17,00194
3010232,2,2011,04,09,17,02,28. ,23,00437
3010232,1,2011,04,09,18,43,29. ,10,00037
3010232,2,2011,04,10,06,23,27. ,15,00051
3010232,1,2011,04,10,09,51,06. ,13,00042
3010232,1,2011,04,11,02,45,37. ,13,00058
3010232,1,2011,04,11,05,20,22. ,05,00032
3010232,2,2011,04,11,06,36,15. ,23,00153
3010232,2,2011,04,11,13,52,28. ,18,00083
3010232,A,2011,04,11,17,16,27. ,46,01261
3010232,3,2011,04,11,17,18,20. ,25,00195
3010232,2,2011,04,11,17,20,00. ,20,00112
3010232,1,2011,04,11,17,21,00. ,11,00034
3010232,1,2011,04,11,17,24,04. ,09,00045
3010232,2,2011,04,11,17,26,53. ,23,00164
3010232,2,2011,04,11,17,34,20. ,16,00101
3010232,2,2011,04,11,17,45,40. ,18,00090
3010232,1,2011,04,11,17,51,29. ,10,00042
3010232,3,2011,04,11,17,58,25. ,25,00179
3010232,2,2011,04,11,18,00,13. ,15,00066
3010232,3,2011,04,11,18,05,35. ,29,00255
3010232,2,2011,04,11,18,12,55. ,15,00089
3010232,1,2011,04,11,18,31,01. ,12,00040
3010232,2,2011,04,11,18,36,45. ,19,00101
3010232,1,2011,04,11,18,48,41. ,13,00051
3010232,2,2011,04,11,19,00,31. ,17,00068
3010232,1,2011,04,11,19,06,27. ,11,00032
3010232,1,2011,04,11,19,26,16. ,10,00043
3010232,1,2011,04,11,19,29,40. ,09,00036
3010232,1,2011,04,11,19,31,36. ,10,00033
3010232,1,2011,04,11,20,00,55. ,12,00048
3010232,1,2011,04,11,20,13,07. ,09,00032
3010232,2,2011,04,11,20,27,58. ,16,00052
3010232,4,2011,04,11,20,42,51. ,37,00491
3010232,2,2011,04,11,22,06,02. ,19,00119
3010232,1,2011,04,11,23,02,31. ,10,00040
3010232,1,2011,04,12,00,22,05. ,08,00031
3010232,1,2011,04,12,00,43,40. ,12,00050
3010232,2,2011,04,12,00,58,25. ,17,00052
3010232,1,2011,04,12,02,18,32. ,11,00053
3010232,1,2011,04,12,02,21,31. ,05,00043
3010232,1,2011,04,12,05,04,13. ,10,00031
3010232,1,2011,04,12,07,03,46. ,11,00038
3010232,3,2011,04,12,08,08,35. ,32,00287
3010232,2,2011,04,12,08,48,42. ,17,00094
3010232,1,2011,04,12,09,09,58. ,10,00039
3010232,4,2011,04,12,14,07,59. ,37,00593
3010232,1,2011,04,12,14,15,37. ,07,00026
3010232,2,2011,04,12,14,27,01. ,18,00089
3010232,2,2011,04,12,17,48,53. ,21,00125
3010232,1,2011,04,12,19,16,08. ,14,00084
3010232,1,2011,04,12,20,47,17. ,08,00065
3010232,1,2011,04,13,07,36,17. ,09,00040
3010232,1,2011,04,13,08,36,51. ,14,00052
3010232,3,2011,04,13,10,08,14. ,33,00356
3010232,1,2011,04,14,06,43,33. ,14,00081
3010232,2,2011,04,14,07,36,02. ,23,00164
3010232,3,2011,04,14,12,09,18. ,29,00241
3010232,1,2011,04,14,20,25,04. ,11,00039
3010232,1,2011,04,15,11,59,21. ,09,00037
3010232,4,2011,04,16,11,19,44. ,38,00703
3010232,1,2011,04,17,05,19,51. ,12,00031
3010232,2,2011,04,17,05,21,55. ,18,00077
3010232,1,2011,04,17,13,23,40. ,06,00037
3010232,1,2011,04,17,13,39,16. ,10,00037
3010232,1,2011,04,17,14,39,17. ,09,00047
3010232,1,2011,04,17,15,49,39. ,10,00047
3010232,1,2011,04,17,21,52,14. ,10,00043
3010232,1,2011,04,18,00,48,06. ,10,00032
3010232,1,2011,04,18,03,09,11. ,09,00042
3010232,1,2011,04,18,11,08,46. ,08,00028
3010232,1,2011,04,19,06,34,28. ,11,00028
3010232,1,2011,04,19,13,00,17. ,07,00045
3010232,3,2011,04,19,23,10,30. ,27,00456
3010232,1,2011,04,20,06,38,22. ,08,00043
3010232,1,2011,04,20,09,51,19. ,12,00042
3010232,1,2011,04,20,17,30,53. ,08,00049
3010232,1,2011,04,21,00,30,08. ,11,00063
3010232,1,2011,04,21,05,32,43. ,06,00052
3010232,3,2011,04,21,22,37,19. ,32,00232
3010232,1,2011,04,21,22,47,36. ,13,00035
3010232,2,2011,04,22,01,12,01. ,21,00113
3010232,1,2011,04,22,10,17,49. ,11,00061
3010232,2,2011,04,23,00,25,52. ,17,00072
3010232,1,2011,04,23,19,14,24. ,11,00037
3010232,1,2011,04,23,23,31,41. ,13,00088
3010232,2,2011,04,24,12,25,20. ,16,00090
3010232,1,2011,04,24,19,10,22. ,08,00030
3010232,2,2011,04,25,18,00,33. ,19,00132
3010232,1,2011,04,26,10,08,09. ,05,00032
3010232,1,2011,04,26,11,27,38. ,09,00034
3010232,1,2011,04,26,13,02,31. ,12,00034
3010232,3,2011,04,26,21,12,10. ,30,00677
3010232,1,2011,04,28,05,36,03. ,05,00072
3010232,2,2011,04,28,18,28,35. ,20,00097
3010232,1,2011,04,30,02,04,45. ,10,00033
3010232,2,2011,04,30,14,07,03. ,16,00054
3010232,1,2011,04,30,14,47,40. ,11,00047
3010232,1,2011,04,30,15,04,56. ,09,00030
3010232,3,2011,05,01,02,12,10. ,26,00196
3010232,1,2011,05,01,08,08,36. ,13,00069
3010232,1,2011,05,01,10,45,31. ,13,00102
3010232,1,2011,05,01,11,49,27. ,11,00036
3010232,1,2011,05,01,18,36,50. ,07,00052
3010232,1,2011,05,03,22,57,41. ,13,00059
3010232,1,2011,05,04,17,47,29. ,06,00049
3010232,1,2011,05,05,00,09,24. ,06,00053
3010232,1,2011,05,05,19,21,10. ,10,00054
3010232,1,2011,05,06,00,00,00. ,11,00029
3010232,2,2011,05,06,02,05,01. ,16,00065
3010232,1,2011,05,07,20,25,21. ,07,00033
3010232,1,2011,05,09,19,53,42. ,05,00042
3010232,1,2011,05,09,21,08,44. ,09,00035
3010232,1,2011,05,10,19,15,27. ,13,00031
3010232,2,2011,05,11,05,24,43. ,21,00119
3010232,1,2011,05,13,08,36,09. ,12,00139
3010232,2,2011,05,14,06,49,52. ,15,00050
3010232,2,2011,05,14,08,36,37. ,23,00102
3010232,1,2011,05,17,00,54,14. ,09,00035
3010232,2,2011,05,17,22,41,16. ,16,00108
3010232,3,2011,05,20,09,46,38. ,27,00125
3010232,2,2011,05,20,16,29,30. ,19,00089
3010232,3,2011,05,20,17,53,15. ,27,00337
3010232,1,2011,05,21,17,52,05. ,09,00033
3010232,1,2011,05,22,00,03,33. ,05,00034
3010232,3,2011,05,22,07,06,43. ,30,00279
3010232,1,2011,05,24,20,49,45. ,12,00070
3010232,2,2011,05,25,05,36,48. ,15,00042
3010232,2,2011,05,25,09,19,27. ,24,00216
3010232,2,2011,05,26,19,56,56. ,15,00055
3010232,1,2011,05,27,12,34,49. ,12,00035
3010232,1,2011,05,27,17,04,37. ,14,00065
3010232,1,2011,05,28,10,57,47. ,12,00061
3010232,2,2011,05,28,11,14,14. ,19,00149
3010232,1,2011,05,28,21,28,48. ,08,00051
3010232,1,2011,05,29,13,23,58. ,11,00052
3010232,1,2011,05,29,18,49,42. ,07,00043
3010232,2,2011,05,31,04,36,59. ,17,00097
3010232,1,2011,05,31,16,50,35. ,08,00041
3010232,1,2011,06,03,09,06,28. ,14,00048
3010232,2,2011,06,03,10,33,46. ,22,00094
3010232,2,2011,06,04,01,00,39. ,21,00133
3010232,3,2011,06,09,19,38,47. ,30,00313
3010232,1,2011,06,10,17,18,53. ,14,00058
3010232,1,2011,06,11,15,34,40. ,09,00037
3010232,1,2011,06,12,09,38,21. ,09,00034
3010232,1,2011,06,12,17,10,10. ,10,00048
3010232,2,2011,06,14,22,08,15. ,15,00045
3010232,2,2011,06,18,13,39,34. ,18,00087
3010232,3,2011,06,18,20,31,37. ,25,00135
3010232,2,2011,06,21,17,50,18. ,15,00036
3010232,1,2011,06,23,03,19,19. ,14,00117
3010232,2,2011,06,23,06,52,59. ,20,00059
3010232,1,2011,06,24,15,55,00. ,08,00027
3010232,1,2011,06,25,16,06,28. ,10,00068
3010232,1,2011,06,28,00,05,15. ,10,00035
3010232,2,2011,07,07,00,15,37. ,19,00054
3010232,2,2011,07,08,03,36,05. ,23,00184
3010232,3,2011,07,10,09,58,01. ,26,00164
3010232,4,2011,07,15,21,01,21. ,35,00603
3010232,1,2011,07,16,17,56,57. ,10,00057
3010232,1,2011,07,16,17,58,05. ,13,00065
3010232,1,2011,07,17,09,56,12. ,09,00047
3010232,1,2011,07,22,10,36,37. ,07,00043
3010232,1,2011,07,23,23,22,41. ,12,00156
3010232,3,2011,07,25,03,52,10. ,25,00174
3010232,1,2011,07,25,20,55,40. ,14,00025
3010232,1,2011,07,26,05,35,47. ,10,00038
3010232,1,2011,07,29,19,59,19. ,07,00040
3010232,2,2011,07,29,23,54,08. ,19,00047
3010232,4,2011,07,31,03,54,10. ,35,00607
3010232,1,2011,08,01,23,59,18. ,14,00027
3010232,1,2011,08,02,12,38,07. ,09,00030
3010232,1,2011,08,03,04,26,26. ,08,00034
3010232,1,2011,08,05,20,16,36. ,11,00046
3010232,1,2011,08,06,16,15,32. ,12,00030
3010232,2,2011,08,07,12,35,10. ,17,00107
3010232,1,2011,08,10,04,36,05. ,10,00025
3010232,1,2011,08,10,15,17,45. ,08,00069
3010232,1,2011,08,11,10,26,48. ,09,00034
3010232,3,2011,08,12,03,22,26. ,30,00268
3010232,1,2011,08,14,16,38,53. ,06,00033
3010232,2,2011,08,15,15,26,58. ,21,00150
3010232,2,2011,08,16,19,16,35. ,15,00057
3010232,2,2011,08,17,09,23,29. ,19,00252
3010232,1,2011,08,17,10,51,43. ,07,00048
3010232,1,2011,08,18,01,33,03. ,10,00040
3010232,2,2011,08,19,00,39,57. ,23,00362
3010232,3,2011,08,19,14,37,06. ,28,00264
3010232,2,2011,08,22,17,36,32. ,19,00128
3010232,2,2011,08,22,20,24,20. ,21,00064
3010232,1,2011,08,23,11,14,11. ,05,00041
3010232,1,2011,08,23,17,27,48. ,10,00042
3010232,1,2011,08,25,00,57,04. ,05,00073
3010232,1,2011,08,26,21,26,21. ,08,00107
3010232,1,2011,08,27,11,35,46. ,11,00047
3010232,2,2011,08,27,14,05,54. ,19,00103
3010232,1,2011,08,30,03,22,19. ,14,00061
3010232,1,2011,08,31,18,33,17. ,12,00042
3010232,2,2011,09,04,05,53,16. ,17,00068
3010232,2,2011,09,05,17,04,43. ,16,00075
3010232,1,2011,09,08,17,22,53. ,10,00095
3010232,1,2011,09,08,22,39,05. ,10,00029
3010232,3,2011,09,10,15,00,43. ,31,00371
3010232,1,2011,09,11,19,09,53. ,11,00049
3010232,2,2011,09,13,02,42,54. ,16,00101
3010232,3,2011,09,15,17,00,31. ,28,00161
3010232,1,2011,09,17,18,05,09. ,08,00049
3010232,1,2011,09,19,18,36,48. ,10,00063
3010232,1,2011,09,19,18,38,52. ,08,00104
3010232,3,2011,09,21,22,31,09. ,25,00328
3010232,2,2011,09,23,05,00,02. ,15,00070
3010232,2,2011,09,23,17,16,15. ,17,00071
3010232,1,2011,09,28,20,26,12. ,08,00054
3010232,2,2011,09,29,19,05,39. ,24,00146
3010232,2,2011,10,09,01,09,05. ,17,00102
3010232,2,2011,10,10,11,46,41. ,21,00130
3010232,1,2011,10,14,18,27,18. ,11,00037
3010232,1,2011,10,19,16,05,30. ,12,00060
3010232,1,2011,10,20,06,14,24. ,08,00035
3010232,1,2011,10,20,06,22,08. ,13,00056
3010232,1,2011,10,26,02,09,26. ,11,00043
3010232,1,2011,10,26,13,19,21. ,06,00049
3010232,3,2011,11,03,19,34,40. ,32,00381
3010232,1,2011,11,04,11,59,46. ,12,00028
3010232,1,2011,11,09,14,24,56. ,08,00037
3010232,2,2011,11,20,10,23,54. ,20,00133
3010232,2,2011,11,24,04,25,14. ,21,00105
3010232,1,2011,11,27,13,06,28. ,05,00035
3010232,1,2011,11,28,23,33,19. ,13,00081
3010232,2,2011,12,03,05,55,58. ,18,00085
3010232,1,2011,12,08,07,12,08. ,08,00029
3010232,1,2011,12,11,20,16,31. ,13,00090
3010232,1,2011,12,12,04,51,31. ,14,00075
3010232,2,2011,12,12,14,13,31. ,17,00100
3010232,1,2011,12,15,07,46,07. ,06,00043
3010232,1,2011,12,16,15,12,21. ,13,00068
3010232,1,2011,12,17,22,51,14. ,09,00037
3010232,1,2011,12,20,02,25,03. ,12,00055
3010232,1,2011,12,22,05,11,02. ,11,00056
3010232,2,2011,12,23,23,44,23. ,15,00132
3010232,1,2011,12,31,08,11,27. ,11,00062
3010232,3,2012,01,01,14,30,06. ,34,00337
3010232,1,2012,01,03,03,29,11. ,10,00025
3010232,1,2012,01,07,19,43,48. ,12,00040
3010232,1,2012,01,12,10,40,31. ,12,00065
3010232,2,2012,01,12,12,21,17. ,18,00090
3010232,2,2012,01,17,12,30,25. ,19,00133
3010232,1,2012,01,22,10,20,42. ,14,00124
3010232,2,2012,01,23,20,46,14. ,18,00079
3010232,2,2012,01,27,13,19,52. ,20,00117
3010232,1,2012,01,28,07,43,55. ,10,00039
3010232,1,2012,01,28,14,21,29. ,10,00036
3010232,1,2012,02,02,02,01,59. ,07,00063
3010232,1,2012,02,04,19,21,59. ,13,00083
3010232,2,2012,02,05,08,59,27. ,17,00074
3010232,2,2012,02,06,07,06,08. ,16,00048
3010232,1,2012,02,07,22,38,16. ,11,00052
3010232,1,2012,02,08,06,41,46. ,05,00034
3010232,2,2012,02,11,10,27,07. ,16,00115
3010232,2,2012,02,14,12,28,19. ,16,00056
3010232,2,2012,02,14,15,22,36. ,21,00075
3010232,1,2012,02,16,02,32,41. ,14,00058
3010232,2,2012,02,18,23,20,41. ,22,00123
3010232,3,2012,02,19,14,55,03. ,28,00429
3010232,1,2012,02,24,13,10,53. ,14,00079
3010232,3,2012,02,28,14,21,07. ,28,00213
3010232,2,2012,02,29,18,00,48. ,19,00073
3010232,2,2012,02,29,23,33,15. ,19,00052
3010232,4,2012,03,01,07,32,44. ,35,00496
3010232,2,2012,03,08,03,51,07. ,22,00360
3010232,2,2012,03,10,02,25,42. ,23,00175
3010232,2,2012,03,14,18,11,10. ,18,00055
3010232,3,2012,03,14,21,05,20. ,34,00385
3010232,2,2012,03,16,04,20,33. ,22,00146
3010232,1,2012,03,17,08,18,44. ,09,00037
3010232,1,2012,03,17,20,25,01. ,08,00042
3010232,1,2012,03,18,06,43,10. ,06,00032
3010232,1,2012,03,25,22,23,35. ,11,00039
3010232,1,2012,03,27,19,22,27. ,12,00047
3010232,2,2012,03,27,20,02,39. ,20,00051
3010232,1,2012,03,30,13,39,18. ,13,00037
3010232,3,2012,04,01,23,04,53. ,27,00247
3010232,2,2012,04,12,20,20,31. ,20,00112
3010232,2,2012,04,12,23,51,39. ,24,00096
3010232,2,2012,04,13,19,10,32. ,23,00100
3010232,1,2012,04,14,04,00,41. ,06,00034
3010232,1,2012,04,14,17,46,48. ,05,00037
3010232,1,2012,04,18,07,13,53. ,08,00090
3010232,2,2012,04,19,12,34,01. ,15,00046
3010232,3,2012,04,25,05,22,27. ,28,00161
3010232,1,2012,04,27,21,06,45. ,05,00050
3010232,3,2012,04,29,19,29,08. ,26,00125
3010232,1,2012,04,29,21,17,23. ,12,00042
3010232,1,2012,05,04,11,54,34. ,10,00043
3010232,3,2012,05,18,17,19,08. ,29,00436
3010232,1,2012,05,26,21,35,55. ,11,00059
3010232,3,2012,05,29,01,36,59. ,25,00178
3010232,1,2012,05,31,14,50,16. ,12,00045
3010232,3,2012,06,01,17,48,18. ,30,00426
3010232,2,2012,06,06,04,32,26. ,19,00048
3010232,1,2012,06,09,19,20,33. ,07,00052
3010232,1,2012,06,15,14,10,27. ,07,00027
3010232,2,2012,06,17,16,13,24. ,23,00170
3010232,2,2012,06,18,05,33,49. ,17,00050
3010232,2,2012,06,28,14,52,22. ,17,00096
3010232,2,2012,06,28,15,17,32. ,22,00311
3010232,1,2012,06,29,07,01,34. ,10,00038
3010232,1,2012,07,03,11,31,46. ,13,00036
3010232,2,2012,07,12,13,54,56. ,19,00228
3010232,2,2012,07,16,04,31,41. ,19,00187
3010232,2,2012,07,26,19,30,13. ,19,00186
3010232,1,2012,07,27,23,40,23. ,08,00071
3010232,3,2012,08,03,22,19,46. ,25,00450
3010232,1,2012,08,13,13,48,40. ,08,00049
3010232,1,2012,08,14,17,21,46. ,08,00040
3010232,1,2012,08,17,20,38,01. ,07,00045
3010232,3,2012,08,20,20,42,58. ,28,00175
3010232,1,2012,08,21,01,43,28. ,09,00029
3010232,3,2012,08,26,03,37,25. ,27,00209
3010232,1,2012,08,30,04,06,22. ,14,00044
3010232,2,2012,08,30,04,17,50. ,17,00153
3010232,1,2012,08,31,23,26,58. ,10,00038
3010232,1,2012,09,02,13,34,06. ,08,00037
3010232,3,2012,09,14,02,22,17. ,29,00254
3010232,1,2012,09,14,02,46,05. ,09,00056
3010232,1,2012,09,28,14,47,13. ,06,00033
3010232,1,2012,09,30,22,40,28. ,06,00033
3010232,1,2012,10,02,03,41,31. ,13,00033
3010232,2,2012,10,02,06,27,57. ,15,00131
3010232,1,2012,10,02,10,11,07. ,10,00036
3010232,1,2012,10,07,08,43,31. ,07,00037
3010232,2,2012,10,08,20,04,16. ,16,00109
3010232,1,2012,10,11,16,06,31. ,08,00094
3010232,3,2012,10,12,13,57,30. ,25,00180
3010232,1,2012,10,14,13,37,37. ,05,00038
3010232,1,2012,10,19,13,11,06. ,10,00054
3010232,2,2012,10,24,16,05,53. ,15,00133
3010232,2,2012,10,25,19,33,33. ,17,00059
3010232,1,2012,10,28,18,44,28. ,10,00040
3010232,3,2012,10,31,15,50,10. ,26,00419
3010232,2,2012,11,03,07,35,09. ,15,00071
3010232,1,2012,11,05,05,50,13. ,11,00059
3010232,1,2012,11,06,06,59,30. ,08,00038
3010232,1,2012,11,08,08,54,59. ,10,00042
3010232,2,2012,11,09,12,52,28. ,20,00064
3010232,1,2012,11,15,02,19,49. ,11,00027
3010232,2,2012,11,24,00,51,57. ,17,00201
3010232,2,2012,11,24,18,00,09. ,21,00184
3010232,1,2012,12,03,13,57,42. ,07,00050
3010232,2,2012,12,06,19,17,50. ,16,00124
3010232,1,2012,12,07,05,32,29. ,09,00031
3010232,4,2012,12,07,17,20,10. ,40,00773
3010232,2,2012,12,07,17,32,41. ,15,00055
3010232,1,2012,12,12,09,20,15. ,08,00030
3010232,2,2012,12,15,13,27,42. ,16,00059
3010232,1,2012,12,15,14,46,42. ,14,00063
3010232,1,2012,12,20,05,16,47. ,14,00058
3010232,1,2012,12,28,16,30,19. ,09,00057
3010232,2,2012,12,29,16,20,06. ,17,00075
3010232,1,2013,01,04,22,53,40. ,07,00040
3010232,1,2013,01,10,21,49,08. ,09,00035
3010232,1,2013,01,14,15,54,33. ,10,00034
3010232,2,2013,01,22,04,47,11. ,17,00064
3010232,1,2013,01,26,09,15,10. ,08,00033
3010232,4,2013,01,28,03,42,02. ,35,01004
3010232,1,2013,01,31,19,57,56. ,07,00045
3010232,1,2013,01,31,23,54,00. ,12,00059
3010232,2,2013,02,01,01,05,02. ,19,00187
3010232,1,2013,02,01,23,07,12. ,11,00055
3010232,2,2013,02,02,23,20,27. ,19,00059
3010232,2,2013,02,09,13,43,37. ,17,00070
3010232,1,2013,02,13,10,33,37. ,10,00111
3010232,2,2013,02,19,21,28,16. ,15,00032
3010232,1,2013,02,24,13,55,44. ,10,00038
3010232,2,2013,02,25,16,24,13. ,16,00063
3010232,1,2013,03,13,21,50,19. ,08,00095
3010232,1,2013,03,14,05,03,24. ,11,00035
3010232,2,2013,03,18,06,53,50. ,22,00264
3010232,2,2013,03,21,14,34,48. ,23,00245
3010232,1,2013,03,26,20,48,45. ,12,00052
3010232,2,2013,03,26,20,55,38. ,15,00057
3010232,2,2013,04,04,13,42,52. ,21,00108
3010232,2,2013,04,06,05,01,23. ,17,00082
3010232,2,2013,04,14,10,22,34. ,19,00096
3010232,2,2013,04,14,22,25,46. ,18,00107
3010232,2,2013,04,17,21,04,43. ,16,00050
3010232,1,2013,04,19,05,00,17. ,11,00063
3010232,1,2013,04,19,12,11,12. ,11,00026
3010232,1,2013,04,19,23,11,34. ,14,00059
3010232,2,2013,04,21,12,25,12. ,16,00046
3010232,2,2013,04,29,22,02,08. ,21,00065
3010232,1,2013,04,30,22,09,42. ,10,00066
3010232,1,2013,05,02,05,43,57. ,08,00071
3010232,1,2013,05,05,07,17,32. ,07,00037
3010232,1,2013,05,15,06,21,20. ,09,00092
3010232,1,2013,05,15,18,35,30. ,09,00066
3010232,2,2013,05,18,14,48,51. ,24,00102
3010232,1,2013,05,24,09,14,34. ,07,00054
3010232,1,2013,06,03,14,56,30. ,14,00080
3010232,1,2013,06,04,17,34,07. ,07,00029
3010232,2,2013,06,06,12,29,22. ,15,00039
3010232,1,2013,07,06,07,01,10. ,10,00050
3010232,1,2013,07,12,00,12,35. ,09,00103
3010232,1,2013,07,20,01,40,06. ,14,00043
3010232,2,2013,07,20,15,07,05. ,17,00043
3010232,1,2013,07,21,16,03,43. ,11,00031
3010232,1,2013,07,23,12,02,44. ,13,00042
3010232,1,2013,07,30,01,06,09. ,10,00093
3010232,2,2013,08,04,12,29,53. ,19,00086
3010232,1,2013,08,04,14,51,30. ,12,00047
3010232,1,2013,08,09,12,04,27. ,07,00034
3010232,1,2013,08,10,07,56,31. ,11,00049
3010232,1,2013,08,12,22,00,08. ,08,00032
3010232,1,2013,08,18,01,42,49. ,05,00043
3010232,1,2013,08,22,01,14,38. ,10,00059
3010232,3,2013,09,04,09,21,15. ,30,00203
3010232,1,2013,09,09,09,04,40. ,10,00046
3010232,1,2013,09,13,04,49,57. ,09,00048
3010232,3,2013,09,20,02,25,25. ,34,00484
3010232,1,2013,09,27,07,38,14. ,07,00038
3010232,1,2013,09,30,22,38,02. ,13,00080
3010232,3,2013,10,12,02,43,24. ,30,00387
3010232,2,2013,10,20,10,07,44. ,21,00264
3010232,1,2013,10,22,10,19,43. ,13,00031
3010232,3,2013,10,26,02,12,10. ,26,00191
3010232,1,2013,10,30,12,22,43. ,06,00027
3010232,3,2013,11,03,14,25,25. ,28,00351
3010232,1,2013,11,09,17,58,11. ,06,00035
3010232,4,2013,11,10,07,38,02. ,35,00612
3010232,1,2013,11,12,14,06,07. ,07,00043
3010232,2,2013,11,16,20,44,59. ,21,00125
3010232,1,2013,11,19,04,12,32. ,11,00042
3010232,2,2013,11,29,01,15,27. ,17,00078
3010232,1,2013,12,03,06,26,51. ,14,00064
3010232,1,2013,12,03,15,58,40. ,12,00035
3010232,2,2013,12,03,18,17,23. ,16,00049
3010232,2,2013,12,14,13,06,38. ,23,00084
3010232,1,2013,12,16,00,54,34. ,09,00043
3010232,1,2013,12,16,04,34,25. ,05,00039
3010232,3,2013,12,21,01,10,57. ,33,00556
3010232,2,2013,12,21,10,34,39. ,15,00039
3010232,1,2013,12,27,10,32,52. ,13,00091
3010232,2,2013,12,31,10,03,13. ,23,00140
3010232,2,2014,01,09,03,57,53. ,15,00101
3010232,1,2014,01,17,18,53,44. ,09,00042
3010232,1,2014,01,24,01,11,11. ,06,00045
3010232,1,2014,02,14,19,04,37. ,06,00089
3010232,1,2014,02,18,21,03,46. ,08,00103
3010232,1,2014,02,22,07,31,29. ,11,00050
3010232,1,2014,03,01,05,22,15. ,06,00088
3010232,2,2014,03,12,05,04,54. ,15,00062
3010232,1,2014,03,24,19,17,08. ,06,00060
3010232,1,2014,04,10,13,19,27. ,08,00032
3010232,2,2014,04,13,18,16,41. ,15,00071
3010232,1,2014,04,17,03,18,16. ,12,00039
3010232,2,2014,04,18,07,53,12. ,22,00301
3010232,2,2014,04,25,08,43,41. ,16,00081
3010232,1,2014,05,05,05,02,26. ,13,00072
3010232,3,2014,05,05,05,18,55. ,29,00237
3010232,2,2014,05,13,08,35,28. ,19,00085
3010232,2,2014,05,13,10,34,00. ,15,00133
3010232,2,2014,06,04,02,22,41. ,15,00073
3010232,2,2014,06,16,03,19,56. ,15,00050
3010232,2,2014,06,16,05,15,20. ,24,00138
3010232,1,2014,06,17,02,43,29. ,10,00031
3010232,1,2014,07,03,07,58,24. ,07,00048
3010232,1,2014,07,07,02,48,30. ,06,00031
3010232,1,2014,07,10,17,59,15. ,13,00091
3010232,3,2014,07,12,04,22,42. ,28,00126
3010232,1,2014,07,16,17,25,21. ,12,00046
3010232,1,2014,07,19,10,43,12. ,13,00071
3010232,2,2014,07,20,10,25,45. ,15,00133
3010232,1,2014,08,21,04,40,10. ,11,00033
3010232,2,2014,08,24,17,27,05. ,16,00138
3010232,2,2014,08,26,11,23,20. ,18,00151
3010232,1,2014,08,29,13,05,46. ,10,00062
3010232,2,2014,09,02,16,32,49. ,21,00422
3010232,1,2014,09,03,16,24,46. ,12,00047
3010232,3,2014,09,16,12,28,40. ,34,00575
3010232,1,2014,09,24,21,46,31. ,13,00071
3010232,2,2014,09,24,22,31,41. ,16,00066
3010232,2,2014,09,28,15,09,40. ,19,00310
3010232,1,2014,09,30,19,24,17. ,05,00033
3010232,1,2014,10,12,05,28,35. ,06,00029
3010232,2,2014,10,27,15,36,35. ,22,00161
3010232,2,2014,11,12,09,53,39. ,24,00254
3010232,1,2014,11,14,20,58,04. ,10,00139
3010232,1,2014,11,19,06,16,12. ,07,00056
3010232,2,2014,11,20,10,52,28. ,22,00105
3010232,2,2014,11,22,22,09,14. ,16,00032
3010232,1,2014,12,02,20,53,11. ,07,00058
3010232,1,2014,12,03,01,01,09. ,10,00038
3010232,1,2014,12,09,20,11,51. ,09,00039
3010232,2,2014,12,20,18,30,44. ,22,00087
3010232,2,2014,12,25,20,32,09. ,16,00255
3010232,1,2014,12,31,23,50,13. ,11,00041
3010232,1,2015,01,01,15,57,23. ,12,00067
3010232,1,2015,01,03,04,55,43. ,10,00089
3010232,1,2015,01,23,18,11,56. ,10,00071
3010232,3,2015,01,26,07,20,12. ,25,00202
3010232,1,2015,01,26,07,21,42. ,11,00064
3010232,2,2015,01,30,20,31,55. ,22,00304
3010232,1,2015,02,17,08,08,54. ,14,00028
3010232,1,2015,02,23,17,00,40. ,09,00025
3010232,1,2015,03,17,23,48,55. ,07,00042
3010232,1,2015,03,18,11,29,11. ,11,00056
3010232,1,2015,03,23,21,40,53. ,07,00053
3010232,2,2015,03,24,13,53,36. ,20,00107
3010232,1,2015,03,25,16,26,31. ,06,00061
3010232,1,2015,03,31,13,00,16. ,08,00044
3010232,1,2015,05,03,13,03,38. ,12,00036
3010232,2,2015,05,03,15,54,09. ,18,00245
3010232,2,2015,05,13,06,14,23. ,24,00096
3010232,2,2015,05,13,22,45,22. ,19,00126
3010232,1,2015,05,15,12,31,10. ,11,00030
3010232,4,2015,05,25,14,28,22. ,37,00804
3010232,2,2015,05,30,01,06,59. ,23,00251
3010232,3,2015,05,30,20,26,49. ,33,00228
3010232,3,2015,06,09,05,44,16. ,27,00526
3010232,1,2015,07,06,18,30,40. ,12,00067
3010232,2,2015,07,10,01,15,23. ,24,00275
3010232,1,2015,07,10,09,40,14. ,05,00073
3010232,1,2015,07,21,18,17,45. ,09,00040
3010232,1,2015,07,23,03,50,00. ,11,00058
3010232,1,2015,07,29,21,35,09. ,10,00061
3010232,1,2015,08,05,20,56,57. ,12,00036
3010232,3,2015,08,06,18,22,40. ,33,00602
3010232,1,2015,08,10,18,44,44. ,14,00096
3010232,2,2015,08,14,05,14,12. ,17,00096
3010232,1,2015,08,22,08,43,19. ,06,00098
3010232,2,2015,08,28,23,46,38. ,18,00127
3010232,1,2015,09,02,16,17,08. ,10,00111
3010232,2,2015,09,12,05,49,26. ,24,00164
3010232,1,2015,09,12,11,45,24. ,12,00053
3010232,2,2015,09,16,05,53,37. ,19,00244
3010232,1,2015,09,22,05,55,33. ,05,00044
3010232,1,2015,09,23,23,44,54. ,08,00033
3010232,1,2015,10,01,20,10,48. ,06,00056
3010232,3,2015,10,21,15,05,17. ,25,00297
3010232,1,2015,10,31,23,20,31. ,10,00029
3010232,1,2015,11,04,08,56,50. ,08,00039
3010232,3,2015,11,07,22,45,05. ,26,00192
3010232,1,2015,11,19,18,33,47. ,11,00051
3010232,1,2015,11,20,08,16,16. ,09,00029
3010232,3,2015,11,22,08,20,40. ,27,00169
3010232,2,2015,12,02,01,07,29. ,16,00134
3010232,1,2015,12,04,09,37,24. ,08,00039
3010232,2,2015,12,08,01,22,54. ,15,00071
3010232,2,2016,01,15,04,29,06. ,20,00197
3010232,2,2016,01,24,06,33,55. ,15,00069
3010232,1,2016,02,07,10,10,12. ,06,00029
3010232,3,2016,02,07,19,27,06. ,30,00544
3010232,1,2016,02,10,20,42,43. ,05,00085
3010232,2,2016,03,22,14,34,42. ,15,00078
3010232,1,2016,03,26,22,33,39. ,11,00085
3010232,2,2016,03,31,11,48,36. ,20,00196
3010232,1,2016,03,31,12,11,52. ,05,00057
3010232,1,2016,04,10,23,32,58. ,08,00049
3010232,1,2016,04,15,00,27,08. ,07,00028
3010232,1,2016,04,20,21,20,41. ,14,00048
3010232,1,2016,05,05,08,52,08. ,05,00063
3010232,4,2016,05,16,21,23,11. ,37,00938
3010232,2,2016,05,17,06,55,20. ,15,00194
3010232,2,2016,05,17,06,57,46. ,20,00318
3010232,1,2016,05,23,23,17,40. ,12,00058
3010232,1,2016,05,28,18,10,48. ,09,00078
3010232,3,2016,06,12,07,54,33. ,29,00331
3010232,1,2016,06,16,18,36,01. ,08,00103
3010232,1,2016,06,18,08,50,30. ,14,00078
3010232,2,2016,06,27,07,58,04. ,19,00043
3010232,1,2016,06,29,11,35,49. ,10,00093
3010232,1,2016,07,01,06,26,45. ,05,00046
3010232,2,2016,07,04,22,49,02. ,16,00128
3010232,1,2016,07,13,07,46,25. ,07,00069
3010232,3,2016,07,17,13,24,11. ,30,00649
3010232,1,2016,07,19,12,58,19. ,14,00039
3010232,1,2016,07,19,23,55,23. ,13,00142
3010232,3,2016,07,20,07,25,42. ,29,00608
3010232,1,2016,07,20,11,38,58. ,10,00118
3010232,4,2016,07,27,23,47,29. ,35,00315
3010232,1,2016,07,30,16,40,59. ,09,00039
3010232,2,2016,08,15,16,05,28. ,18,00076
3010232,3,2016,08,19,21,07,58. ,30,00247
3010232,1,2016,08,27,22,46,43. ,14,00073
3010232,1,2016,08,31,05,05,33. ,10,00031
3010232,4,2016,09,07,13,28,58. ,36,00765
3010232,2,2016,09,09,20,53,39. ,17,00108
3010232,2,2016,09,09,23,18,31. ,16,00139
3010232,2,2016,09,13,19,12,43. ,23,00238
3010232,1,2016,10,10,07,15,53. ,05,00045
3010232,2,2016,10,16,16,38,21. ,15,00030
3010232,2,2016,10,19,23,40,47. ,19,00248
3010232,3,2016,10,20,11,50,04. ,26,00163
3010232,1,2016,10,26,19,12,57. ,09,00034
3010232,2,2016,11,12,06,44,13. ,17,00052
3010232,1,2016,11,15,01,16,09. ,11,00034
3010232,2,2016,11,21,06,59,43. ,20,00106
3010232,4,2016,11,22,06,00,20. ,39,00568
3010232,1,2016,11,22,06,51,39. ,11,00037
3010232,2,2016,11,22,23,04,40. ,17,00039
3010232,3,2016,11,24,06,24,10. ,25,00132
3010232,1,2016,12,19,16,21,54. ,11,00067
3010232,1,2016,12,24,02,25,46. ,13,00033
3010232,2,2016,12,26,04,52,57. ,21,00135
3010232,1,2016,12,28,19,29,57. ,09,00114
3010232,3,2016,12,28,21,39,02. ,34,00526
3010232,1,2016,12,28,21,53,34. ,11,00034
3010232,1,2016,12,31,05,09,13. ,10,00028
3010232,3,2017,01,05,00,44,16. ,26,00261
3010232,3,2017,01,05,02,53,58. ,25,00093
3010232,1,2017,01,12,09,36,40. ,08,00083
3010232,2,2017,01,18,17,19,40. ,20,00293
3010232,1,2017,02,07,20,04,20. ,05,00032
3010232,1,2017,02,09,14,07,39. ,05,00041
3010232,1,2017,02,11,06,06,12. ,10,00042
3010232,3,2017,02,19,18,19,46. ,26,00155
3010232,1,2017,02,25,10,19,11. ,06,00050
3010232,1,2017,02,26,05,12,02. ,10,00096
3010232,1,2017,02,27,00,04,06. ,13,00059
3010232,2,2017,02,28,16,49,42. ,22,00135
3010232,1,2017,03,01,15,43,50. ,09,00036
3010232,1,2017,03,05,10,19,24. ,12,00030
3010232,1,2017,03,12,04,58,34. ,14,00050
3010232,1,2017,03,24,01,30,09. ,07,00041
3010232,1,2017,04,09,07,21,00. ,11,00027
3010232,2,2017,04,12,03,10,58. ,24,00412
3010232,1,2017,04,20,02,14,04. ,08,00046
3010232,1,2017,05,23,18,23,35. ,12,00057
3010232,1,2017,05,28,15,18,57. ,09,00032
3010232,1,2017,06,19,01,24,00. ,10,00078
3010232,2,2017,06,19,05,51,59. ,16,00084
3010232,1,2017,07,07,21,49,23. ,12,00043
3010232,2,2017,07,20,09,12,09. ,22,00107
3010232,2,2017,07,21,16,07,56. ,15,00088
3010232,1,2017,08,02,00,38,11. ,09,00051
3010232,4,2017,08,02,02,02,19. ,36,00761
3010232,3,2017,08,02,07,16,05. ,33,00561
3010232,2,2017,08,03,13,45,14. ,22,00311
3010232,1,2017,08,05,07,55,36. ,11,00058
3010232,2,2017,08,10,09,36,45. ,22,00156
3010232,1,2017,08,13,02,07,59. ,09,00058
3010232,2,2017,08,14,18,12,03. ,16,00073
3010232,2,2017,08,26,04,20,56. ,15,00056
3010232,2,2017,08,27,11,26,23. ,18,00106
3010232,1,2017,09,14,09,27,51. ,07,00036
3010232,1,2017,09,20,05,18,55. ,10,00035
3010232,1,2017,09,21,01,39,01. ,14,00046
3010232,2,2017,09,27,05,24,33. ,16,00036
3010232,1,2017,10,01,10,25,31. ,12,00070
3010232,1,2017,10,03,04,01,32. ,13,00079
3010232,2,2017,10,06,17,01,00. ,16,00053
3010232,3,2017,10,06,23,57,08. ,27,00172
3010232,1,2017,10,15,19,43,28. ,09,00078
3010232,1,2017,10,18,07,40,59. ,10,00118
3010232,1,2017,11,02,22,31,33. ,12,00070
3010232,2,2017,11,03,21,38,19. ,21,00242
3010232,1,2017,11,04,15,51,33. ,05,00068
3010232,2,2017,11,05,16,30,24. ,16,00111
3010232,1,2017,11,10,00,38,13. ,11,00116
3010232,1,2017,11,21,09,25,34. ,05,00046
3010232,1,2017,11,26,15,55,57. ,08,00050
3010232,1,2017,11,30,22,02,21. ,14,00144
3010232,2,2017,12,02,00,12,40. ,24,00255
3010232,1,2017,12,06,00,22,34. ,06,00030
3010232,1,2017,12,23,21,54,23. ,07,00066
3010232,1,2018,01,01,04,43,03. ,06,00039
3010232,1,2018,01,02,19,49,10. ,07,00026
3010232,2,2018,01,06,00,54,37. ,20,00182
3010232,1,2018,01,07,18,20,21. ,07,00033
3010232,1,2018,01,24,02,32,24. ,09,00047
3010232,1,2018,02,08,23,34,46. ,07,00039
3010232,1,2018,02,17,00,13,30. ,05,00069
3010232,1,2018,02,19,14,34,43. ,06,00043
3010232,1,2018,02,19,15,46,07. ,05,00038
3010232,3,2018,02,26,01,29,28. ,25,00126
3010232,2,2018,02,27,08,08,11. ,22,00251
3010232,1,2018,03,13,15,46,54. ,11,00031
3010232,2,2018,03,26,18,44,52. ,18,00244
3010232,3,2018,03,30,08,17,45. ,32,00444
3010232,1,2018,03,31,17,05,47. ,07,00038
3010232,1,2018,04,03,21,06,41. ,08,00041
3010232,1,2018,05,05,23,46,59. ,05,00045
3010232,2,2018,05,17,12,12,51. ,24,00134
3010232,1,2018,05,22,11,35,16. ,07,00087
3010232,1,2018,05,29,21,01,53. ,06,00037
3010232,2,2018,06,17,15,27,39. ,17,00087
3010232,2,2018,07,07,20,24,22. ,24,00112
3010232,3,2018,07,17,04,34,23. ,30,00286
3010232,2,2018,07,17,04,43,10. ,16,00092
3010232,2,2018,07,31,17,42,57. ,15,00060
3010232,1,2018,08,11,06,11,53. ,08,00063
3010232,1,2018,08,21,02,47,22. ,13,00105
3010232,1,2018,08,29,07,36,21. ,05,00038
3010232,1,2018,08,29,14,30,37. ,14,00068
3010232,2,2018,09,05,05,11,38. ,22,00177
3010232,1,2018,09,14,10,55,49. ,10,00043
3010232,2,2018,09,14,14,35,44. ,21,00229
3010232,1,2018,09,14,17,27,10. ,10,00071
3010232,2,2018,09,18,17,11,24. ,18,00161
3010232,1,2018,09,24,00,05,52. ,14,00083
3010232,1,2018,09,24,06,48,44. ,06,00050
3010232,1,2018,10,02,12,28,15. ,14,00071
3010232,1,2018,10,04,00,15,55. ,09,00029
3010232,1,2018,10,04,02,13,21. ,08,00050
3010232,2,2018,10,12,13,16,11. ,18,00059
3010232,1,2018,10,22,19,48,10. ,10,00031
3010232,1,2018,10,26,03,37,19. ,14,00043
3010232,1,2018,10,27,09,08,36. ,14,00052
3010232,1,2018,10,29,21,25,45. ,09,00063
3010232,1,2018,11,23,23,30,47. ,12,00062
3010232,3,2018,11,27,08,34,00. ,27,00316
3010232,2,2018,11,28,20,15,17. ,16,00085
3010232,2,2018,12,08,10,54,38. ,15,00084
3010232,1,2018,12,09,17,03,07. ,06,00063
3010232,2,2018,12,12,17,50,10. ,19,00170
3010232,1,2019,01,02,18,44,39. ,13,00129
3010232,2,2019,01,14,13,23,52. ,23,00288
3010232,3,2019,01,18,21,46,36. ,30,00244
3010232,1,2019,01,19,14,22,21. ,08,00073
3010232,1,2019,02,06,17,26,33. ,07,00047
3010232,1,2019,02,19,17,06,44. ,11,00133
3010232,1,2019,03,02,06,03,47. ,12,00070
3010232,1,2019,05,24,12,40,50. ,08,00037
3010232,2,2019,05,25,15,21,17. ,17,00050
3010232,1,2019,05,27,04,04,35. ,10,00042
3010232,1,2019,06,06,05,15,24. ,13,00178
3010232,2,2019,06,08,12,46,07. ,15,00207
3010232,3,2019,06,17,08,00,22. ,31,00432
3010232,2,2019,06,18,22,23,42. ,15,00037
3010232,1,2019,06,24,09,12,26. ,12,00043
3010232,3,2019,07,28,03,33,20. ,26,00157
3010232,1,2019,07,29,00,35,22. ,09,00038
3010232,3,2019,08,04,19,23,46. ,32,00321
3010232,1,2019,09,19,08,49,46. ,10,00062
3010232,2,2019,09,30,01,02,46. ,19,00142
3010232,1,2019,10,09,04,58,51. ,10,00055
3010232,1,2019,10,16,03,03,01. ,05,00056
3010232,1,2019,11,03,23,56,01. ,10,00079
3010232,1,2019,11,08,18,18,45. ,09,00043
3010232,1,2019,11,11,18,50,47. ,07,00048
3010232,1,2019,11,12,21,56,00. ,14,00057
3010232,1,2019,11,18,08,00,18. ,11,00063
3010232,2,2019,11,22,05,23,59. ,19,00266
3010232,2,2019,12,03,10,18,14. ,16,00136
3010232,3,2019,12,04,10,39,05. ,27,00291
3010232,2,2019,12,04,18,13,13. ,15,00072
3010232,1,2019,12,04,19,35,31. ,11,00041
3010232,1,2019,12,05,15,01,38. ,05,00036
3010232,1,2019,12,05,22,35,38. ,12,00057
3010232,2,2019,12,11,18,40,04. ,15,00039
3010232,1,2019,12,19,09,24,06. ,12,00043
3010232,2,2020,01,03,03,24,16. ,23,00087
3010232,1,2020,01,08,04,22,17. ,07,00053
3010232,3,2020,01,14,04,53,58. ,27,00433
3010232,1,2020,01,14,13,26,04. ,13,00050
3010232,1,2020,01,15,08,19,15. ,09,00045
3010232,1,2020,01,21,19,18,12. ,13,00073
3010232,1,2020,02,01,01,11,49. ,13,00030
3010232,3,2020,02,01,02,07,58. ,32,00506
3010232,2,2020,02,06,20,20,38. ,16,00044
3010232,2,2020,02,12,19,37,59. ,22,00148
3010232,2,2020,02,17,12,41,00. ,16,00107
3010232,1,2020,03,15,19,09,30. ,08,00080
3010232,1,2020,03,31,20,24,23. ,14,00096
3010232,4,2020,04,12,00,44,57. ,37,01440
3010232,1,2020,04,14,06,36,10. ,08,00069
3010232,1,2020,04,18,17,29,40. ,13,00024
3010232,2,2020,04,20,05,40,35. ,15,00047
3010232,1,2020,04,24,01,38,16. ,10,00049
3010232,3,2020,04,26,09,49,21. ,30,00536
3010232,2,2020,05,04,22,08,11. ,20,00094
3010232,1,2020,05,04,22,34,55. ,10,00068
3010232,2,2020,05,06,01,57,31. ,17,00070
3010232,2,2020,05,11,08,58,49. ,20,00150
3010232,1,2020,05,16,06,27,32. ,08,00074
3010232,1,2020,05,18,11,13,18. ,06,00081
3010232,1,2020,05,19,12,17,58. ,11,00054
3010232,3,2020,06,01,06,02,25. ,25,00218
3010232,3,2020,06,04,05,31,34. ,27,00187
3010232,3,2020,06,25,04,48,04. ,27,00153
3010232,3,2020,07,09,06,05,38. ,25,00245
3010232,1,2020,07,15,05,48,31. ,06,00051
3010232,1,2020,07,20,19,33,04. ,05,00046
3010232,1,2020,07,29,05,33,36. ,14,00080
3010232,2,2020,08,06,02,54,40. ,17,00058
3010232,1,2020,08,07,00,36,44. ,10,00031
3010232,2,2020,08,30,14,37,53. ,21,00161
3010232,1,2020,08,30,18,00,01. ,06,00055
3010232,2,2020,09,07,06,34,22. ,19,00065
3010232,1,2020,09,10,12,26,40. ,09,00064
3010232,1,2020,09,12,11,38,19. ,08,00050
3010232,2,2020,09,12,11,45,34. ,19,00057
3010232,2,2020,09,17,14,00,51. ,15,00104
3010232,2,2020,09,20,09,05,09. ,15,00112
3010232,2,2020,10,05,11,32,50. ,16,00111
3010232,1,2020,10,28,15,58,53. ,13,00061
3010232,3,2020,11,22,19,06,09. ,33,00412
3010232,2,2020,11,25,11,20,28. ,19,00268
3010232,1,2020,12,07,19,28,02. ,05,00043
3010232,3,2020,12,17,16,42,53. ,29,00861
3010232,2,2020,12,21,02,25,56. ,17,00036
3010232,3,2020,12,30,09,35,40. ,34,00546
3010232,1,2021,01,01,04,10,59. ,06,00045
3010232,1,2021,01,15,22,40,10. ,11,00041
3010232,1,2021,01,26,08,25,33. ,13,00099
3010232,1,2021,02,05,22,58,11. ,05,00057
3010232,1,2021,02,06,14,10,51. ,10,00032
3010232,4,2021,02,13,23,08,23. ,43,01014
3010232,1,2021,02,13,23,52,33. ,12,00044
3010232,1,2021,02,14,16,32,36. ,14,00044
3010232,1,2021,02,15,21,26,52. ,11,00035
3010232,3,2021,03,16,04,56,29. ,27,00433
3010232,4,2021,03,20,18,10,32. ,36,00396
3010232,2,2021,04,18,09,30,18. ,20,00063
3010232,3,2021,05,01,10,28,12. ,30,00232
3010232,3,2021,05,14,08,59,07. ,25,00110
3010232,1,2021,05,16,07,19,22. ,10,00115
3010232,2,2021,05,24,04,09,28. ,19,00133
3010232,2,2021,05,29,10,03,26. ,15,00037
3010232,1,2021,06,08,10,20,11. ,10,00031
3010232,1,2021,06,09,17,28,02. ,10,00045
3010232,1,2021,07,28,00,55,24. ,08,00046
3010232,1,2021,08,01,22,51,18. ,06,00037
3010232,1,2021,08,03,19,30,07. ,11,00028
3010232,2,2021,08,04,05,34,14. ,20,00074
3010232,1,2021,08,04,05,43,59. ,14,00035
3010232,1,2021,08,22,11,25,27. ,10,00032
3010232,1,2021,08,25,16,14,18. ,09,00041
3010232,2,2021,08,27,05,46,30. ,15,00087
3010232,2,2021,08,27,05,49,26. ,16,00128
3010232,2,2021,09,14,07,48,13. ,18,00068
3010232,2,2021,09,19,08,08,03. ,19,00133
3010232,2,2021,09,27,20,27,06. ,15,00063
3010232,2,2021,09,29,12,26,57. ,17,00190
3010232,2,2021,09,29,17,39,20. ,22,00082
3010232,1,2021,10,07,17,00,41. ,11,00140
3010232,3,2021,10,07,22,41,40. ,34,00340
3010232,1,2021,10,21,17,38,53. ,14,00061
3010232,1,2021,10,27,01,28,53. ,12,00029
3010232,3,2021,10,28,09,55,38. ,28,00423
3010232,3,2021,11,01,06,14,58. ,34,00309
3010232,2,2021,11,07,04,41,13. ,15,00157
3010232,2,2021,11,08,03,08,39. ,24,00307
3010232,2,2021,11,09,01,15,26. ,16,00067
3010232,2,2021,11,20,08,57,53. ,17,00072
3010232,3,2021,12,02,01,58,49. ,32,00439
3010232,1,2021,12,02,08,58,18. ,08,00067
3010232,1,2021,12,08,02,30,05. ,07,00035
3010232,3,2021,12,12,12,31,08. ,27,00417
