station,intensity,year,month,day,hour,minute,second,intensity_equip,acceleration_max_comb
3403420,1,2006,06,28,09,40,56. ,06,00031
3403420,1,2006,07,06,15,17,39. ,09,00069
3403420,1,2006,07,09,09,06,40. ,05,00037
3403420,1,2006,08,01,22,12,03. ,10,00062
3403420,1,2006,08,31,17,18,32. ,14,00083
3403420,1,2006,09,07,03,06,43. ,13,00043
3403420,1,2006,09,07,10,57,51. ,13,00058
3403420,2,2006,10,14,06,38,20. ,17,00064
3403420,1,2006,11,09,06,07,02. ,05,00082
3403420,2,2006,12,04,06,08,43. ,22,00248
3403420,1,2006,12,31,08,30,34. ,13,00057
3403420,1,2007,01,05,06,41,29. ,07,00040
3403420,1,2007,01,09,13,18,18. ,05,00026
3403420,1,2007,01,13,13,30,30. ,08,00019
3403420,1,2007,01,16,03,18,54. ,13,00048
3403420,1,2007,03,03,18,26,30. ,05,00027
3403420,2,2007,03,14,22,39,57. ,15,00077
3403420,1,2007,03,22,10,29,10. ,09,00065
3403420,1,2007,04,03,09,54,53. ,07,00066
3403420,1,2007,04,14,05,42,56. ,11,00045
3403420,1,2007,05,08,21,01,48. ,10,00070
3403420,1,2007,05,13,14,41,12. ,06,00028
3403420,1,2007,06,01,07,29,24. ,07,00041
3403420,2,2007,06,02,14,43,26. ,21,00218
3403420,1,2007,06,23,23,53,11. ,11,00065
3403420,2,2007,07,03,23,31,22. ,16,00078
3403420,3,2007,07,16,10,14,08. ,28,00100
3403420,1,2007,07,16,10,17,00. ,12,00016
3403420,1,2007,07,16,15,38,53. ,08,00014
3403420,1,2007,07,16,23,18,53. ,13,00079
3403420,1,2007,07,21,16,36,34. ,09,00037
3403420,1,2007,08,01,17,18,00. ,06,00025
3403420,1,2007,08,04,09,22,42. ,05,00030
3403420,2,2007,08,16,04,15,16. ,24,00163
3403420,1,2007,08,16,07,48,01. ,06,00027
3403420,1,2007,08,16,08,20,45. ,12,00059
3403420,1,2007,08,16,09,22,22. ,11,00048
3403420,1,2007,08,18,04,14,56. ,11,00059
3403420,1,2007,08,18,13,36,57. ,08,00034
3403420,2,2007,08,18,16,55,20. ,20,00157
3403420,1,2007,08,18,17,07,16. ,07,00036
3403420,1,2007,08,29,22,38,48. ,08,00062
3403420,1,2007,09,21,07,54,58. ,09,00018
3403420,1,2007,10,07,22,36,14. ,13,00063
3403420,1,2007,10,17,22,33,42. ,05,00046
3403420,1,2007,11,11,19,49,05. ,08,00071
3403420,1,2007,11,26,22,52,27. ,12,00045
3403420,1,2007,11,27,08,06,07. ,06,00046
3403420,2,2007,11,30,18,37,11. ,19,00155
3403420,1,2007,12,02,09,24,50. ,11,00098
3403420,1,2007,12,25,23,05,59. ,05,00023
3403420,1,2008,01,16,02,56,06. ,09,00043
3403420,1,2008,02,09,07,07,38. ,11,00041
3403420,1,2008,03,02,18,33,56. ,09,00055
3403420,2,2008,03,08,01,55,11. ,21,00180
3403420,2,2008,03,09,06,13,55. ,19,00212
3403420,2,2008,03,24,12,40,53. ,15,00056
3403420,1,2008,03,24,22,30,32. ,06,00028
3403420,2,2008,04,04,19,02,05. ,21,00160
3403420,1,2008,04,06,21,55,57. ,11,00056
3403420,1,2008,04,17,04,21,02. ,10,00043
3403420,2,2008,04,25,18,52,55. ,19,00107
3403420,2,2008,05,01,07,34,15. ,19,00111
3403420,1,2008,05,05,09,27,20. ,08,00024
3403420,1,2008,05,07,18,59,43. ,08,00024
3403420,3,2008,05,08,01,02,23. ,25,00145
3403420,2,2008,05,08,01,04,20. ,18,00058
3403420,1,2008,05,08,01,12,48. ,10,00030
3403420,2,2008,05,08,01,16,57. ,16,00059
3403420,4,2008,05,08,01,45,37. ,35,00496
3403420,1,2008,05,08,01,51,22. ,08,00022
3403420,1,2008,05,08,02,31,57. ,07,00024
3403420,1,2008,05,08,03,20,29. ,08,00024
3403420,1,2008,05,08,04,20,46. ,09,00032
3403420,1,2008,05,09,05,12,17. ,05,00021
3403420,1,2008,05,09,07,43,21. ,09,00047
3403420,2,2008,05,09,08,21,31. ,15,00032
3403420,1,2008,05,31,14,04,11. ,07,00022
3403420,1,2008,05,31,16,56,29. ,07,00023
3403420,2,2008,06,14,08,45,01. ,23,00078
3403420,1,2008,06,22,12,48,57. ,08,00024
3403420,2,2008,07,05,16,49,18. ,20,00171
3403420,2,2008,07,19,11,40,19. ,21,00063
3403420,1,2008,07,21,20,31,29. ,14,00032
3403420,2,2008,07,24,00,27,20. ,23,00131
3403420,2,2008,08,20,15,13,40. ,23,00252
3403420,2,2008,08,22,20,00,03. ,24,00262
3403420,1,2008,08,28,17,32,05. ,06,00033
3403420,1,2008,09,11,12,14,21. ,11,00058
3403420,2,2008,09,21,07,17,24. ,15,00098
3403420,1,2008,10,08,15,08,04. ,09,00042
3403420,1,2008,10,12,10,05,00. ,07,00034
3403420,1,2008,10,14,12,38,04. ,05,00026
3403420,1,2008,10,25,15,02,15. ,08,00021
3403420,2,2008,11,22,21,13,40. ,15,00167
3403420,1,2008,12,14,19,26,01. ,11,00060
3403420,1,2008,12,20,19,30,25. ,14,00023
3403420,1,2008,12,31,00,48,44. ,11,00033
3403420,1,2009,01,03,16,13,44. ,06,00028
3403420,2,2009,01,29,08,56,15. ,17,00102
3403420,1,2009,01,29,09,05,58. ,10,00053
3403420,2,2009,02,01,06,52,12. ,21,00157
3403420,1,2009,02,17,04,54,52. ,05,00020
3403420,1,2009,02,20,18,17,32. ,08,00058
3403420,1,2009,02,28,02,30,35. ,05,00031
3403420,1,2009,03,04,19,04,40. ,12,00079
3403420,1,2009,04,14,01,59,02. ,11,00069
3403420,2,2009,04,21,07,54,33. ,17,00150
3403420,1,2009,04,21,18,58,38. ,06,00026
3403420,2,2009,04,28,06,37,51. ,18,00137
3403420,2,2009,06,06,14,52,56. ,22,00100
3403420,1,2009,06,10,13,06,47. ,10,00034
3403420,1,2009,07,22,03,57,10. ,08,00049
3403420,1,2009,08,03,16,20,16. ,05,00022
3403420,3,2009,08,09,19,57,50. ,25,00162
3403420,1,2009,08,11,05,07,47. ,14,00033
3403420,1,2009,08,13,07,50,14. ,12,00037
3403420,1,2009,08,17,02,21,18. ,11,00069
3403420,1,2009,08,18,06,59,30. ,12,00077
3403420,1,2009,08,31,00,46,36. ,09,00041
3403420,1,2009,09,01,21,02,34. ,11,00034
3403420,1,2009,09,04,11,30,43. ,10,00056
3403420,1,2009,09,05,11,00,13. ,11,00059
3403420,1,2009,09,08,10,03,05. ,05,00034
3403420,1,2009,09,10,00,22,29. ,06,00036
3403420,1,2009,10,01,19,43,17. ,13,00090
3403420,1,2009,10,23,10,28,46. ,14,00083
3403420,1,2009,11,21,15,40,22. ,07,00028
3403420,2,2009,12,18,05,41,47. ,21,00169
3403420,1,2009,12,20,20,52,43. ,09,00032
3403420,1,2010,02,17,04,59,50. ,07,00028
3403420,1,2010,02,22,18,53,05. ,10,00074
3403420,2,2010,03,13,21,46,57. ,15,00083
3403420,2,2010,03,14,17,08,41. ,22,00120
3403420,1,2010,03,16,07,30,54. ,06,00020
3403420,1,2010,03,19,19,27,59. ,07,00043
3403420,1,2010,03,29,10,29,45. ,09,00053
3403420,2,2010,03,31,06,18,47. ,16,00141
3403420,1,2010,04,29,07,22,11. ,05,00038
3403420,1,2010,05,05,10,59,32. ,10,00075
3403420,1,2010,06,06,07,19,42. ,06,00026
3403420,2,2010,06,13,12,33,29. ,19,00100
3403420,1,2010,06,16,19,44,32. ,06,00036
3403420,1,2010,06,27,15,24,23. ,11,00058
3403420,1,2010,07,04,15,03,18. ,10,00043
3403420,3,2010,07,23,06,06,37. ,33,01344
3403420,2,2010,07,23,06,08,44. ,17,00212
3403420,1,2010,08,03,07,31,07. ,14,00089
3403420,1,2010,08,04,23,12,00. ,07,00040
3403420,1,2010,08,13,06,52,29. ,13,00129
3403420,2,2010,09,14,22,11,37. ,17,00176
3403420,2,2010,09,22,05,31,59. ,17,00140
3403420,1,2010,09,27,02,55,15. ,09,00046
3403420,1,2010,09,29,17,00,43. ,13,00034
3403420,1,2010,09,30,21,47,46. ,10,00044
3403420,1,2010,10,04,20,32,44. ,09,00058
3403420,3,2010,10,09,15,12,29. ,25,00377
3403420,2,2010,10,10,10,00,10. ,23,00331
3403420,2,2010,10,10,10,05,06. ,16,00161
3403420,1,2010,10,14,14,30,04. ,10,00089
3403420,1,2010,10,17,17,20,09. ,05,00032
3403420,1,2010,10,19,22,24,14. ,07,00051
3403420,2,2010,10,24,13,50,54. ,15,00141
3403420,1,2010,11,05,07,31,20. ,13,00054
3403420,1,2010,11,05,19,14,16. ,13,00090
3403420,2,2010,11,24,20,09,23. ,21,00189
3403420,1,2010,11,27,08,54,57. ,09,00051
3403420,2,2010,11,30,12,28,01. ,20,00056
3403420,1,2010,12,22,02,23,49. ,08,00016
3403420,1,2011,01,09,11,21,53. ,07,00057
3403420,1,2011,01,25,14,25,19. ,08,00015
3403420,1,2011,02,05,10,56,43. ,11,00028
3403420,1,2011,02,10,22,03,42. ,12,00062
3403420,1,2011,02,13,12,15,21. ,05,00033
3403420,1,2011,02,16,10,30,32. ,11,00047
3403420,1,2011,02,27,00,39,41. ,06,00018
3403420,2,2011,03,09,11,47,20. ,18,00039
3403420,1,2011,03,10,03,17,53. ,13,00018
3403420,2,2011,03,10,06,25,36. ,15,00026
3403420,B,2011,03,11,14,48,10. ,51,03103
3403420,3,2011,03,11,14,52,10. ,30,00175
3403420,3,2011,03,11,14,55,10. ,25,00204
3403420,2,2011,03,11,14,56,10. ,21,00098
3403420,2,2011,03,11,14,57,10. ,17,00080
3403420,1,2011,03,11,15,02,10. ,06,00017
3403420,2,2011,03,11,15,04,20. ,18,00059
3403420,2,2011,03,11,15,05,20. ,18,00095
3403420,3,2011,03,11,15,08,20. ,26,00168
3403420,2,2011,03,11,15,07,20. ,23,00119
3403420,3,2011,03,11,15,09,20. ,27,00201
3403420,2,2011,03,11,15,11,20. ,22,00150
3403420,2,2011,03,11,15,13,20. ,20,00110
3403420,A,2011,03,11,15,16,20. ,47,02445
3403420,2,2011,03,11,15,18,20. ,24,00163
3403420,3,2011,03,11,15,19,20. ,26,00145
3403420,2,2011,03,11,15,20,20. ,23,00148
3403420,2,2011,03,11,15,21,20. ,20,00067
3403420,2,2011,03,11,15,22,20. ,15,00064
3403420,3,2011,03,11,15,27,20. ,25,00204
3403420,2,2011,03,11,15,26,20. ,20,00167
3403420,2,2011,03,11,15,29,20. ,23,00132
3403420,1,2011,03,11,15,30,20. ,12,00058
3403420,2,2011,03,11,15,31,20. ,15,00057
3403420,2,2011,03,11,15,33,30. ,15,00056
3403420,2,2011,03,11,15,35,30. ,23,00184
3403420,1,2011,03,11,15,37,30. ,10,00035
3403420,2,2011,03,11,15,38,30. ,15,00044
3403420,1,2011,03,11,15,43,04. ,07,00022
3403420,2,2011,03,11,15,45,30. ,20,00149
3403420,1,2011,03,11,15,48,50. ,06,00036
3403420,1,2011,03,11,15,49,50. ,10,00036
3403420,1,2011,03,11,15,50,50. ,07,00020
3403420,1,2011,03,11,15,53,44. ,06,00025
3403420,1,2011,03,11,15,54,40. ,11,00051
3403420,1,2011,03,11,15,56,18. ,08,00022
3403420,3,2011,03,11,15,57,24. ,28,00206
3403420,1,2011,03,11,15,59,20. ,09,00025
3403420,2,2011,03,11,16,03,10. ,20,00089
3403420,1,2011,03,11,16,05,10. ,07,00029
3403420,1,2011,03,11,16,10,00. ,09,00030
3403420,1,2011,03,11,16,11,36. ,06,00018
3403420,2,2011,03,11,16,14,10. ,19,00063
3403420,3,2011,03,11,16,15,10. ,25,00178
3403420,1,2011,03,11,16,17,10. ,14,00029
3403420,2,2011,03,11,16,18,10. ,21,00163
3403420,1,2011,03,11,16,22,59. ,07,00048
3403420,1,2011,03,11,16,27,20. ,13,00058
3403420,2,2011,03,11,16,30,40. ,22,00179
3403420,2,2011,03,11,16,31,40. ,17,00068
3403420,1,2011,03,11,16,32,40. ,08,00019
3403420,1,2011,03,11,16,33,40. ,08,00039
3403420,2,2011,03,11,16,43,08. ,22,00179
3403420,1,2011,03,11,16,44,00. ,10,00032
3403420,2,2011,03,11,16,45,00. ,21,00179
3403420,2,2011,03,11,16,46,00. ,18,00097
3403420,1,2011,03,11,16,50,18. ,14,00041
3403420,1,2011,03,11,16,57,09. ,11,00027
3403420,1,2011,03,11,17,00,14. ,12,00090
3403420,1,2011,03,11,17,02,26. ,08,00027
3403420,1,2011,03,11,17,03,31. ,11,00039
3403420,1,2011,03,11,17,05,42. ,12,00037
3403420,2,2011,03,11,17,10,49. ,16,00076
3403420,3,2011,03,11,17,12,26. ,25,00147
3403420,1,2011,03,11,17,16,20. ,13,00061
3403420,1,2011,03,11,17,17,20. ,06,00021
3403420,3,2011,03,11,17,19,40. ,32,00245
3403420,1,2011,03,11,17,28,20. ,11,00051
3403420,1,2011,03,11,17,29,20. ,12,00023
3403420,2,2011,03,11,17,31,36. ,19,00130
3403420,3,2011,03,11,17,35,34. ,25,00273
3403420,3,2011,03,11,17,41,21. ,25,00254
3403420,1,2011,03,11,17,44,22. ,12,00025
3403420,1,2011,03,11,17,56,53. ,07,00036
3403420,2,2011,03,11,18,04,40. ,19,00119
3403420,1,2011,03,11,18,06,40. ,05,00022
3403420,2,2011,03,11,18,20,09. ,17,00078
3403420,1,2011,03,11,18,35,07. ,06,00038
3403420,1,2011,03,11,18,36,58. ,09,00034
3403420,2,2011,03,11,18,37,50. ,16,00061
3403420,1,2011,03,11,18,49,10. ,08,00063
3403420,2,2011,03,11,18,55,24. ,15,00107
3403420,1,2011,03,11,18,57,41. ,06,00038
3403420,1,2011,03,11,19,15,58. ,13,00072
3403420,2,2011,03,11,19,21,50. ,15,00071
3403420,1,2011,03,11,19,36,00. ,12,00045
3403420,1,2011,03,11,19,43,52. ,06,00038
3403420,1,2011,03,11,19,45,39. ,14,00049
3403420,1,2011,03,11,19,46,50. ,07,00034
3403420,1,2011,03,11,20,01,35. ,08,00037
3403420,1,2011,03,11,20,03,30. ,12,00073
3403420,1,2011,03,11,20,07,43. ,09,00051
3403420,1,2011,03,11,20,13,35. ,12,00048
3403420,1,2011,03,11,20,17,15. ,14,00050
3403420,2,2011,03,11,20,21,12. ,24,00167
3403420,1,2011,03,11,20,26,21. ,12,00069
3403420,1,2011,03,11,20,38,40. ,11,00026
3403420,1,2011,03,11,20,40,08. ,08,00026
3403420,2,2011,03,11,20,46,42. ,20,00130
3403420,1,2011,03,11,20,56,46. ,12,00044
3403420,2,2011,03,11,21,13,38. ,16,00053
3403420,1,2011,03,11,21,22,09. ,05,00027
3403420,1,2011,03,11,21,25,02. ,10,00031
3403420,1,2011,03,11,21,29,20. ,06,00021
3403420,1,2011,03,11,21,49,36. ,10,00029
3403420,1,2011,03,11,21,59,16. ,10,00048
3403420,2,2011,03,11,22,17,12. ,21,00113
3403420,1,2011,03,11,22,35,10. ,13,00034
3403420,1,2011,03,11,22,48,03. ,11,00060
3403420,3,2011,03,11,23,00,47. ,28,00435
3403420,1,2011,03,11,23,32,13. ,13,00099
3403420,1,2011,03,11,23,44,27. ,13,00078
3403420,1,2011,03,11,23,54,34. ,11,00029
3403420,2,2011,03,11,23,56,31. ,23,00164
3403420,1,2011,03,12,00,08,02. ,09,00031
3403420,3,2011,03,12,00,13,36. ,28,00178
3403420,1,2011,03,12,00,15,33. ,12,00022
3403420,2,2011,03,12,00,21,00. ,22,00068
3403420,1,2011,03,12,00,22,59. ,09,00040
3403420,1,2011,03,12,00,25,22. ,06,00031
3403420,1,2011,03,12,00,26,20. ,05,00036
3403420,1,2011,03,12,00,33,22. ,07,00026
3403420,1,2011,03,12,00,39,09. ,07,00025
3403420,2,2011,03,12,00,42,27. ,19,00069
3403420,1,2011,03,12,00,57,31. ,05,00028
3403420,1,2011,03,12,01,07,11. ,06,00038
3403420,1,2011,03,12,01,19,38. ,08,00041
3403420,1,2011,03,12,01,30,04. ,06,00034
3403420,1,2011,03,12,01,49,34. ,08,00042
3403420,1,2011,03,12,01,57,38. ,10,00076
3403420,1,2011,03,12,02,08,34. ,05,00037
3403420,2,2011,03,12,02,18,13. ,15,00026
3403420,1,2011,03,12,02,24,37. ,07,00018
3403420,1,2011,03,12,02,31,33. ,05,00020
3403420,2,2011,03,12,03,13,00. ,19,00036
3403420,1,2011,03,12,03,17,40. ,11,00033
3403420,2,2011,03,12,03,44,28. ,17,00088
3403420,1,2011,03,12,03,45,45. ,12,00064
3403420,1,2011,03,12,03,55,51. ,06,00013
3403420,2,2011,03,12,03,59,52. ,23,00110
3403420,1,2011,03,12,04,04,51. ,08,00018
3403420,3,2011,03,12,04,08,53. ,26,00378
3403420,3,2011,03,12,04,24,38. ,26,00276
3403420,1,2011,03,12,04,32,55. ,10,00027
3403420,1,2011,03,12,04,45,53. ,13,00064
3403420,1,2011,03,12,04,53,12. ,06,00032
3403420,1,2011,03,12,04,59,03. ,09,00046
3403420,1,2011,03,12,05,24,15. ,13,00039
3403420,1,2011,03,12,05,26,17. ,05,00017
3403420,2,2011,03,12,05,35,05. ,20,00118
3403420,1,2011,03,12,06,09,45. ,05,00025
3403420,1,2011,03,12,06,16,35. ,09,00041
3403420,1,2011,03,20,19,59,56. ,08,00041
3403420,1,2011,03,20,23,49,10. ,12,00036
3403420,1,2011,03,21,04,54,44. ,10,00056
3403420,1,2011,03,21,05,06,07. ,07,00034
3403420,1,2011,03,21,05,34,55. ,05,00035
3403420,1,2011,03,21,05,44,42. ,12,00096
3403420,1,2011,03,21,14,08,30. ,14,00056
3403420,2,2011,03,21,19,55,10. ,15,00105
3403420,1,2011,03,21,22,49,49. ,14,00068
3403420,1,2011,03,22,00,08,34. ,06,00034
3403420,1,2011,03,22,05,47,14. ,05,00033
3403420,1,2011,03,22,09,33,37. ,07,00049
3403420,1,2011,03,22,10,14,26. ,05,00020
3403420,2,2011,03,22,12,38,54. ,21,00066
3403420,1,2011,03,22,15,00,11. ,09,00024
3403420,3,2011,03,22,16,19,34. ,27,00243
3403420,1,2011,03,22,17,33,42. ,09,00041
3403420,2,2011,03,22,18,19,37. ,23,00113
3403420,2,2011,03,22,21,04,25. ,18,00051
3403420,1,2011,03,22,21,57,39. ,08,00037
3403420,2,2011,03,22,22,51,11. ,22,00095
3403420,1,2011,03,23,00,04,20. ,14,00033
3403420,1,2011,03,23,01,06,25. ,08,00017
3403420,2,2011,03,23,01,12,32. ,16,00051
3403420,1,2011,03,23,02,50,19. ,09,00025
3403420,1,2011,03,23,04,10,36. ,08,00024
3403420,2,2011,03,23,07,12,54. ,19,00104
3403420,2,2011,03,23,07,35,22. ,21,00125
3403420,2,2011,03,23,07,37,20. ,21,00161
3403420,1,2011,03,23,08,47,20. ,07,00024
3403420,1,2011,03,23,13,40,38. ,06,00034
3403420,1,2011,03,23,19,44,12. ,08,00029
3403420,1,2011,03,24,01,54,44. ,09,00055
3403420,1,2011,03,24,05,29,06. ,12,00066
3403420,2,2011,03,24,05,33,07. ,22,00257
3403420,2,2011,03,24,05,43,24. ,23,00249
3403420,3,2011,03,24,08,57,00. ,26,00381
3403420,1,2011,03,24,11,33,22. ,10,00098
3403420,1,2011,03,24,16,04,34. ,07,00018
3403420,1,2011,03,24,17,22,33. ,11,00036
3403420,1,2011,03,25,02,09,01. ,05,00026
3403420,1,2011,03,25,03,14,19. ,09,00071
3403420,1,2011,03,25,03,17,22. ,05,00037
3403420,1,2011,03,25,20,37,49. ,10,00025
3403420,2,2011,03,26,05,52,19. ,18,00150
3403420,1,2011,03,26,16,19,52. ,11,00040
3403420,1,2011,03,26,16,53,01. ,10,00037
3403420,1,2011,03,26,16,57,01. ,07,00027
3403420,1,2011,03,26,19,20,01. ,05,00023
3403420,1,2011,03,26,19,30,32. ,08,00035
3403420,1,2011,03,26,19,42,59. ,05,00016
3403420,1,2011,03,27,00,46,44. ,05,00067
3403420,1,2011,03,27,01,07,10. ,08,00046
3403420,1,2011,03,27,02,32,26. ,13,00078
3403420,1,2011,03,27,02,42,46. ,09,00089
3403420,1,2011,03,27,04,53,00. ,14,00201
3403420,1,2011,03,27,14,32,55. ,05,00032
3403420,1,2011,03,27,19,23,50. ,06,00019
3403420,1,2011,03,28,06,12,09. ,11,00059
3403420,1,2011,03,28,07,24,51. ,14,00050
3403420,1,2011,03,28,14,45,38. ,09,00044
3403420,1,2011,03,29,00,06,32. ,05,00042
3403420,2,2011,03,29,19,55,18. ,15,00039
3403420,1,2011,03,29,21,25,17. ,05,00026
3403420,2,2011,03,30,17,52,53. ,16,00113
3403420,1,2011,03,30,21,51,55. ,14,00039
3403420,2,2011,03,30,22,19,22. ,18,00134
3403420,1,2011,03,30,22,57,47. ,09,00052
3403420,1,2011,03,30,23,45,40. ,12,00053
3403420,1,2011,03,31,05,00,40. ,07,00030
3403420,1,2011,03,31,05,33,55. ,06,00026
3403420,1,2011,04,01,23,44,55. ,08,00034
3403420,1,2011,04,01,23,59,35. ,08,00064
3403420,1,2011,04,02,14,08,23. ,10,00050
3403420,3,2011,04,02,16,56,05. ,33,00834
3403420,1,2011,04,02,18,05,43. ,05,00029
3403420,1,2011,04,03,11,49,41. ,13,00098
3403420,1,2011,04,03,16,39,40. ,10,00038
3403420,1,2011,04,03,20,57,26. ,09,00054
3403420,1,2011,04,04,08,33,10. ,09,00040
3403420,1,2011,04,04,20,46,37. ,09,00081
3403420,1,2011,04,05,04,30,44. ,05,00025
3403420,1,2011,04,05,05,44,13. ,12,00068
3403420,1,2011,04,05,13,32,40. ,10,00106
3403420,1,2011,04,05,18,09,19. ,08,00038
3403420,1,2011,04,05,23,41,55. ,10,00059
3403420,1,2011,04,06,06,24,21. ,07,00046
3403420,2,2011,04,06,19,09,33. ,23,00338
3403420,1,2011,04,06,21,57,19. ,11,00058
3403420,1,2011,04,07,11,41,14. ,14,00069
3403420,1,2011,04,07,19,52,22. ,14,00082
3403420,3,2011,04,07,23,34,20. ,31,00407
3403420,1,2011,04,09,03,57,16. ,13,00094
3403420,1,2011,04,09,12,33,24. ,10,00053
3403420,2,2011,04,09,17,02,30. ,20,00206
3403420,2,2011,04,11,06,36,26. ,19,00117
3403420,4,2011,04,11,17,16,34. ,37,00832
3403420,2,2011,04,11,17,18,30. ,20,00090
3403420,2,2011,04,11,17,27,08. ,15,00068
3403420,1,2011,04,11,17,58,40. ,14,00086
3403420,2,2011,04,11,18,05,54. ,19,00099
3403420,1,2011,04,11,18,13,05. ,09,00058
3403420,3,2011,04,11,20,43,07. ,26,00214
3403420,1,2011,04,11,22,06,18. ,14,00069
3403420,4,2011,04,12,08,08,27. ,39,01314
3403420,1,2011,04,12,08,46,58. ,08,00062
3403420,1,2011,04,12,09,20,31. ,10,00054
3403420,2,2011,04,12,11,24,02. ,20,00200
3403420,1,2011,04,12,12,20,52. ,09,00086
3403420,3,2011,04,12,14,08,05. ,31,00411
3403420,2,2011,04,12,17,49,03. ,15,00075
3403420,1,2011,04,13,02,00,19. ,14,00095
3403420,3,2011,04,13,08,36,37. ,25,00320
3403420,3,2011,04,13,10,08,32. ,26,00219
3403420,1,2011,04,13,14,49,17. ,11,00067
3403420,1,2011,04,13,21,58,50. ,14,00098
3403420,2,2011,04,14,07,36,20. ,18,00144
3403420,2,2011,04,14,12,09,39. ,17,00073
3403420,3,2011,04,16,11,19,47. ,31,00425
3403420,2,2011,04,17,05,21,53. ,16,00137
3403420,2,2011,04,17,13,39,09. ,18,00183
3403420,2,2011,04,17,15,49,30. ,19,00177
3403420,1,2011,04,18,01,57,06. ,12,00094
3403420,2,2011,04,19,23,10,33. ,23,00237
3403420,2,2011,04,20,04,02,27. ,15,00107
3403420,4,2011,04,21,22,37,12. ,37,00833
3403420,2,2011,04,21,22,47,21. ,20,00181
3403420,2,2011,04,21,22,54,16. ,15,00109
3403420,1,2011,04,22,00,07,07. ,14,00076
3403420,2,2011,04,22,01,12,10. ,18,00094
3403420,2,2011,04,22,15,35,41. ,15,00105
3403420,3,2011,04,25,18,00,32. ,30,00496
3403420,2,2011,04,26,21,12,12. ,17,00161
3403420,1,2011,04,28,18,28,48. ,14,00056
3403420,2,2011,04,30,02,04,32. ,22,00230
3403420,1,2011,04,30,14,47,45. ,10,00051
3403420,3,2011,05,01,02,12,20. ,26,00196
3403420,1,2011,05,01,08,08,39. ,14,00066
3403420,1,2011,05,01,10,28,01. ,13,00070
3403420,1,2011,05,01,11,49,12. ,12,00169
3403420,2,2011,05,01,16,04,46. ,16,00132
3403420,1,2011,05,01,19,22,56. ,14,00088
3403420,1,2011,05,11,02,02,24. ,14,00095
3403420,2,2011,05,11,05,24,27. ,24,00223
3403420,1,2011,05,13,22,51,28. ,13,00079
3403420,1,2011,05,13,22,54,55. ,11,00070
3403420,2,2011,05,14,06,49,36. ,20,00153
3403420,2,2011,05,14,08,36,45. ,17,00070
3403420,1,2011,05,16,06,58,33. ,10,00051
3403420,1,2011,05,17,22,41,19. ,10,00066
3403420,3,2011,05,20,09,46,28. ,28,00198
3403420,2,2011,05,20,17,53,15. ,15,00082
3403420,4,2011,05,22,07,06,36. ,37,00970
3403420,2,2011,05,24,20,49,45. ,16,00127
3403420,1,2011,05,25,09,19,38. ,12,00061
3403420,1,2011,05,25,23,21,11. ,05,00047
3403420,1,2011,05,26,19,57,05. ,11,00049
3403420,1,2011,05,28,00,03,04. ,09,00068
3403420,1,2011,05,28,10,57,35. ,13,00056
3403420,2,2011,05,31,04,36,55. ,15,00055
3403420,1,2011,05,31,16,50,33. ,10,00052
3403420,1,2011,06,03,10,33,48. ,12,00056
3403420,2,2011,06,04,01,00,37. ,20,00126
3403420,3,2011,06,09,19,38,49. ,25,00183
3403420,1,2011,06,11,15,19,11. ,12,00085
3403420,1,2011,06,12,09,38,05. ,14,00100
3403420,1,2011,06,12,21,58,32. ,10,00029
3403420,2,2011,06,18,20,32,03. ,16,00053
3403420,2,2011,06,21,17,50,08. ,18,00072
3403420,1,2011,06,24,15,54,52. ,10,00056
3403420,1,2011,06,28,00,05,04. ,10,00052
3403420,2,2011,06,30,07,14,46. ,19,00166
3403420,1,2011,07,01,20,04,06. ,12,00058
3403420,1,2011,07,04,12,24,56. ,06,00046
3403420,2,2011,07,07,00,15,40. ,19,00068
3403420,2,2011,07,08,03,36,17. ,19,00128
3403420,1,2011,07,08,13,58,49. ,10,00104
3403420,2,2011,07,10,09,58,00. ,20,00113
3403420,1,2011,07,10,13,18,39. ,08,00054
3403420,1,2011,07,15,12,25,24. ,11,00065
3403420,3,2011,07,15,21,01,23. ,26,00315
3403420,1,2011,07,22,10,36,41. ,07,00054
3403420,1,2011,07,23,23,22,38. ,05,00082
3403420,2,2011,07,25,03,52,21. ,21,00111
3403420,2,2011,07,25,20,55,18. ,17,00048
3403420,2,2011,07,26,05,35,44. ,16,00165
3403420,1,2011,07,26,20,44,20. ,10,00112
3403420,1,2011,07,29,07,12,08. ,09,00052
3403420,1,2011,07,30,13,07,53. ,08,00048
3403420,3,2011,07,31,03,54,14. ,31,00468
3403420,1,2011,08,05,02,45,39. ,10,00051
3403420,2,2011,08,06,16,15,19. ,18,00064
3403420,1,2011,08,10,04,36,00. ,08,00030
3403420,1,2011,08,11,10,26,42. ,09,00047
3403420,3,2011,08,12,03,22,28. ,25,00221
3403420,1,2011,08,15,15,27,10. ,10,00054
3403420,1,2011,08,15,16,18,41. ,11,00059
3403420,1,2011,08,17,09,23,31. ,09,00048
3403420,1,2011,08,17,16,55,59. ,07,00047
3403420,1,2011,08,19,00,40,00. ,13,00181
3403420,2,2011,08,19,14,37,14. ,21,00122
3403420,2,2011,08,21,13,47,16. ,17,00187
3403420,2,2011,08,22,17,36,33. ,15,00085
3403420,2,2011,08,22,20,24,21. ,16,00035
3403420,1,2011,08,23,11,14,05. ,11,00089
3403420,1,2011,08,25,21,03,58. ,09,00059
3403420,1,2011,08,26,09,36,58. ,10,00236
3403420,1,2011,08,30,03,22,23. ,10,00040
3403420,1,2011,08,31,02,20,56. ,12,00084
3403420,1,2011,09,02,07,39,50. ,07,00055
3403420,1,2011,09,05,17,04,42. ,12,00079
3403420,2,2011,09,10,15,00,47. ,21,00190
3403420,1,2011,09,11,03,35,53. ,11,00095
3403420,1,2011,09,13,02,42,56. ,12,00060
3403420,3,2011,09,15,17,00,29. ,27,00206
3403420,1,2011,09,16,14,27,20. ,13,00069
3403420,1,2011,09,17,18,05,08. ,08,00071
3403420,1,2011,09,19,18,36,48. ,10,00086
3403420,1,2011,09,20,23,59,21. ,13,00069
3403420,2,2011,09,21,22,31,25. ,19,00117
3403420,1,2011,09,22,19,43,39. ,09,00054
3403420,1,2011,09,23,17,16,25. ,13,00070
3403420,1,2011,09,25,12,30,02. ,08,00041
3403420,1,2011,09,29,19,05,48. ,13,00043
3403420,2,2011,10,01,02,20,21. ,17,00116
3403420,1,2011,10,03,06,49,15. ,08,00062
3403420,1,2011,10,04,20,58,55. ,11,00061
3403420,1,2011,10,09,01,09,08. ,09,00047
3403420,2,2011,10,10,11,46,50. ,17,00098
3403420,1,2011,10,20,06,22,19. ,07,00027
3403420,1,2011,10,26,02,09,30. ,10,00045
3403420,1,2011,10,29,02,12,21. ,07,00044
3403420,2,2011,11,03,19,34,39. ,18,00103
3403420,2,2011,11,04,11,59,38. ,15,00066
3403420,2,2011,11,04,23,56,44. ,16,00092
3403420,1,2011,11,05,00,30,24. ,10,00040
3403420,1,2011,11,05,01,47,27. ,05,00045
3403420,1,2011,11,09,14,24,56. ,08,00053
3403420,1,2011,11,17,18,43,37. ,08,00026
3403420,1,2011,11,18,23,41,34. ,05,00040
3403420,1,2011,11,20,04,27,50. ,14,00083
3403420,2,2011,11,20,10,23,57. ,17,00099
3403420,1,2011,11,23,14,33,41. ,05,00031
3403420,2,2011,11,24,04,25,03. ,18,00077
3403420,1,2011,11,28,23,33,29. ,10,00073
3403420,1,2011,12,02,17,16,34. ,12,00075
3403420,2,2011,12,03,05,55,40. ,22,00151
3403420,1,2011,12,03,06,04,00. ,07,00036
3403420,1,2011,12,05,10,01,50. ,08,00025
3403420,1,2011,12,08,07,11,55. ,10,00055
3403420,1,2011,12,11,20,16,25. ,11,00075
3403420,2,2011,12,12,04,51,22. ,15,00093
3403420,2,2011,12,12,14,13,26. ,21,00171
3403420,1,2011,12,15,07,45,52. ,13,00165
3403420,1,2011,12,16,15,12,18. ,06,00032
3403420,1,2011,12,18,18,02,15. ,11,00039
3403420,1,2011,12,19,16,01,58. ,14,00056
3403420,1,2011,12,20,02,25,12. ,07,00046
3403420,1,2011,12,22,05,10,51. ,10,00045
3403420,1,2011,12,23,23,44,21. ,05,00055
3403420,1,2011,12,25,14,03,51. ,06,00039
3403420,1,2011,12,26,02,41,46. ,11,00052
3403420,1,2011,12,31,08,11,38. ,06,00026
3403420,3,2012,01,01,14,30,10. ,26,00148
3403420,1,2012,01,03,03,28,59. ,11,00037
3403420,2,2012,01,06,05,55,55. ,15,00089
3403420,1,2012,01,09,18,23,40. ,05,00033
3403420,1,2012,01,11,21,47,27. ,10,00070
3403420,2,2012,01,12,10,40,26. ,16,00087
3403420,2,2012,01,12,12,21,14. ,19,00111
3403420,1,2012,01,14,21,52,35. ,05,00064
3403420,1,2012,01,16,15,29,17. ,09,00035
3403420,1,2012,01,17,12,30,33. ,12,00082
3403420,1,2012,01,18,10,25,20. ,05,00030
3403420,1,2012,01,19,22,10,03. ,09,00051
3403420,1,2012,01,22,10,20,48. ,08,00052
3403420,1,2012,01,22,12,09,14. ,08,00026
3403420,1,2012,01,23,20,46,20. ,13,00068
3403420,2,2012,01,27,13,19,36. ,20,00165
3403420,1,2012,01,27,14,27,44. ,12,00074
3403420,1,2012,01,28,07,43,45. ,11,00044
3403420,1,2012,01,28,14,21,30. ,06,00020
3403420,2,2012,02,05,08,59,19. ,15,00127
3403420,1,2012,02,05,09,38,03. ,10,00044
3403420,1,2012,02,06,07,06,12. ,07,00021
3403420,1,2012,02,07,22,38,16. ,05,00025
3403420,1,2012,02,11,10,27,10. ,12,00066
3403420,1,2012,02,14,12,28,21. ,14,00047
3403420,2,2012,02,14,15,22,21. ,20,00084
3403420,1,2012,02,15,04,15,23. ,09,00052
3403420,2,2012,02,16,02,32,29. ,16,00109
3403420,2,2012,02,18,23,20,52. ,15,00052
3403420,2,2012,02,19,14,55,11. ,22,00176
3403420,1,2012,02,21,09,34,35. ,13,00192
3403420,1,2012,02,24,13,10,46. ,07,00031
3403420,2,2012,02,28,14,21,03. ,19,00106
3403420,2,2012,02,29,18,00,52. ,15,00058
3403420,2,2012,02,29,23,33,04. ,20,00075
3403420,3,2012,03,01,07,32,46. ,25,00260
3403420,2,2012,03,08,03,51,09. ,16,00117
3403420,2,2012,03,10,02,25,50. ,18,00125
3403420,1,2012,03,14,18,11,15. ,10,00034
3403420,4,2012,03,14,21,05,13. ,35,00670
3403420,1,2012,03,14,22,30,03. ,09,00048
3403420,1,2012,03,15,01,52,21. ,05,00033
3403420,1,2012,03,16,04,20,35. ,14,00053
3403420,1,2012,03,17,08,18,32. ,09,00056
3403420,1,2012,03,18,06,42,58. ,09,00046
3403420,1,2012,03,23,22,56,02. ,06,00044
3403420,1,2012,03,25,01,32,13. ,06,00030
3403420,1,2012,03,25,22,23,43. ,06,00031
3403420,1,2012,03,27,19,22,14. ,13,00067
3403420,1,2012,03,30,13,39,27. ,07,00033
3403420,2,2012,04,01,23,04,49. ,21,00169
3403420,1,2012,04,05,01,06,38. ,06,00035
3403420,1,2012,04,07,17,31,24. ,05,00031
3403420,2,2012,04,12,20,20,34. ,21,00102
3403420,2,2012,04,12,23,51,46. ,15,00032
3403420,2,2012,04,13,19,10,33. ,24,00104
3403420,1,2012,04,19,12,34,04. ,12,00040
3403420,3,2012,04,25,05,22,18. ,28,00302
3403420,1,2012,04,25,05,31,20. ,08,00056
3403420,1,2012,04,25,07,43,33. ,09,00039
3403420,1,2012,04,25,13,08,15. ,08,00054
3403420,3,2012,04,29,19,29,00. ,33,00501
3403420,1,2012,04,29,21,17,30. ,07,00033
3403420,1,2012,04,30,04,26,12. ,05,00032
3403420,2,2012,05,01,04,54,38. ,15,00092
3403420,1,2012,05,04,11,54,32. ,09,00037
3403420,1,2012,05,10,18,43,58. ,05,00028
3403420,2,2012,05,18,17,19,11. ,22,00197
3403420,1,2012,05,18,20,21,43. ,13,00051
3403420,1,2012,05,24,10,09,47. ,12,00052
3403420,1,2012,05,24,10,15,21. ,06,00036
3403420,1,2012,05,26,21,36,01. ,06,00046
3403420,2,2012,05,29,01,36,58. ,18,00096
3403420,1,2012,05,31,14,50,24. ,07,00031
3403420,2,2012,06,01,17,48,20. ,19,00149
3403420,2,2012,06,06,04,32,09. ,18,00039
3403420,1,2012,06,07,10,00,13. ,07,00054
3403420,1,2012,06,08,13,54,25. ,05,00082
3403420,1,2012,06,10,13,22,12. ,09,00050
3403420,1,2012,06,13,18,49,55. ,10,00047
3403420,2,2012,06,17,16,13,27. ,19,00160
3403420,1,2012,06,18,05,34,03. ,10,00023
3403420,1,2012,06,19,09,21,19. ,11,00070
3403420,1,2012,06,19,13,04,33. ,08,00053
3403420,1,2012,06,21,01,47,21. ,09,00050
3403420,2,2012,06,28,14,52,32. ,15,00081
3403420,2,2012,06,28,15,17,32. ,21,00241
3403420,1,2012,06,29,07,01,35. ,10,00049
3403420,1,2012,06,29,16,02,40. ,10,00062
3403420,1,2012,06,30,15,34,26. ,05,00034
3403420,1,2012,07,01,03,12,12. ,10,00078
3403420,1,2012,07,03,11,31,40. ,11,00036
3403420,1,2012,07,08,12,09,40. ,05,00053
3403420,1,2012,07,11,19,54,49. ,12,00067
3403420,1,2012,07,12,13,55,01. ,09,00077
3403420,1,2012,07,16,04,31,47. ,14,00097
3403420,1,2012,07,26,19,30,13. ,11,00093
3403420,1,2012,07,29,14,26,09. ,08,00037
3403420,1,2012,08,03,22,19,48. ,14,00103
3403420,1,2012,08,06,11,34,20. ,09,00056
3403420,2,2012,08,20,20,42,55. ,20,00111
3403420,1,2012,08,20,21,02,32. ,06,00050
3403420,1,2012,08,26,03,37,23. ,14,00085
3403420,1,2012,08,28,22,55,47. ,08,00025
3403420,1,2012,08,30,04,06,28. ,08,00028
3403420,1,2012,08,30,04,17,52. ,14,00108
3403420,1,2012,09,13,00,38,35. ,09,00075
3403420,3,2012,09,14,02,22,13. ,31,00732
3403420,1,2012,09,14,02,45,59. ,10,00071
3403420,1,2012,09,16,01,10,02. ,07,00039
3403420,1,2012,09,19,04,11,08. ,08,00068
3403420,1,2012,09,25,11,56,21. ,06,00030
3403420,1,2012,10,01,14,18,23. ,09,00039
3403420,2,2012,10,02,03,41,35. ,15,00037
3403420,1,2012,10,02,06,27,58. ,10,00048
3403420,2,2012,10,02,10,10,58. ,15,00109
3403420,1,2012,10,08,20,04,20. ,06,00049
3403420,1,2012,10,09,05,55,54. ,12,00075
3403420,3,2012,10,12,13,57,26. ,34,00812
3403420,2,2012,10,12,23,36,02. ,15,00129
3403420,1,2012,10,13,23,02,26. ,14,00146
3403420,1,2012,10,19,20,59,59. ,07,00043
3403420,1,2012,10,24,16,05,55. ,14,00148
3403420,1,2012,10,25,19,33,41. ,11,00039
3403420,1,2012,10,28,18,44,35. ,06,00032
3403420,2,2012,10,31,15,50,12. ,19,00188
3403420,1,2012,11,03,07,35,13. ,07,00042
3403420,1,2012,11,05,05,50,06. ,14,00088
3403420,1,2012,11,06,06,59,33. ,06,00030
3403420,1,2012,11,07,00,02,00. ,06,00047
3403420,1,2012,11,07,00,04,03. ,05,00037
3403420,2,2012,11,09,12,52,32. ,17,00050
3403420,1,2012,11,15,02,19,50. ,08,00029
3403420,2,2012,11,16,17,26,11. ,16,00061
3403420,1,2012,11,24,00,52,08. ,07,00053
3403420,2,2012,11,24,18,00,00. ,15,00090
3403420,1,2012,12,02,16,01,02. ,07,00039
3403420,1,2012,12,06,19,17,57. ,10,00084
3403420,1,2012,12,07,05,32,16. ,13,00061
3403420,3,2012,12,07,17,20,10. ,34,00492
3403420,1,2012,12,07,17,32,49. ,08,00034
3403420,1,2012,12,07,18,02,34. ,05,00033
3403420,1,2012,12,13,20,56,30. ,06,00021
3403420,1,2012,12,15,13,27,49. ,09,00036
3403420,2,2012,12,15,14,46,45. ,15,00081
3403420,1,2012,12,19,05,31,47. ,12,00059
3403420,1,2012,12,20,05,16,41. ,09,00032
3403420,1,2012,12,27,06,17,37. ,09,00047
3403420,1,2012,12,29,16,20,11. ,09,00037
3403420,1,2012,12,30,08,05,59. ,08,00031
3403420,1,2013,01,04,13,42,57. ,13,00055
3403420,1,2013,01,04,22,53,37. ,05,00028
3403420,1,2013,01,11,16,58,16. ,06,00039
3403420,1,2013,01,14,15,54,36. ,09,00036
3403420,3,2013,01,22,04,47,05. ,27,00385
3403420,2,2013,01,28,03,42,05. ,20,00158
3403420,1,2013,01,31,23,54,09. ,10,00044
3403420,1,2013,02,01,01,05,07. ,07,00043
3403420,1,2013,02,01,23,07,04. ,10,00041
3403420,1,2013,02,02,05,52,56. ,08,00037
3403420,2,2013,02,02,23,20,30. ,15,00052
3403420,1,2013,02,06,14,04,26. ,09,00057
3403420,1,2013,02,06,18,32,04. ,08,00047
3403420,1,2013,02,09,13,43,40. ,14,00068
3403420,1,2013,02,13,10,33,34. ,09,00074
3403420,2,2013,02,19,21,28,02. ,20,00057
3403420,1,2013,02,24,13,55,52. ,05,00024
3403420,1,2013,02,25,16,24,38. ,13,00036
3403420,2,2013,03,03,20,14,48. ,17,00154
3403420,1,2013,03,03,20,24,22. ,11,00114
3403420,1,2013,03,11,17,10,18. ,12,00072
3403420,1,2013,03,14,05,03,21. ,08,00030
3403420,1,2013,03,18,06,53,52. ,11,00077
3403420,1,2013,03,21,14,35,02. ,14,00100
3403420,2,2013,03,26,20,48,30. ,18,00172
3403420,2,2013,03,26,20,55,23. ,15,00109
3403420,1,2013,03,29,00,48,38. ,09,00044
3403420,2,2013,04,04,13,42,44. ,23,00197
3403420,1,2013,04,06,05,01,27. ,13,00049
3403420,1,2013,04,07,23,09,28. ,09,00044
3403420,1,2013,04,14,10,22,41. ,10,00045
3403420,1,2013,04,14,22,25,50. ,14,00058
3403420,1,2013,04,17,21,04,47. ,11,00035
3403420,2,2013,04,19,23,11,17. ,15,00095
3403420,1,2013,04,22,10,24,08. ,06,00036
3403420,2,2013,04,29,22,01,56. ,23,00141
3403420,1,2013,04,30,22,09,54. ,05,00026
3403420,1,2013,05,08,20,18,21. ,10,00043
3403420,2,2013,05,18,14,48,38. ,16,00071
3403420,3,2013,06,06,12,29,05. ,26,00238
3403420,2,2013,06,06,13,25,51. ,16,00080
3403420,1,2013,06,13,12,20,02. ,09,00058
3403420,1,2013,07,05,03,57,30. ,05,00072
3403420,2,2013,07,06,07,00,55. ,20,00180
3403420,2,2013,07,07,10,51,38. ,15,00094
3403420,1,2013,07,20,01,40,18. ,09,00043
3403420,2,2013,07,20,15,07,00. ,16,00044
3403420,2,2013,07,21,16,03,28. ,19,00106
3403420,1,2013,07,23,12,02,52. ,07,00035
3403420,1,2013,08,04,02,44,47. ,07,00032
3403420,1,2013,08,04,12,29,34. ,13,00060
3403420,1,2013,08,07,06,31,03. ,05,00035
3403420,1,2013,08,10,07,56,36. ,11,00054
3403420,1,2013,08,16,04,03,37. ,08,00029
3403420,2,2013,09,04,09,21,11. ,22,00067
3403420,1,2013,09,09,09,04,53. ,06,00029
3403420,1,2013,09,09,15,07,27. ,12,00134
3403420,1,2013,09,13,04,50,01. ,10,00047
3403420,1,2013,09,13,08,26,26. ,05,00046
3403420,1,2013,09,14,17,44,45. ,07,00029
3403420,3,2013,09,20,02,25,29. ,27,00260
3403420,1,2013,09,30,22,38,06. ,10,00049
3403420,2,2013,10,12,02,43,25. ,16,00091
3403420,1,2013,10,20,10,07,42. ,13,00082
3403420,1,2013,10,22,10,19,46. ,05,00015
3403420,2,2013,10,26,02,12,10. ,23,00205
3403420,2,2013,11,03,14,25,25. ,20,00152
3403420,1,2013,11,04,16,13,28. ,06,00085
3403420,3,2013,11,10,07,38,02. ,29,00316
3403420,2,2013,11,13,19,11,09. ,16,00215
3403420,2,2013,11,16,20,44,54. ,24,00193
3403420,1,2013,11,17,02,00,27. ,06,00026
3403420,2,2013,11,29,01,15,17. ,17,00086
3403420,1,2013,12,03,06,27,00. ,08,00033
3403420,2,2013,12,03,15,58,22. ,17,00092
3403420,1,2013,12,03,18,17,14. ,14,00052
3403420,1,2013,12,08,11,12,44. ,05,00025
3403420,1,2013,12,10,05,37,35. ,05,00016
3403420,3,2013,12,14,13,06,24. ,30,00396
3403420,1,2013,12,16,00,54,27. ,05,00028
3403420,1,2013,12,16,04,34,20. ,06,00029
3403420,2,2013,12,21,01,10,57. ,17,00098
3403420,3,2013,12,21,10,34,24. ,28,00259
3403420,1,2013,12,22,09,22,54. ,05,00034
3403420,1,2013,12,27,10,32,56. ,08,00044
3403420,2,2013,12,31,10,03,20. ,17,00100
3403420,2,2014,01,02,22,11,23. ,15,00058
3403420,1,2014,01,09,03,58,03. ,11,00058
3403420,1,2014,01,15,21,04,54. ,06,00030
3403420,1,2014,01,17,18,53,46. ,07,00028
3403420,1,2014,01,18,14,32,10. ,07,00036
3403420,1,2014,01,28,05,25,54. ,05,00029
3403420,1,2014,01,28,17,35,44. ,06,00040
3403420,1,2014,02,11,04,15,31. ,08,00028
3403420,1,2014,02,20,00,42,21. ,09,00079
3403420,1,2014,02,22,07,31,21. ,14,00078
3403420,1,2014,02,25,19,55,12. ,06,00036
3403420,1,2014,03,08,03,34,32. ,14,00058
3403420,1,2014,03,12,05,04,44. ,12,00059
3403420,1,2014,03,16,09,05,38. ,11,00051
3403420,1,2014,03,22,03,34,06. ,13,00080
3403420,1,2014,03,29,10,54,23. ,11,00034
3403420,1,2014,04,10,13,17,26. ,05,00029
3403420,1,2014,04,13,18,16,47. ,08,00037
3403420,1,2014,04,16,03,36,20. ,13,00062
3403420,1,2014,04,17,03,18,18. ,08,00028
3403420,2,2014,04,18,07,53,15. ,15,00095
3403420,2,2014,04,22,06,23,06. ,15,00069
3403420,1,2014,04,25,08,43,45. ,07,00056
3403420,2,2014,04,26,04,15,35. ,16,00093
3403420,1,2014,05,05,05,02,38. ,05,00036
3403420,2,2014,05,05,05,18,54. ,23,00152
3403420,2,2014,05,13,08,35,16. ,18,00121
3403420,1,2014,05,13,10,34,04. ,08,00064
3403420,1,2014,06,07,00,12,57. ,14,00087
3403420,2,2014,06,16,03,19,44. ,15,00058
3403420,2,2014,06,16,05,15,16. ,16,00105
3403420,2,2014,06,28,16,11,58. ,16,00086
3403420,3,2014,07,12,04,22,59. ,25,00087
3403420,1,2014,07,20,10,25,58. ,12,00057
3403420,1,2014,08,24,17,27,07. ,07,00030
3403420,1,2014,08,26,11,23,12. ,12,00068
3403420,1,2014,09,02,16,32,52. ,09,00066
3403420,1,2014,09,03,16,25,01. ,09,00029
3403420,1,2014,09,03,19,11,42. ,08,00019
3403420,1,2014,09,09,11,43,21. ,12,00063
3403420,3,2014,09,16,12,28,43. ,25,00368
3403420,1,2014,09,24,21,46,36. ,10,00038
3403420,1,2014,09,24,22,31,47. ,12,00053
3403420,1,2014,09,28,15,09,43. ,06,00046
3403420,1,2014,10,12,05,28,19. ,10,00057
3403420,1,2014,10,14,00,41,29. ,12,00073
3403420,1,2014,10,17,18,58,39. ,10,00048
3403420,1,2014,10,27,15,36,35. ,09,00041
3403420,1,2014,11,12,09,53,41. ,14,00087
3403420,2,2014,11,20,10,52,23. ,15,00082
3403420,1,2014,11,22,22,09,57. ,10,00013
3403420,1,2014,11,27,06,18,51. ,09,00053
3403420,1,2014,12,01,04,05,02. ,07,00032
3403420,2,2014,12,04,12,35,34. ,15,00101
3403420,1,2014,12,09,20,11,48. ,10,00064
3403420,1,2014,12,13,16,20,35. ,05,00027
3403420,2,2014,12,20,18,30,48. ,18,00058
3403420,1,2014,12,24,03,36,17. ,05,00065
3403420,1,2014,12,25,20,32,11. ,10,00082
3403420,1,2014,12,31,11,07,19. ,05,00026
3403420,1,2015,01,02,10,51,57. ,07,00051
3403420,1,2015,01,08,07,58,13. ,09,00049
3403420,3,2015,01,26,07,20,08. ,31,00773
3403420,2,2015,01,26,07,21,32. ,20,00249
3403420,1,2015,01,26,07,34,17. ,09,00069
3403420,2,2015,01,30,20,31,55. ,18,00289
3403420,1,2015,02,02,18,06,24. ,08,00050
3403420,1,2015,02,23,17,00,33. ,08,00025
3403420,2,2015,02,28,17,40,48. ,20,00141
3403420,1,2015,03,14,04,47,17. ,08,00080
3403420,1,2015,03,20,19,54,24. ,08,00046
3403420,1,2015,03,20,23,53,20. ,08,00038
3403420,1,2015,03,24,13,53,40. ,11,00054
3403420,1,2015,03,26,06,28,40. ,08,00041
3403420,1,2015,05,03,13,03,46. ,07,00026
3403420,2,2015,05,03,15,54,11. ,18,00145
3403420,2,2015,05,13,06,15,00. ,17,00045
3403420,1,2015,05,13,22,45,32. ,12,00064
3403420,3,2015,05,25,14,28,25. ,33,00742
3403420,1,2015,05,30,01,07,02. ,14,00088
3403420,3,2015,05,30,20,26,43. ,27,00126
3403420,2,2015,06,09,05,44,19. ,20,00204
3403420,1,2015,06,10,19,25,33. ,12,00098
3403420,1,2015,07,10,01,15,35. ,14,00072
3403420,1,2015,07,23,03,50,05. ,08,00033
3403420,1,2015,08,05,20,57,09. ,06,00030
3403420,2,2015,08,06,10,45,33. ,15,00071
3403420,3,2015,08,06,18,22,42. ,25,00262
3403420,1,2015,08,14,05,14,18. ,12,00055
3403420,2,2015,08,28,23,46,34. ,18,00131
3403420,1,2015,09,02,16,17,05. ,09,00078
3403420,1,2015,09,05,19,35,18. ,05,00037
3403420,2,2015,09,12,05,49,21. ,21,00165
3403420,1,2015,09,12,11,45,27. ,05,00028
3403420,1,2015,09,16,05,53,32. ,13,00145
3403420,1,2015,09,26,20,22,28. ,07,00048
3403420,1,2015,09,28,12,04,51. ,08,00048
3403420,1,2015,10,15,05,35,30. ,09,00061
3403420,2,2015,10,21,15,05,15. ,19,00170
3403420,1,2015,10,31,23,20,14. ,14,00057
3403420,1,2015,11,04,08,56,42. ,09,00050
3403420,1,2015,11,07,22,45,02. ,10,00038
3403420,1,2015,11,19,18,33,52. ,08,00036
3403420,2,2015,11,22,08,20,41. ,18,00134
3403420,1,2015,12,02,01,07,34. ,05,00060
3403420,1,2015,12,03,21,21,33. ,08,00050
3403420,1,2015,12,08,01,22,47. ,13,00064
3403420,1,2016,01,15,04,29,07. ,10,00077
3403420,2,2016,01,24,06,33,42. ,16,00099
3403420,2,2016,01,25,00,13,06. ,18,00104
3403420,1,2016,02,05,07,42,14. ,09,00052
3403420,2,2016,02,07,19,27,08. ,24,00264
3403420,1,2016,03,10,22,47,11. ,07,00035
3403420,1,2016,03,15,20,14,41. ,06,00039
3403420,1,2016,03,22,14,34,51. ,11,00049
3403420,2,2016,03,31,11,48,38. ,16,00134
3403420,1,2016,04,19,19,05,47. ,13,00083
3403420,1,2016,04,20,21,20,47. ,10,00032
3403420,1,2016,04,22,07,59,49. ,06,00039
3403420,3,2016,05,16,21,23,13. ,33,01044
3403420,1,2016,05,17,06,57,44. ,09,00077
3403420,1,2016,05,23,23,17,42. ,06,00032
3403420,1,2016,05,28,18,10,57. ,05,00043
3403420,2,2016,06,12,07,54,34. ,23,00186
3403420,1,2016,06,18,08,50,27. ,13,00063
3403420,1,2016,06,27,07,58,08. ,12,00029
3403420,1,2016,07,02,08,49,58. ,05,00043
3403420,1,2016,07,04,22,49,02. ,08,00060
3403420,1,2016,07,05,12,46,21. ,14,00064
3403420,1,2016,07,05,15,01,37. ,05,00028
3403420,1,2016,07,06,08,47,44. ,10,00069
3403420,2,2016,07,17,13,24,13. ,18,00177
3403420,2,2016,07,19,12,58,02. ,17,00113
3403420,2,2016,07,20,07,25,43. ,22,00226
3403420,2,2016,07,27,23,47,31. ,21,00167
3403420,2,2016,07,30,16,40,42. ,21,00209
3403420,2,2016,08,03,01,10,48. ,16,00110
3403420,1,2016,08,15,16,05,11. ,13,00058
3403420,2,2016,08,19,21,07,58. ,21,00126
3403420,1,2016,08,31,05,05,28. ,07,00019
3403420,3,2016,09,07,13,29,01. ,25,00353
3403420,2,2016,09,09,20,53,31. ,19,00134
3403420,1,2016,09,09,23,18,37. ,05,00034
3403420,1,2016,09,12,13,33,28. ,14,00127
3403420,1,2016,09,13,08,31,00. ,06,00029
3403420,2,2016,09,13,19,12,42. ,15,00085
3403420,1,2016,09,17,16,36,04. ,14,00083
3403420,1,2016,10,06,11,24,01. ,06,00049
3403420,1,2016,10,19,23,40,50. ,09,00130
3403420,4,2016,10,20,11,50,00. ,36,01125
3403420,1,2016,10,28,22,55,12. ,08,00094
3403420,1,2016,11,09,07,09,11. ,09,00098
3403420,1,2016,11,12,06,44,16. ,12,00039
3403420,2,2016,11,15,01,15,55. ,19,00159
3403420,1,2016,11,20,08,09,43. ,05,00029
3403420,2,2016,11,21,06,59,33. ,24,00328
3403420,4,2016,11,22,06,01,10. ,35,00286
3403420,1,2016,11,22,06,40,30. ,10,00025
3403420,1,2016,11,22,06,43,51. ,09,00026
3403420,1,2016,11,22,23,04,43. ,10,00031
3403420,2,2016,11,24,06,24,03. ,22,00077
3403420,1,2016,12,13,06,02,23. ,06,00056
3403420,1,2016,12,24,02,25,49. ,07,00024
3403420,1,2016,12,26,04,53,00. ,07,00029
3403420,3,2016,12,28,21,39,09. ,27,00317
3403420,1,2016,12,31,05,09,16. ,05,00025
3403420,2,2017,01,05,00,44,22. ,18,00115
3403420,2,2017,01,05,02,54,03. ,16,00045
3403420,2,2017,01,13,12,25,39. ,20,00123
3403420,1,2017,01,18,17,19,38. ,14,00109
3403420,1,2017,02,06,15,24,57. ,06,00041
3403420,1,2017,02,09,14,07,40. ,07,00047
3403420,1,2017,02,11,06,06,22. ,05,00027
3403420,3,2017,02,19,18,19,38. ,34,00558
3403420,1,2017,02,26,05,12,00. ,08,00052
3403420,1,2017,02,27,00,04,11. ,10,00053
3403420,2,2017,02,27,08,26,47. ,16,00159
3403420,2,2017,02,28,16,49,32. ,19,00122
3403420,1,2017,03,01,15,44,01. ,06,00027
3403420,2,2017,03,05,10,19,04. ,15,00061
3403420,1,2017,03,12,04,58,43. ,09,00030
3403420,1,2017,03,14,03,54,21. ,10,00074
3403420,1,2017,03,15,16,30,39. ,11,00103
3403420,1,2017,03,16,02,05,35. ,06,00054
3403420,1,2017,03,17,22,00,43. ,11,00059
3403420,1,2017,03,22,22,50,23. ,13,00073
3403420,1,2017,03,24,01,30,13. ,10,00065
3403420,2,2017,04,12,03,11,00. ,24,00354
3403420,1,2017,06,04,09,56,24. ,08,00034
3403420,1,2017,06,04,11,10,15. ,05,00024
3403420,2,2017,06,08,09,25,39. ,19,00134
3403420,1,2017,06,19,05,52,08. ,06,00028
3403420,1,2017,07,07,21,49,31. ,08,00038
3403420,2,2017,07,20,09,12,13. ,18,00080
3403420,1,2017,07,21,16,07,54. ,13,00065
3403420,3,2017,08,02,02,02,25. ,30,00348
3403420,2,2017,08,02,07,16,07. ,23,00245
3403420,2,2017,08,03,13,45,16. ,16,00150
3403420,2,2017,08,10,09,36,42. ,15,00074
3403420,1,2017,08,11,00,05,56. ,06,00034
3403420,1,2017,08,14,18,12,04. ,07,00024
3403420,1,2017,08,26,04,21,06. ,05,00023
3403420,1,2017,08,27,11,26,33. ,10,00046
3403420,1,2017,09,20,05,19,06. ,07,00021
3403420,1,2017,09,21,01,39,02. ,08,00032
3403420,1,2017,10,03,04,01,42. ,07,00038
3403420,2,2017,10,06,23,57,04. ,23,00155
3403420,1,2017,11,02,22,31,39. ,10,00051
3403420,2,2017,11,03,21,38,23. ,19,00131
3403420,1,2017,11,05,16,30,31. ,08,00060
3403420,2,2017,11,15,01,22,03. ,19,00288
3403420,1,2017,11,30,22,02,25. ,06,00048
3403420,1,2017,12,02,00,12,48. ,09,00052
3403420,1,2018,01,01,04,42,50. ,13,00088
3403420,1,2018,01,02,19,49,03. ,06,00030
3403420,2,2018,01,05,11,02,35. ,15,00076
3403420,1,2018,01,06,00,54,27. ,14,00086
3403420,1,2018,01,07,18,20,15. ,10,00059
3403420,1,2018,01,10,07,30,36. ,11,00024
3403420,1,2018,01,31,10,15,48. ,05,00030
3403420,2,2018,02,26,01,29,33. ,19,00086
3403420,2,2018,02,27,08,08,15. ,15,00106
3403420,2,2018,03,13,15,46,39. ,20,00260
3403420,1,2018,03,19,11,45,37. ,10,00026
3403420,2,2018,03,30,08,17,48. ,23,00244
3403420,2,2018,04,21,18,47,31. ,19,00085
3403420,1,2018,05,04,02,07,32. ,07,00029
3403420,3,2018,05,17,12,12,41. ,28,00398
3403420,1,2018,05,22,21,55,49. ,06,00037
3403420,1,2018,06,07,14,58,54. ,08,00055
3403420,1,2018,06,07,21,18,20. ,08,00027
3403420,1,2018,06,16,11,09,29. ,11,00063
3403420,1,2018,06,17,15,28,00. ,12,00060
3403420,1,2018,06,26,19,46,42. ,13,00070
3403420,3,2018,07,07,20,24,05. ,26,00174
3403420,2,2018,07,17,04,34,26. ,20,00156
3403420,1,2018,07,17,04,43,14. ,07,00042
3403420,1,2018,07,18,16,45,18. ,07,00023
3403420,1,2018,07,31,17,43,03. ,12,00041
3403420,1,2018,08,11,06,11,59. ,07,00035
3403420,1,2018,08,14,12,36,14. ,09,00034
3403420,1,2018,08,29,07,36,25. ,05,00035
3403420,1,2018,09,24,00,05,57. ,07,00048
3403420,1,2018,09,24,06,48,34. ,14,00149
3403420,1,2018,09,28,22,50,23. ,05,00044
3403420,1,2018,09,29,20,56,49. ,10,00082
3403420,1,2018,10,02,12,28,11. ,13,00074
3403420,2,2018,10,04,00,15,40. ,22,00194
3403420,1,2018,10,04,02,13,24. ,05,00030
3403420,3,2018,10,12,13,15,57. ,25,00193
3403420,1,2018,10,18,14,18,35. ,14,00079
3403420,1,2018,10,21,20,03,15. ,09,00059
3403420,1,2018,10,27,09,08,45. ,10,00037
3403420,1,2018,11,21,07,29,03. ,10,00095
3403420,1,2018,11,23,23,30,52. ,10,00046
3403420,2,2018,11,27,08,34,02. ,18,00164
3403420,2,2019,01,14,13,23,55. ,20,00162
3403420,2,2019,01,18,21,46,34. ,22,00151
3403420,1,2019,01,22,07,04,25. ,06,00034
3403420,1,2019,01,23,00,00,41. ,08,00039
3403420,1,2019,02,03,04,10,34. ,08,00024
3403420,1,2019,03,02,06,03,49. ,05,00033
3403420,1,2019,03,14,20,59,13. ,10,00043
3403420,1,2019,03,17,06,07,34. ,08,00046
3403420,1,2019,03,29,17,47,50. ,06,00032
3403420,2,2019,05,25,15,21,08. ,19,00096
3403420,1,2019,06,07,19,08,51. ,13,00097
3403420,1,2019,06,08,12,46,19. ,12,00108
3403420,2,2019,06,17,08,00,36. ,24,00242
3403420,1,2019,06,24,09,12,19. ,14,00060
3403420,1,2019,07,07,03,52,15. ,14,00075
3403420,1,2019,07,15,01,30,58. ,13,00057
3403420,1,2019,07,23,09,10,25. ,12,00071
3403420,1,2019,07,25,07,14,50. ,13,00066
3403420,2,2019,07,28,03,33,10. ,16,00067
3403420,2,2019,07,29,00,35,08. ,17,00169
3403420,2,2019,08,04,19,23,48. ,24,00146
3403420,1,2019,09,30,01,02,55. ,09,00043
3403420,1,2019,10,12,18,22,33. ,12,00038
3403420,1,2019,11,22,05,24,09. ,13,00107
3403420,1,2019,11,25,12,22,21. ,06,00038
3403420,1,2019,12,03,10,18,27. ,13,00086
3403420,2,2019,12,04,10,39,23. ,21,00152
3403420,1,2019,12,04,18,13,19. ,09,00096
3403420,1,2019,12,05,22,35,47. ,09,00048
3403420,3,2020,01,03,03,24,04. ,26,00169
3403420,2,2020,01,14,04,54,01. ,17,00163
3403420,2,2020,01,14,13,26,01. ,19,00101
3403420,1,2020,01,22,22,40,47. ,07,00062
3403420,1,2020,01,22,22,43,38. ,06,00084
3403420,2,2020,02,01,01,11,31. ,23,00223
3403420,3,2020,02,01,02,07,59. ,25,00278
3403420,2,2020,02,06,20,20,35. ,16,00057
3403420,1,2020,02,09,16,36,19. ,14,00118
3403420,2,2020,02,12,19,38,06. ,15,00086
3403420,1,2020,02,17,12,41,09. ,09,00064
3403420,1,2020,03,31,20,24,24. ,11,00062
3403420,3,2020,04,12,00,45,00. ,33,00954
3403420,2,2020,04,24,01,38,08. ,18,00242
3403420,2,2020,04,26,09,49,22. ,17,00111
3403420,3,2020,05,04,22,07,58. ,31,00414
3403420,1,2020,05,04,22,34,57. ,09,00049
3403420,2,2020,05,06,01,57,21. ,20,00094
3403420,2,2020,05,11,08,58,51. ,22,00190
3403420,1,2020,05,16,06,27,34. ,07,00041
3403420,1,2020,05,19,12,18,09. ,08,00039
3403420,2,2020,06,01,06,02,27. ,17,00089
3403420,2,2020,06,04,05,31,41. ,16,00109
3403420,1,2020,06,07,09,26,50. ,05,00043
3403420,1,2020,06,07,21,44,26. ,10,00056
3403420,4,2020,06,25,04,47,56. ,35,00635
3403420,1,2020,06,28,14,59,50. ,14,00084
3403420,1,2020,07,01,18,25,15. ,11,00059
3403420,1,2020,07,09,06,05,47. ,14,00105
3403420,2,2020,07,29,05,33,31. ,16,00083
3403420,1,2020,08,06,02,54,28. ,14,00043
3403420,1,2020,08,13,11,35,44. ,10,00060
3403420,2,2020,08,30,14,37,56. ,19,00177
3403420,1,2020,09,07,06,34,16. ,13,00049
3403420,1,2020,09,10,12,26,47. ,06,00034
3403420,1,2020,09,11,19,19,58. ,06,00049
3403420,1,2020,09,12,11,45,45. ,12,00031
3403420,1,2020,09,15,15,07,09. ,07,00034
3403420,1,2020,09,17,14,00,59. ,09,00049
3403420,1,2020,09,20,09,05,19. ,06,00032
3403420,1,2020,10,05,11,32,53. ,06,00035
3403420,1,2020,10,28,15,58,44. ,06,00031
3403420,1,2020,11,01,19,40,43. ,09,00053
3403420,3,2020,11,22,19,06,10. ,27,00302
3403420,1,2020,11,25,11,20,30. ,13,00118
3403420,1,2020,12,05,16,59,02. ,05,00026
3403420,2,2020,12,17,16,42,55. ,20,00332
3403420,2,2020,12,30,09,35,41. ,22,00230
3403420,1,2021,01,24,18,13,32. ,06,00047
3403420,1,2021,01,26,08,25,35. ,05,00045
3403420,4,2021,02,13,23,08,25. ,37,00769
3403420,1,2021,02,13,23,52,40. ,06,00031
3403420,1,2021,02,14,16,32,49. ,07,00027
3403420,1,2021,02,15,21,27,02. ,06,00026
3403420,1,2021,03,04,11,22,59. ,07,00035
3403420,2,2021,03,16,04,56,31. ,23,00227
3403420,3,2021,03,20,18,10,31. ,29,00215
3403420,1,2021,04,18,09,30,23. ,14,00034
3403420,2,2021,05,01,10,28,08. ,23,00140
3403420,2,2021,05,14,08,59,12. ,17,00063
3403420,1,2021,05,16,10,09,06. ,05,00037
3403420,1,2021,05,24,04,09,28. ,09,00043
3403420,1,2021,05,29,08,21,53. ,09,00023
3403420,1,2021,05,29,10,03,09. ,14,00046
3403420,1,2021,06,30,21,37,39. ,07,00034
3403420,1,2021,07,03,01,46,12. ,05,00028
3403420,1,2021,07,28,00,55,10. ,13,00094
3403420,1,2021,08,03,19,29,59. ,11,00044
3403420,2,2021,08,04,05,34,00. ,18,00074
3403420,1,2021,08,04,05,43,52. ,13,00033
3403420,1,2021,08,04,11,57,14. ,08,00031
3403420,1,2021,08,04,13,41,04. ,10,00034
3403420,1,2021,08,25,16,14,15. ,11,00085
3403420,1,2021,08,27,05,46,31. ,09,00050
3403420,2,2021,08,27,05,49,22. ,15,00140
3403420,1,2021,09,14,07,48,12. ,10,00026
3403420,1,2021,09,19,08,08,11. ,06,00035
3403420,1,2021,09,27,20,26,56. ,13,00063
3403420,1,2021,09,29,12,26,56. ,11,00076
3403420,1,2021,09,29,17,39,27. ,12,00034
3403420,2,2021,09,30,01,26,30. ,17,00190
3403420,1,2021,10,07,17,00,46. ,06,00047
3403420,3,2021,10,07,22,41,36. ,33,00320
3403420,1,2021,10,21,17,38,51. ,06,00023
3403420,2,2021,10,28,09,55,40. ,22,00193
3403420,2,2021,11,01,06,15,01. ,22,00180
3403420,1,2021,11,07,04,41,10. ,06,00059
3403420,2,2021,11,08,03,08,42. ,18,00195
3403420,1,2021,11,09,01,15,36. ,06,00018
3403420,1,2021,11,11,12,21,51. ,06,00032
3403420,1,2021,11,16,07,48,39. ,09,00089
3403420,1,2021,11,20,08,57,42. ,10,00035
3403420,2,2021,12,02,01,58,52. ,20,00178
3403420,1,2021,12,03,06,38,12. ,06,00032
3403420,2,2021,12,12,12,31,11. ,20,00160
3403420,1,2021,12,30,09,42,21. ,05,00021
