station,intensity,year,month,day,hour,minute,second,intensity_equip,acceleration_max_comb
3612141,2,2002,05,19,05,00,34. ,20,00131
3612141,2,2002,06,14,11,43,23. ,15,00066
3612141,2,2002,07,13,21,46,17. ,18,00086
3612141,1,2002,08,23,12,53,17. ,14,00066
3612141,2,2003,05,12,00,57,31. ,20,00121
3612141,1,2003,05,17,23,33,49. ,14,00071
3612141,2,2003,05,26,18,26,23. ,23,00078
3612141,2,2003,07,11,14,24,07. ,17,00085
3612141,2,2003,07,12,02,32,04. ,15,00070
3612141,2,2003,08,18,19,00,06. ,19,00087
3612141,2,2003,09,20,12,55,21. ,22,00140
3612141,3,2003,10,15,16,30,50. ,25,00215
3612141,2,2003,11,12,17,28,44. ,15,00057
3612141,2,2003,11,15,03,44,45. ,15,00064
3612141,1,2004,03,24,14,06,49. ,12,00073
3612141,2,2004,04,07,22,47,45. ,15,00064
3612141,1,2004,06,29,16,05,54. ,12,00057
3612141,2,2004,07,17,15,10,52. ,23,00174
3612141,2,2004,08,06,03,23,55. ,21,00133
3612141,2,2004,09,05,19,08,54. ,16,00051
3612141,2,2004,09,05,23,58,59. ,18,00066
3612141,2,2004,10,06,23,41,09. ,22,00151
3612141,2,2004,10,23,17,57,01. ,19,00082
3612141,2,2004,10,23,18,35,08. ,18,00074
3612141,3,2005,02,16,04,47,00. ,26,00242
3612141,2,2005,03,12,12,20,28. ,15,00071
3612141,2,2005,04,11,15,35,20. ,18,00116
3612141,2,2005,05,07,04,52,42. ,18,00076
3612141,2,2005,06,01,19,06,14. ,17,00092
3612141,1,2005,06,01,19,40,12. ,12,00060
3612141,2,2005,06,01,20,44,25. ,23,00225
3612141,1,2005,06,09,09,29,12. ,12,00055
3612141,2,2005,06,20,01,15,54. ,18,00089
3612141,3,2005,07,23,16,35,12. ,34,00498
3612141,2,2005,07,28,19,16,02. ,18,00110
3612141,1,2005,07,31,14,53,51. ,11,00075
3612141,2,2005,08,07,01,05,49. ,21,00135
3612141,3,2005,08,16,11,48,06. ,27,00125
3612141,3,2005,10,16,16,06,08. ,26,00219
3612141,2,2005,10,19,20,45,33. ,17,00090
3612141,3,2006,02,01,20,36,22. ,27,00231
3612141,3,2006,05,02,18,24,51. ,32,00583
3612141,2,2006,06,20,06,47,36. ,18,00093
3612141,3,2006,08,31,17,18,43. ,29,00291
3612141,2,2006,09,07,10,58,06. ,20,00132
3612141,2,2006,10,14,06,38,33. ,19,00120
3612141,2,2007,01,09,13,18,30. ,17,00106
3612141,2,2007,06,28,18,26,39. ,19,00111
3612141,2,2007,07,12,05,29,31. ,24,00239
3612141,2,2007,07,24,11,38,55. ,15,00075
3612141,2,2007,10,01,02,21,23. ,20,00120
3612141,2,2007,10,06,03,46,19. ,15,00073
3612141,2,2008,04,04,19,02,21. ,17,00089
3612141,2,2008,05,08,01,46,24. ,19,00090
3612141,2,2008,05,09,07,43,33. ,22,00131
3612141,1,2008,05,09,07,48,27. ,14,00071
3612141,3,2009,08,11,05,07,27. ,29,00382
3612141,2,2009,08,13,07,50,15. ,16,00060
3612141,1,2009,08,21,08,51,40. ,14,00069
3612141,2,2009,11,14,04,23,51. ,15,00085
3612141,2,2009,12,18,05,42,06. ,15,00080
3612141,1,2010,02,17,05,00,01. ,14,00079
3612141,2,2010,03,16,07,30,58. ,20,00113
3612141,1,2010,11,05,19,14,32. ,11,00060
3612141,2,2010,12,06,03,20,29. ,16,00104
3612141,2,2011,02,05,10,56,49. ,15,00072
3612141,2,2011,03,11,14,52,56. ,19,00059
3612141,3,2011,03,11,15,17,20. ,27,00101
3612141,2,2011,03,11,15,18,20. ,21,/////
3612141,2,2011,03,11,15,28,20. ,20,00104
3612141,2,2011,03,11,17,42,01. ,15,00059
3612141,2,2011,03,15,05,00,02. ,16,00098
3612141,3,2011,03,15,22,31,59. ,30,00277
3612141,2,2011,03,16,12,52,48. ,15,00066
3612141,2,2011,03,16,22,39,38. ,16,00081
3612141,2,2011,03,19,01,49,34. ,15,00072
3612141,2,2011,03,19,18,57,39. ,20,00091
3612141,2,2011,03,24,08,57,20. ,18,00099
3612141,3,2011,04,11,17,17,11. ,25,00166
3612141,2,2011,04,12,08,08,58. ,21,00105
3612141,3,2011,04,16,11,20,06. ,25,00229
3612141,2,2011,04,18,03,09,15. ,17,00089
3612141,2,2011,04,21,22,37,45. ,16,00077
3612141,2,2011,05,01,10,45,42. ,20,00152
3612141,2,2011,05,21,01,04,54. ,18,00140
3612141,1,2011,05,22,07,07,05. ,14,00058
3612141,1,2011,06,18,18,58,22. ,13,00048
3612141,2,2011,07,10,09,59,00. ,17,00073
3612141,2,2011,07,15,21,01,42. ,22,00138
3612141,2,2011,07,31,03,54,49. ,19,00085
3612141,2,2011,08,01,23,58,32. ,22,00098
3612141,2,2011,08,02,12,38,10. ,18,00112
3612141,1,2011,08,03,04,26,30. ,12,00053
3612141,2,2011,08,17,09,23,43. ,18,00145
3612141,2,2011,08,31,18,33,15. ,19,00102
3612141,2,2011,09,04,05,53,14. ,21,00151
3612141,2,2011,11,03,19,34,58. ,15,00064
3612141,2,2011,12,05,06,40,33. ,16,00092
3612141,2,2012,01,01,14,30,02. ,21,00136
3612141,2,2012,01,28,07,39,56. ,23,00200
3612141,3,2012,01,28,07,43,22. ,27,00277
3612141,1,2012,01,28,08,05,00. ,12,00053
3612141,2,2012,01,29,16,46,56. ,22,00197
3612141,2,2012,02,07,08,10,41. ,16,00101
3612141,2,2012,02,11,10,27,26. ,15,00063
3612141,1,2012,03,01,07,33,19. ,14,00058
3612141,2,2012,03,14,21,05,31. ,19,00095
3612141,2,2012,03,16,04,20,42. ,24,00190
3612141,1,2012,04,03,12,13,15. ,12,00068
3612141,1,2012,04,25,05,22,49. ,14,00070
3612141,1,2012,04,29,19,29,30. ,14,00054
3612141,2,2012,05,18,17,19,26. ,19,00098
3612141,3,2012,05,29,01,37,02. ,26,00186
3612141,2,2012,06,01,17,48,33. ,23,00152
3612141,2,2012,07,03,11,31,30. ,21,00107
3612141,2,2012,08,13,13,48,41. ,18,00123
3612141,2,2012,09,06,05,33,20. ,16,00125
3612141,1,2012,11,04,03,50,39. ,12,00058
3612141,3,2012,11,24,18,00,01. ,30,00353
3612141,2,2012,12,07,05,32,31. ,16,00071
3612141,3,2012,12,07,17,20,22. ,27,00239
3612141,1,2013,02,01,23,07,12. ,14,00063
3612141,2,2013,02,24,11,36,07. ,19,00143
3612141,1,2013,03,02,01,36,04. ,09,00032
3612141,2,2013,03,14,05,03,13. ,17,00106
3612141,1,2013,04,14,10,22,34. ,13,00051
3612141,1,2013,07,12,08,40,28. ,11,00067
3612141,1,2013,07,17,22,34,33. ,11,00064
3612141,1,2013,08,25,23,25,48. ,12,00042
3612141,2,2013,09,04,09,21,03. ,18,00066
3612141,1,2013,09,20,02,26,05. ,11,00039
3612141,1,2013,10,02,19,36,02. ,06,00038
3612141,1,2013,10,12,02,43,56. ,09,00031
3612141,2,2013,10,26,02,12,30. ,18,00090
3612141,1,2013,11,03,14,25,44. ,14,00062
3612141,2,2013,11,10,07,38,14. ,20,00091
3612141,3,2013,11,16,20,44,56. ,25,00237
3612141,1,2013,11,16,20,46,37. ,10,00037
3612141,2,2013,11,17,00,46,23. ,16,00087
3612141,1,2013,11,17,02,00,29. ,08,00032
3612141,3,2013,11,29,01,15,20. ,25,00243
3612141,1,2013,11,29,22,47,22. ,07,00059
3612141,2,2013,12,21,01,11,08. ,21,00113
3612141,1,2014,01,17,18,53,44. ,13,00079
3612141,1,2014,02,11,04,15,25. ,14,00057
3612141,1,2014,03,12,05,05,00. ,08,00035
3612141,1,2014,03,19,02,25,09. ,10,00054
3612141,2,2014,03,30,12,24,02. ,17,00104
3612141,1,2014,04,10,13,19,30. ,08,00034
3612141,1,2014,04,15,20,43,26. ,13,00077
3612141,2,2014,04,18,07,53,29. ,15,00069
3612141,3,2014,05,05,05,18,49. ,26,00276
3612141,2,2014,05,13,08,35,18. ,19,00092
3612141,1,2014,05,17,01,12,13. ,07,00034
3612141,1,2014,06,09,17,59,12. ,08,00033
3612141,1,2014,06,17,02,43,18. ,08,00028
3612141,1,2014,06,20,01,44,02. ,11,00049
3612141,1,2014,06,28,14,51,50. ,10,00036
3612141,1,2014,07,03,07,30,12. ,11,00047
3612141,1,2014,07,12,04,23,35. ,14,00031
3612141,1,2014,08,12,00,33,30. ,08,00046
3612141,2,2014,08,24,17,27,19. ,19,00187
3612141,1,2014,08,26,11,23,34. ,07,00037
3612141,3,2014,09,16,12,28,48. ,26,00210
3612141,1,2014,10,12,15,01,14. ,07,00032
3612141,1,2014,11,12,09,54,01. ,12,00036
3612141,2,2014,11,22,22,09,18. ,15,00036
3612141,3,2014,12,11,15,08,00. ,27,00392
3612141,1,2014,12,31,23,50,14. ,09,00041
3612141,1,2015,02,23,17,00,36. ,13,00061
3612141,1,2015,03,23,21,40,55. ,14,00084
3612141,1,2015,05,03,15,54,27. ,11,00044
3612141,3,2015,05,25,14,28,26. ,27,00225
3612141,1,2015,05,30,01,07,17. ,12,00042
3612141,3,2015,05,30,20,26,39. ,25,00109
3612141,1,2015,06,09,05,44,38. ,08,00032
3612141,1,2015,08,06,18,23,10. ,14,00067
3612141,3,2015,09,12,05,49,18. ,34,00526
3612141,1,2015,10,21,15,05,53. ,13,00065
3612141,1,2015,10,25,17,15,38. ,13,00068
3612141,2,2015,11,07,22,45,18. ,16,00082
3612141,3,2016,02,05,07,41,53. ,27,00426
3612141,2,2016,02,07,19,27,22. ,15,00067
3612141,1,2016,02,19,10,50,46. ,08,00033
3612141,1,2016,04,14,20,58,33. ,14,00118
3612141,2,2016,05,16,21,23,19. ,23,00149
3612141,2,2016,05,24,01,43,14. ,16,00097
3612141,1,2016,06,12,07,54,49. ,12,00042
3612141,1,2016,06,30,22,54,36. ,09,00065
3612141,2,2016,07,17,13,24,22. ,23,00198
3612141,1,2016,07,19,12,58,19. ,14,00037
3612141,2,2016,07,20,07,25,58. ,17,00089
3612141,1,2016,07,24,09,51,29. ,10,00046
3612141,1,2016,07,27,23,48,09. ,09,00029
3612141,1,2016,08,14,05,15,47. ,07,00033
3612141,1,2016,08,19,21,08,36. ,09,00030
3612141,2,2016,09,07,13,29,20. ,17,00083
3612141,2,2016,09,13,19,12,52. ,22,00182
3612141,1,2016,10,26,19,13,02. ,10,00047
3612141,1,2016,11,17,01,02,23. ,09,00036
3612141,2,2016,11,22,06,01,01. ,19,00082
3612141,1,2016,12,24,20,48,05. ,09,00043
3612141,1,2016,12,26,04,53,09. ,09,00030
3612141,2,2016,12,28,21,39,41. ,16,00074
3612141,1,2017,02,19,18,20,09. ,11,00039
3612141,1,2017,02,28,16,50,16. ,09,00033
3612141,1,2017,06,13,04,04,49. ,11,00047
3612141,1,2017,07,21,16,08,11. ,14,00070
3612141,1,2017,08,02,02,02,56. ,14,00055
3612141,1,2017,08,02,07,16,26. ,12,00048
3612141,1,2017,08,03,13,45,33. ,08,00032
3612141,2,2017,08,10,09,36,46. ,21,00162
3612141,2,2017,08,14,18,12,06. ,17,00086
3612141,1,2017,09,11,00,51,17. ,12,00088
3612141,2,2017,09,14,09,27,35. ,15,00066
3612141,1,2017,09,17,06,58,44. ,07,00036
3612141,1,2017,10,06,23,57,45. ,11,00041
3612141,1,2017,10,16,11,29,20. ,08,00043
3612141,1,2017,12,02,00,12,57. ,08,00032
3612141,2,2017,12,27,22,05,55. ,15,00068
3612141,1,2018,01,02,19,49,01. ,14,00081
3612141,3,2018,01,06,00,54,28. ,29,00325
3612141,1,2018,01,06,05,48,22. ,11,00037
3612141,1,2018,02,08,23,34,44. ,08,00033
3612141,1,2018,03,18,12,59,29. ,11,00069
3612141,1,2018,05,04,02,07,36. ,11,00049
3612141,1,2018,05,04,02,18,07. ,12,00055
3612141,2,2018,05,15,14,00,51. ,17,00106
3612141,2,2018,05,17,12,13,11. ,15,00077
3612141,1,2018,06,17,15,27,54. ,11,00059
3612141,1,2018,06,19,13,29,35. ,09,00046
3612141,2,2018,07,07,20,24,13. ,20,00093
3612141,2,2018,09,18,17,11,38. ,18,00144
3612141,1,2018,11,27,08,34,17. ,12,00045
3612141,1,2019,01,14,13,24,11. ,12,00056
3612141,2,2019,01,18,21,46,59. ,15,00080
3612141,1,2019,05,25,15,21,14. ,11,00038
3612141,1,2019,06,17,08,00,55. ,11,00047
3612141,2,2019,06,24,09,11,59. ,23,00240
3612141,2,2019,07,08,22,54,31. ,19,00153
3612141,1,2019,07,25,07,14,59. ,08,00029
3612141,1,2019,07,28,03,33,00. ,11,00033
3612141,2,2019,08,04,19,24,26. ,16,00047
3612141,1,2019,08,27,00,13,37. ,11,00075
3612141,1,2019,09,14,11,55,06. ,08,00036
3612141,1,2019,10,09,04,58,57. ,08,00036
3612141,1,2019,10,12,18,22,21. ,14,00050
3612141,1,2019,10,20,11,20,12. ,11,00060
3612141,1,2019,11,17,20,06,04. ,13,00059
3612141,1,2019,12,03,10,18,33. ,09,00031
3612141,1,2019,12,14,03,24,21. ,10,00046
3612141,1,2020,01,14,04,54,16. ,12,00038
3612141,2,2020,02,01,02,08,15. ,16,00066
3612141,1,2020,02,11,06,11,54. ,07,00041
3612141,1,2020,04,12,00,45,18. ,14,00064
3612141,1,2020,04,26,09,49,42. ,14,00057
3612141,1,2020,05,04,22,08,29. ,10,00029
3612141,2,2020,05,06,01,57,22. ,22,00165
3612141,1,2020,06,01,06,02,52. ,09,00033
3612141,1,2020,06,25,04,48,18. ,14,00042
3612141,1,2020,07,09,06,05,55. ,13,00065
3612141,1,2020,08,09,21,55,00. ,10,00048
3612141,1,2020,08,30,14,38,11. ,08,00031
3612141,2,2020,10,28,15,58,57. ,15,00089
3612141,2,2020,11,22,19,06,45. ,16,00064
3612141,1,2020,11,25,11,20,45. ,09,00033
3612141,1,2020,12,17,16,43,11. ,12,00038
3612141,1,2020,12,30,09,36,10. ,12,00060
3612141,1,2021,02,06,14,10,55. ,13,00059
3612141,3,2021,02,13,23,08,42. ,29,00262
3612141,2,2021,03,16,04,56,46. ,15,00065
3612141,2,2021,03,20,18,11,20. ,23,00095
3612141,1,2021,03,28,09,27,31. ,13,00054
3612141,2,2021,05,01,10,29,01. ,15,00050
3612141,1,2021,05,14,18,38,19. ,14,00104
3612141,1,2021,05,24,04,09,50. ,07,00031
3612141,1,2021,06,07,03,11,48. ,10,00034
3612141,1,2021,06,09,17,27,55. ,10,00046
3612141,2,2021,06,17,01,41,28. ,18,00121
3612141,1,2021,08,12,20,36,43. ,10,00044
3612141,3,2021,10,07,22,41,38. ,34,00483
3612141,1,2021,10,15,06,42,34. ,08,00058
3612141,1,2021,10,28,09,55,55. ,14,00058
3612141,1,2021,10,29,08,59,47. ,09,00042
3612141,1,2021,11,01,06,15,31. ,09,00032
3612141,2,2021,11,17,02,54,51. ,16,00162
3612141,2,2021,11,20,08,57,44. ,17,00118
3612141,1,2021,11,27,08,41,38. ,11,00059
3612141,1,2021,12,02,01,59,12. ,08,00027
3612141,2,2021,12,03,02,18,07. ,22,00198
3612141,1,2021,12,03,02,23,37. ,12,00065
3612141,3,2021,12,03,06,37,56. ,27,00260
3612141,2,2021,12,12,12,31,20. ,21,00133
3612141,1,2021,12,29,11,33,18. ,07,00040
3612141,2,2021,12,30,09,42,14. ,15,00089
