station,intensity,year,month,day,hour,minute,second,intensity_equip,acceleration_max_comb
3403330,2,2001,05,25,15,55,09. ,24,00214
3403330,1,2001,05,31,08,59,43. ,10,00041
3403330,1,2001,07,08,12,34,24. ,11,00060
3403330,1,2001,07,20,06,02,34. ,10,00036
3403330,1,2001,07,21,09,24,01. ,11,00037
3403330,1,2001,07,31,13,58,34. ,14,00034
3403330,1,2001,12,02,22,01,35. ,14,00048
3403330,1,2002,02,03,05,01,34. ,08,00044
3403330,1,2002,03,28,12,57,07. ,10,00032
3403330,2,2002,05,04,20,35,20. ,20,00135
3403330,1,2002,05,19,05,00,41. ,11,00033
3403330,3,2002,06,14,11,43,04. ,25,00288
3403330,2,2002,06,20,08,34,09. ,21,00113
3403330,1,2002,07,13,21,46,11. ,11,00039
3403330,1,2002,07,24,05,06,45. ,14,00033
3403330,2,2002,10,21,01,06,16. ,18,00082
3403330,1,2002,11,03,12,39,58. ,11,00026
3403330,1,2003,01,09,13,14,50. ,11,00039
3403330,1,2003,01,21,13,19,39. ,11,00050
3403330,1,2003,02,20,06,19,20. ,11,00049
3403330,1,2003,03,13,12,13,11. ,10,00052
3403330,2,2003,04,08,03,28,19. ,17,00055
3403330,1,2003,04,25,07,40,51. ,08,00046
3403330,1,2003,05,10,11,46,11. ,10,00031
3403330,2,2003,05,12,00,57,09. ,18,00094
3403330,1,2003,05,12,00,59,26. ,10,00038
3403330,4,2003,05,17,23,33,12. ,37,00602
3403330,2,2003,05,17,23,49,25. ,18,00134
3403330,2,2003,05,26,18,26,30. ,24,00085
3403330,2,2003,06,06,11,34,46. ,16,00044
3403330,1,2003,06,09,18,59,48. ,06,00035
3403330,2,2003,08,04,20,57,38. ,17,00116
3403330,3,2003,09,20,12,54,59. ,26,00139
3403330,1,2003,09,26,04,54,00. ,14,00026
3403330,2,2003,10,15,16,30,48. ,20,00096
3403330,2,2003,10,31,10,07,07. ,16,00036
3403330,2,2003,11,12,17,28,47. ,18,00064
3403330,1,2003,11,14,04,55,13. ,08,00035
3403330,2,2003,11,15,03,44,13. ,23,00196
3403330,3,2003,11,23,07,00,26. ,30,00315
3403330,2,2004,01,17,04,36,15. ,16,00103
3403330,1,2004,01,20,08,30,45. ,10,00047
3403330,1,2004,02,28,06,37,39. ,08,00048
3403330,1,2004,03,10,13,45,17. ,10,00041
3403330,2,2004,03,11,11,35,19. ,19,00175
3403330,2,2004,04,04,08,02,20. ,17,00040
3403330,1,2004,04,09,01,22,18. ,05,00068
3403330,1,2004,04,16,10,07,49. ,07,00032
3403330,1,2004,07,10,20,07,34. ,08,00035
3403330,2,2004,07,17,15,10,48. ,20,00074
3403330,1,2004,07,28,03,58,01. ,11,00041
3403330,1,2004,08,01,05,01,43. ,10,00043
3403330,1,2004,08,06,03,23,58. ,10,00029
3403330,1,2004,09,01,11,50,21. ,12,00033
3403330,1,2004,09,06,00,02,21. ,11,00029
3403330,2,2004,10,06,23,40,50. ,19,00045
3403330,2,2004,10,17,02,18,50. ,23,00124
3403330,2,2004,10,17,03,54,13. ,19,00086
3403330,2,2004,10,23,17,57,09. ,19,00067
3403330,1,2004,10,23,18,01,05. ,11,00023
3403330,1,2004,10,23,18,04,27. ,14,00031
3403330,2,2004,10,23,18,35,14. ,19,00060
3403330,1,2004,10,27,10,42,10. ,12,00023
3403330,1,2004,12,19,14,23,19. ,13,00050
3403330,1,2005,01,01,05,14,26. ,12,00057
3403330,1,2005,02,08,11,29,54. ,08,00043
3403330,2,2005,02,16,04,46,49. ,24,00196
3403330,1,2005,03,27,21,44,22. ,11,00033
3403330,B,2005,04,11,07,22,24. ,50,01890
3403330,2,2005,04,25,10,19,56. ,15,00067
3403330,1,2005,05,15,19,01,36. ,14,00072
3403330,2,2005,05,19,10,14,38. ,24,00110
3403330,1,2005,05,25,16,49,45. ,11,00076
3403330,3,2005,05,30,07,34,48. ,27,00247
3403330,4,2005,06,20,01,15,22. ,40,00765
3403330,1,2005,06,20,01,24,57. ,10,00049
3403330,1,2005,06,24,22,08,54. ,09,00033
3403330,1,2005,07,11,23,49,17. ,12,00045
3403330,1,2005,07,17,19,51,11. ,09,00043
3403330,2,2005,07,22,09,27,17. ,19,00127
3403330,3,2005,07,23,16,35,10. ,29,00193
3403330,1,2005,07,23,16,37,47. ,12,00040
3403330,1,2005,07,24,18,13,18. ,10,00043
3403330,1,2005,07,28,19,16,01. ,12,00046
3403330,2,2005,08,08,00,07,17. ,17,00066
3403330,3,2005,08,16,11,47,35. ,27,00155
3403330,2,2005,09,09,16,15,41. ,17,00050
3403330,1,2005,10,01,14,06,54. ,10,00048
3403330,1,2005,10,16,16,06,05. ,14,00041
3403330,3,2005,10,19,20,45,00. ,29,00358
3403330,1,2005,10,22,22,13,33. ,10,00031
3403330,1,2005,11,15,06,40,49. ,14,00047
3403330,1,2005,11,16,06,18,24. ,10,00042
3403330,1,2005,12,28,18,46,30. ,14,00096
3403330,1,2006,01,14,15,30,33. ,12,00081
3403330,1,2006,02,01,20,36,25. ,11,00034
3403330,2,2006,02,03,13,38,10. ,18,00071
3403330,2,2006,02,03,13,39,58. ,15,00064
3403330,1,2006,02,03,14,38,42. ,13,00041
3403330,1,2006,02,03,14,42,13. ,12,00038
3403330,1,2006,02,03,15,10,39. ,13,00048
3403330,1,2006,03,13,13,16,11. ,12,00027
3403330,1,2006,03,28,22,35,08. ,13,00041
3403330,1,2006,04,14,16,33,54. ,07,00072
3403330,1,2006,08,31,17,18,48. ,11,00039
3403330,2,2006,09,07,03,06,42. ,15,00052
3403330,1,2006,09,07,10,58,02. ,13,00041
3403330,2,2006,10,14,06,38,28. ,20,00088
3403330,3,2006,12,04,06,08,48. ,27,00376
3403330,1,2006,12,31,08,30,31. ,11,00043
3403330,1,2007,01,16,03,19,00. ,12,00036
3403330,2,2007,03,14,22,39,57. ,18,00115
3403330,1,2007,04,03,09,54,59. ,10,00052
3403330,1,2007,06,02,14,43,35. ,13,00107
3403330,2,2007,07,03,23,31,26. ,18,00071
3403330,2,2007,07,16,10,14,42. ,19,00043
3403330,1,2007,07,16,23,19,55. ,12,00035
3403330,3,2007,08,16,04,15,09. ,27,00260
3403330,1,2007,08,16,08,20,41. ,14,00104
3403330,1,2007,08,16,09,22,20. ,12,00095
3403330,1,2007,08,18,04,14,54. ,11,00035
3403330,1,2007,08,18,13,36,50. ,10,00029
3403330,2,2007,08,18,16,55,19. ,17,00087
3403330,1,2007,08,18,17,07,11. ,09,00033
3403330,2,2007,10,07,22,36,18. ,17,00096
3403330,1,2007,11,30,18,37,23. ,14,00071
3403330,2,2008,03,08,01,55,24. ,16,00079
3403330,1,2008,03,24,12,41,11. ,10,00025
3403330,1,2008,04,04,19,02,18. ,13,00048
3403330,2,2008,04,25,18,52,55. ,23,00207
3403330,2,2008,05,01,07,34,16. ,19,00094
3403330,3,2008,05,08,01,02,32. ,27,00181
3403330,2,2008,05,08,01,04,30. ,20,00069
3403330,1,2008,05,08,01,13,08. ,12,00032
3403330,2,2008,05,08,01,17,16. ,17,00041
3403330,3,2008,05,08,01,45,40. ,33,00349
3403330,2,2008,05,09,08,21,47. ,21,00062
3403330,2,2008,06,14,08,45,26. ,19,00044
3403330,1,2008,07,05,16,49,35. ,13,00083
3403330,1,2008,07,14,19,41,25. ,07,00051
3403330,2,2008,07,19,11,40,43. ,21,00050
3403330,2,2008,07,24,00,28,05. ,20,00085
3403330,1,2008,08,20,15,13,42. ,10,00106
3403330,2,2008,08,22,20,00,16. ,17,00112
3403330,1,2008,08,28,17,32,05. ,09,00037
3403330,1,2008,09,11,12,14,30. ,09,00055
3403330,1,2008,09,21,07,17,36. ,11,00033
3403330,1,2008,10,14,12,38,01. ,09,00057
3403330,1,2008,11,22,21,13,49. ,11,00100
3403330,2,2008,12,31,00,48,47. ,15,00041
3403330,2,2009,01,29,08,56,20. ,24,00128
3403330,1,2009,01,29,09,06,03. ,14,00090
3403330,2,2009,02,01,06,52,28. ,17,00075
3403330,1,2009,03,04,19,04,48. ,14,00079
3403330,2,2009,04,14,01,59,07. ,17,00065
3403330,2,2009,04,21,07,54,40. ,18,00129
3403330,1,2009,04,28,06,38,02. ,14,00093
3403330,2,2009,06,06,14,52,57. ,23,00121
3403330,1,2009,06,10,13,06,56. ,11,00034
3403330,3,2009,08,09,19,57,50. ,28,00186
3403330,1,2009,08,11,05,08,21. ,13,00025
3403330,1,2009,08,13,07,50,15. ,13,00035
3403330,1,2009,08,17,02,21,22. ,10,00042
3403330,2,2009,09,01,21,02,39. ,16,00051
3403330,1,2009,10,01,19,43,30. ,05,00034
3403330,1,2009,10,23,10,29,06. ,07,00032
3403330,1,2009,12,18,05,42,04. ,14,00055
3403330,1,2010,03,13,21,47,28. ,08,00030
3403330,2,2010,03,14,17,09,11. ,20,00069
3403330,1,2010,03,31,06,19,00. ,08,00055
3403330,1,2010,05,05,10,59,29. ,06,00062
3403330,2,2010,06,13,12,33,54. ,17,00055
3403330,1,2010,06,27,15,24,29. ,12,00042
3403330,2,2010,07,23,06,06,38. ,21,00241
3403330,1,2010,08,03,07,31,25. ,08,00042
3403330,1,2010,08,13,06,52,32. ,06,00081
3403330,1,2010,09,22,05,32,05. ,14,00166
3403330,1,2010,10,09,15,12,33. ,13,00096
3403330,1,2010,10,10,10,00,16. ,09,00074
3403330,1,2010,11,05,07,31,31. ,10,00036
3403330,2,2010,11,24,20,09,33. ,16,00105
3403330,1,2010,11,27,08,55,02. ,12,00045
3403330,2,2010,11,30,12,27,58. ,23,00089
3403330,2,2011,02,05,10,56,43. ,15,00058
3403330,1,2011,02,16,10,30,33. ,11,00046
3403330,2,2011,03,09,11,47,17. ,20,00045
3403330,A,2011,03,11,14,48,30. ,49,01943
3403330,3,2011,03,11,14,52,30. ,28,00128
3403330,2,2011,03,11,14,54,31. ,22,00098
3403330,2,2011,03,11,14,56,30. ,21,00083
3403330,2,2011,03,11,14,57,30. ,15,00052
3403330,1,2011,03,11,14,58,30. ,14,00039
3403330,2,2011,03,11,15,04,33. ,20,00082
3403330,2,2011,03,11,15,05,36. ,16,00063
3403330,2,2011,03,11,15,08,40. ,24,00143
3403330,3,2011,03,11,15,07,45. ,29,00201
3403330,3,2011,03,11,15,09,40. ,28,00149
3403330,2,2011,03,11,15,11,40. ,20,00072
3403330,2,2011,03,11,15,13,35. ,16,00048
3403330,2,2011,03,11,15,14,30. ,15,00031
3403330,B,2011,03,11,15,15,50. ,52,02259
3403330,4,2011,03,11,15,17,50. ,39,00675
3403330,3,2011,03,11,15,18,50. ,29,00140
3403330,3,2011,03,11,15,19,50. ,30,00134
3403330,2,2011,03,11,15,20,50. ,24,00090
3403330,2,2011,03,11,15,21,50. ,20,00081
3403330,2,2011,03,11,15,23,50. ,22,04445
3403330,2,2011,03,11,15,28,00. ,23,00109
3403330,1,2011,03,11,15,26,03. ,13,00026
3403330,2,2011,03,11,15,29,00. ,24,00139
3403330,2,2011,03,11,15,30,31. ,18,00215
3403330,2,2011,03,11,15,31,51. ,17,00099
3403330,1,2011,03,11,15,33,52. ,13,00064
3403330,2,2011,03,11,15,35,43. ,24,00215
3403330,2,2011,03,11,15,38,43. ,19,00067
3403330,2,2011,03,11,15,45,28. ,16,00074
3403330,3,2011,03,11,15,57,24. ,33,00276
3403330,2,2011,03,11,16,03,10. ,24,00132
3403330,2,2011,03,11,16,14,23. ,22,00067
3403330,2,2011,03,11,16,15,20. ,23,00139
3403330,1,2011,03,11,16,17,20. ,14,00028
3403330,2,2011,03,11,16,18,33. ,16,00065
3403330,2,2011,03,11,16,29,00. ,22,00070
3403330,2,2011,03,11,16,30,39. ,18,00060
3403330,2,2011,03,11,16,31,30. ,17,00050
3403330,3,2011,03,11,16,43,10. ,26,00227
3403330,3,2011,03,11,16,45,07. ,29,00353
3403330,2,2011,03,11,16,46,00. ,24,00098
3403330,2,2011,03,11,16,50,39. ,15,00034
3403330,1,2011,03,11,17,00,19. ,14,00089
3403330,1,2011,03,11,17,05,51. ,12,00041
3403330,2,2011,03,11,17,11,02. ,16,00042
3403330,2,2011,03,11,17,12,33. ,22,00098
3403330,1,2011,03,11,17,16,28. ,13,00061
3403330,3,2011,03,11,17,19,48. ,33,00358
3403330,1,2011,03,11,17,31,59. ,14,00048
3403330,3,2011,03,11,17,35,35. ,26,00311
3403330,2,2011,03,11,17,41,40. ,18,00098
3403330,2,2011,03,11,17,44,46. ,16,00035
3403330,1,2011,03,11,18,04,41. ,14,00060
3403330,1,2011,03,11,18,20,24. ,12,00033
3403330,2,2011,03,11,18,37,39. ,16,00050
3403330,1,2011,03,11,18,55,59. ,09,00101
3403330,1,2011,03,11,19,16,06. ,14,00089
3403330,1,2011,03,11,19,22,09. ,13,00036
3403330,1,2011,03,11,19,36,05. ,11,00083
3403330,2,2011,03,11,19,45,45. ,15,00061
3403330,1,2011,03,11,20,03,24. ,13,00054
3403330,1,2011,03,11,20,13,51. ,13,00037
3403330,1,2011,03,11,20,17,34. ,13,00035
3403330,3,2011,03,11,20,21,12. ,25,00162
3403330,1,2011,03,11,20,26,27. ,10,00042
3403330,3,2011,03,11,20,46,58. ,25,00148
3403330,1,2011,03,11,20,56,47. ,12,00044
3403330,2,2011,03,11,21,14,08. ,17,00048
3403330,1,2011,03,11,21,49,42. ,12,00026
3403330,1,2011,03,11,21,59,16. ,12,00058
3403330,2,2011,03,11,22,17,26. ,23,00115
3403330,1,2011,03,11,22,30,00. ,12,00093
3403330,1,2011,03,11,22,35,13. ,14,00037
3403330,2,2011,03,11,23,00,52. ,23,00227
3403330,2,2011,03,11,23,32,21. ,17,00081
3403330,1,2011,03,11,23,54,50. ,12,00025
3403330,3,2011,03,11,23,56,33. ,26,00183
3403330,3,2011,03,12,00,13,37. ,29,00139
3403330,2,2011,03,12,00,20,18. ,23,00092
3403330,1,2011,03,12,00,22,56. ,12,00036
3403330,1,2011,03,12,00,39,10. ,10,00036
3403330,2,2011,03,12,00,42,39. ,19,00088
3403330,1,2011,03,12,01,19,40. ,10,00071
3403330,2,2011,03,12,01,49,42. ,16,00084
3403330,2,2011,03,12,02,18,15. ,17,00026
3403330,2,2011,03,12,03,12,29. ,18,00044
3403330,1,2011,03,12,03,17,44. ,12,00026
3403330,1,2011,03,12,03,44,50. ,11,00040
3403330,1,2011,03,12,03,46,00. ,12,00032
3403330,1,2011,03,12,03,48,08. ,07,00045
3403330,1,2011,03,12,03,55,48. ,14,00037
3403330,2,2011,03,12,04,00,25. ,15,00040
3403330,2,2011,03,12,04,08,57. ,17,00103
3403330,3,2011,03,12,04,24,39. ,31,00377
3403330,2,2011,03,12,05,24,16. ,17,00048
3403330,2,2011,03,12,05,35,24. ,15,00054
3403330,1,2011,03,12,06,16,41. ,10,00048
3403330,1,2011,03,12,06,48,55. ,07,00039
3403330,2,2011,03,12,07,36,29. ,19,00159
3403330,2,2011,03,12,09,45,46. ,18,00054
3403330,1,2011,03,12,10,00,55. ,11,00056
3403330,2,2011,03,12,12,12,29. ,17,00058
3403330,1,2011,03,12,12,51,24. ,05,00068
3403330,2,2011,03,12,12,55,12. ,16,00054
3403330,1,2011,03,12,15,44,32. ,10,00043
3403330,1,2011,03,12,16,04,39. ,08,00029
3403330,1,2011,03,12,16,54,38. ,14,00043
3403330,2,2011,03,12,20,46,34. ,20,00063
3403330,1,2011,03,12,21,01,45. ,11,00065
3403330,2,2011,03,12,22,14,43. ,15,00083
3403330,2,2011,03,12,22,16,31. ,17,00048
3403330,1,2011,03,12,22,23,25. ,08,00056
3403330,1,2011,03,12,22,41,14. ,13,00047
3403330,1,2011,03,12,23,15,06. ,14,00055
3403330,2,2011,03,12,23,35,32. ,19,00062
3403330,1,2011,03,13,07,11,27. ,08,00046
3403330,2,2011,03,13,07,44,51. ,16,00092
3403330,1,2011,03,13,07,50,18. ,12,00048
3403330,2,2011,03,13,09,33,09. ,21,00156
3403330,1,2011,03,13,09,41,48. ,07,00035
3403330,3,2011,03,13,10,26,29. ,31,00303
3403330,1,2011,03,13,20,56,51. ,14,00058
3403330,2,2011,03,14,00,11,02. ,22,00084
3403330,1,2011,03,14,01,04,54. ,13,00055
3403330,1,2011,03,14,01,50,55. ,13,00074
3403330,1,2011,03,14,01,59,59. ,07,00039
3403330,1,2011,03,14,02,02,05. ,13,00028
3403330,2,2011,03,14,02,29,22. ,18,00076
3403330,2,2011,03,14,02,55,55. ,16,00035
3403330,1,2011,03,14,04,16,53. ,13,00096
3403330,1,2011,03,14,05,23,59. ,08,00036
3403330,1,2011,03,14,07,16,55. ,06,00039
3403330,2,2011,03,14,08,54,06. ,17,00074
3403330,1,2011,03,14,09,01,55. ,14,00079
3403330,3,2011,03,14,10,02,55. ,32,00351
3403330,1,2011,03,14,10,12,21. ,12,00058
3403330,1,2011,03,14,10,13,24. ,11,00046
3403330,1,2011,03,14,11,11,43. ,13,00052
3403330,1,2011,03,14,20,06,54. ,14,00054
3403330,1,2011,03,14,21,04,48. ,08,00060
3403330,2,2011,03,15,03,41,47. ,15,00041
3403330,2,2011,03,15,04,04,28. ,16,00090
3403330,2,2011,03,15,07,04,32. ,20,00082
3403330,1,2011,03,15,11,32,18. ,08,00035
3403330,2,2011,03,15,19,31,44. ,16,00056
3403330,2,2011,03,15,22,32,40. ,16,00038
3403330,1,2011,03,16,02,41,12. ,09,00029
3403330,2,2011,03,16,05,30,27. ,16,00040
3403330,3,2011,03,16,12,52,10. ,26,00239
3403330,2,2011,03,16,12,53,10. ,19,00047
3403330,1,2011,03,16,13,17,35. ,14,00088
3403330,1,2011,03,16,20,20,28. ,08,00031
3403330,2,2011,03,16,22,39,19. ,22,00116
3403330,1,2011,03,17,02,19,44. ,14,00053
3403330,1,2011,03,17,07,05,27. ,11,00078
3403330,1,2011,03,17,20,31,39. ,07,00042
3403330,4,2011,03,17,21,32,11. ,39,00699
3403330,2,2011,03,17,21,33,10. ,23,00199
3403330,2,2011,03,17,21,55,31. ,20,00088
3403330,1,2011,03,17,23,50,19. ,11,00040
3403330,1,2011,03,18,00,52,02. ,06,00042
3403330,1,2011,03,18,05,09,25. ,12,00134
3403330,2,2011,03,18,09,41,51. ,19,00052
3403330,3,2011,03,18,17,01,45. ,30,00243
3403330,1,2011,03,18,17,27,23. ,07,00047
3403330,1,2011,03,18,19,43,14. ,07,00052
3403330,1,2011,03,19,06,19,21. ,14,00043
3403330,3,2011,03,19,18,57,11. ,30,00361
3403330,1,2011,03,20,10,31,28. ,11,00035
3403330,2,2011,03,20,23,49,13. ,15,00038
3403330,2,2011,03,21,14,08,37. ,17,00066
3403330,1,2011,03,21,19,55,16. ,11,00055
3403330,2,2011,03,22,12,38,50. ,23,00093
3403330,3,2011,03,22,16,19,33. ,33,00479
3403330,2,2011,03,22,18,20,03. ,19,00047
3403330,2,2011,03,22,21,04,38. ,18,00046
3403330,2,2011,03,22,22,51,13. ,24,00126
3403330,2,2011,03,23,00,04,19. ,17,00056
3403330,2,2011,03,23,01,12,42. ,16,00054
3403330,1,2011,03,23,07,13,16. ,12,00042
3403330,1,2011,03,23,07,35,40. ,14,00051
3403330,2,2011,03,23,07,37,15. ,16,00054
3403330,1,2011,03,24,05,29,07. ,09,00042
3403330,2,2011,03,24,05,33,18. ,17,00177
3403330,2,2011,03,24,05,43,33. ,22,00190
3403330,2,2011,03,24,08,57,03. ,21,00200
3403330,1,2011,03,24,11,33,28. ,14,00080
3403330,1,2011,03,26,05,52,24. ,10,00065
3403330,1,2011,03,27,02,32,34. ,13,00068
3403330,1,2011,03,29,19,55,51. ,14,00033
3403330,1,2011,03,30,17,52,59. ,11,00067
3403330,2,2011,03,30,21,51,57. ,20,00062
3403330,1,2011,03,30,22,19,36. ,10,00057
3403330,1,2011,03,30,23,45,46. ,12,00042
3403330,1,2011,03,31,18,36,39. ,10,00048
3403330,3,2011,04,02,16,56,08. ,25,00238
3403330,1,2011,04,05,23,41,51. ,12,00039
3403330,2,2011,04,06,19,09,33. ,16,00199
3403330,1,2011,04,07,11,41,19. ,07,00030
3403330,2,2011,04,07,19,52,28. ,22,00120
3403330,3,2011,04,07,23,33,31. ,26,00197
3403330,1,2011,04,09,03,57,22. ,06,00042
3403330,1,2011,04,09,17,02,42. ,12,00058
3403330,1,2011,04,11,06,36,33. ,11,00034
3403330,3,2011,04,11,17,16,39. ,33,00337
3403330,3,2011,04,11,17,17,30. ,28,00179
3403330,2,2011,04,11,17,19,30. ,19,00047
3403330,1,2011,04,11,17,20,30. ,13,00025
3403330,1,2011,04,11,18,05,58. ,11,00039
3403330,2,2011,04,11,20,43,14. ,20,00087
3403330,1,2011,04,11,22,06,21. ,10,00033
3403330,4,2011,04,12,08,08,24. ,39,00932
3403330,1,2011,04,12,09,20,27. ,10,00078
3403330,1,2011,04,12,10,24,06. ,10,00043
3403330,1,2011,04,12,11,23,57. ,14,00118
3403330,3,2011,04,12,14,08,10. ,30,00234
3403330,1,2011,04,12,17,49,10. ,09,00032
3403330,1,2011,04,13,02,00,14. ,07,00059
3403330,2,2011,04,13,08,36,29. ,22,00288
3403330,2,2011,04,13,10,08,37. ,16,00076
3403330,1,2011,04,13,14,49,12. ,07,00118
3403330,1,2011,04,13,21,58,44. ,11,00060
3403330,1,2011,04,14,07,36,26. ,14,00052
3403330,1,2011,04,14,12,09,39. ,13,00036
3403330,2,2011,04,16,11,19,50. ,23,00144
3403330,1,2011,04,17,05,21,56. ,12,00043
3403330,2,2011,04,17,13,39,11. ,16,00138
3403330,2,2011,04,17,15,49,34. ,18,00130
3403330,1,2011,04,19,00,43,59. ,06,00054
3403330,2,2011,04,19,23,10,46. ,15,00071
3403330,1,2011,04,20,04,02,23. ,07,00052
3403330,1,2011,04,21,09,36,23. ,10,00057
3403330,4,2011,04,21,22,37,11. ,39,00839
3403330,2,2011,04,21,22,47,20. ,18,00128
3403330,2,2011,04,21,22,54,14. ,18,00095
3403330,2,2011,04,22,00,07,04. ,19,00083
3403330,1,2011,04,22,01,12,18. ,11,00037
3403330,1,2011,04,22,15,35,39. ,13,00077
3403330,3,2011,04,25,18,00,35. ,26,00319
3403330,1,2011,04,26,21,12,23. ,10,00040
3403330,2,2011,04,30,02,04,27. ,16,00160
3403330,2,2011,05,01,02,12,24. ,21,00115
3403330,2,2011,05,01,10,28,01. ,17,00089
3403330,1,2011,05,01,16,04,46. ,11,00070
3403330,1,2011,05,01,19,22,56. ,14,00093
3403330,1,2011,05,05,14,06,57. ,08,00031
3403330,1,2011,05,08,12,45,10. ,10,00080
3403330,1,2011,05,10,19,15,18. ,13,00035
3403330,1,2011,05,11,02,02,28. ,13,00100
3403330,1,2011,05,11,04,22,40. ,05,00045
3403330,2,2011,05,11,05,24,25. ,21,00147
3403330,1,2011,05,12,03,20,29. ,13,00053
3403330,2,2011,05,13,22,51,25. ,18,00106
3403330,1,2011,05,13,22,54,54. ,08,00045
3403330,2,2011,05,14,06,49,38. ,21,00177
3403330,1,2011,05,14,08,36,51. ,13,00037
3403330,3,2011,05,20,09,46,28. ,30,00253
3403330,4,2011,05,22,07,06,36. ,44,01104
3403330,1,2011,05,24,08,57,02. ,05,00052
3403330,1,2011,05,24,20,49,46. ,11,00057
3403330,1,2011,06,01,17,18,26. ,14,00117
3403330,2,2011,06,04,01,00,56. ,15,00046
3403330,2,2011,06,05,10,22,19. ,15,00053
3403330,2,2011,06,09,19,39,03. ,20,00073
3403330,1,2011,06,11,15,19,11. ,08,00052
3403330,2,2011,06,12,09,38,03. ,16,00081
3403330,2,2011,06,12,21,58,29. ,16,00055
3403330,1,2011,06,17,04,00,36. ,14,00070
3403330,1,2011,06,19,11,56,36. ,07,00108
3403330,1,2011,06,19,15,53,04. ,10,00045
3403330,2,2011,06,20,10,46,52. ,16,00054
3403330,1,2011,06,21,14,37,14. ,11,00031
3403330,2,2011,06,21,17,50,06. ,21,00067
3403330,1,2011,06,21,23,31,20. ,08,00037
3403330,1,2011,06,24,15,54,52. ,08,00057
3403330,1,2011,06,28,00,05,02. ,10,00063
3403330,3,2011,06,30,07,14,46. ,25,00287
3403330,2,2011,07,01,20,04,00. ,16,00080
3403330,1,2011,07,03,04,41,10. ,08,00031
3403330,2,2011,07,07,00,15,42. ,19,00066
3403330,1,2011,07,08,03,36,27. ,14,00064
3403330,2,2011,07,10,09,59,00. ,20,00059
3403330,1,2011,07,15,12,25,29. ,13,00080
3403330,2,2011,07,15,21,01,36. ,18,00096
3403330,2,2011,07,25,03,52,30. ,18,00052
3403330,1,2011,07,25,04,16,45. ,06,00038
3403330,2,2011,07,25,20,55,13. ,19,00047
3403330,1,2011,07,26,05,35,47. ,12,00063
3403330,1,2011,07,28,05,23,17. ,08,00041
3403330,1,2011,07,29,07,12,01. ,08,00050
3403330,1,2011,07,30,13,07,53. ,05,00038
3403330,3,2011,07,31,03,54,21. ,25,00207
3403330,1,2011,08,03,08,33,53. ,08,00071
3403330,2,2011,08,05,02,45,37. ,17,00084
3403330,1,2011,08,06,16,15,15. ,14,00048
3403330,1,2011,08,11,10,26,44. ,07,00040
3403330,2,2011,08,12,03,22,45. ,20,00090
3403330,1,2011,08,15,16,18,38. ,09,00047
3403330,1,2011,08,17,16,56,07. ,11,00034
3403330,2,2011,08,19,14,37,35. ,16,00065
3403330,2,2011,08,22,20,24,15. ,18,00041
3403330,2,2011,08,31,02,20,54. ,15,00090
3403330,1,2011,09,02,07,39,49. ,10,00054
3403330,1,2011,09,03,16,43,12. ,14,00067
3403330,1,2011,09,05,17,04,44. ,09,00081
3403330,1,2011,09,10,15,00,57. ,14,00090
3403330,1,2011,09,11,03,35,50. ,12,00168
3403330,3,2011,09,15,17,00,35. ,25,00127
3403330,2,2011,09,16,14,27,19. ,15,00078
3403330,1,2011,09,20,23,59,20. ,13,00053
3403330,1,2011,09,21,22,31,31. ,14,00049
3403330,1,2011,10,01,02,20,16. ,14,00068
3403330,1,2011,10,04,20,58,51. ,11,00038
3403330,1,2011,10,10,11,46,57. ,10,00033
3403330,2,2011,11,03,19,34,50. ,15,00049
3403330,2,2011,11,04,11,59,39. ,21,00110
3403330,2,2011,11,04,23,56,50. ,21,00122
3403330,1,2011,11,05,00,30,30. ,14,00055
3403330,2,2011,11,20,04,27,50. ,18,00071
3403330,1,2011,11,20,10,24,15. ,13,00048
3403330,1,2011,11,23,14,33,45. ,10,00075
3403330,2,2011,11,24,04,25,30. ,15,00042
3403330,2,2011,12,03,05,55,44. ,23,00120
3403330,1,2011,12,12,04,51,36. ,05,00028
3403330,2,2011,12,12,14,13,30. ,23,00262
3403330,2,2011,12,15,07,45,59. ,15,00110
3403330,2,2011,12,18,18,02,20. ,15,00049
3403330,2,2011,12,19,16,02,04. ,18,00072
3403330,1,2011,12,26,02,41,54. ,12,00060
3403330,3,2012,01,01,14,30,09. ,29,00189
3403330,1,2012,01,03,03,29,08. ,10,00031
3403330,2,2012,01,06,05,56,02. ,17,00107
3403330,1,2012,01,09,01,52,55. ,09,00045
3403330,1,2012,01,12,10,40,33. ,12,00071
3403330,1,2012,01,12,12,21,35. ,14,00032
3403330,1,2012,01,16,15,29,16. ,12,00040
3403330,1,2012,01,19,22,10,02. ,09,00039
3403330,1,2012,01,22,12,09,19. ,11,00033
3403330,2,2012,01,27,13,19,35. ,21,00124
3403330,1,2012,01,27,14,27,47. ,11,00064
3403330,1,2012,02,05,08,59,26. ,06,00062
3403330,2,2012,02,05,09,38,08. ,15,00095
3403330,2,2012,02,14,12,28,23. ,16,00048
3403330,2,2012,02,14,15,22,35. ,22,00093
3403330,1,2012,02,15,04,15,26. ,12,00073
3403330,1,2012,02,16,02,32,40. ,10,00050
3403330,1,2012,02,18,23,20,58. ,12,00035
3403330,2,2012,02,19,14,55,23. ,21,00112
3403330,1,2012,02,28,14,21,20. ,14,00043
3403330,1,2012,02,29,18,01,09. ,12,00027
3403330,2,2012,02,29,23,33,02. ,24,00113
3403330,2,2012,03,01,07,32,58. ,20,00162
3403330,1,2012,03,02,19,12,14. ,14,00025
3403330,2,2012,03,10,02,26,04. ,15,00071
3403330,4,2012,03,14,21,05,12. ,38,01075
3403330,1,2012,03,14,22,30,04. ,10,00087
3403330,1,2012,03,18,06,42,56. ,09,00055
3403330,1,2012,03,18,22,16,53. ,07,00056
3403330,1,2012,03,27,19,22,11. ,10,00051
3403330,2,2012,04,01,23,05,08. ,15,00054
3403330,1,2012,04,07,17,31,22. ,09,00035
3403330,2,2012,04,12,20,20,42. ,16,00050
3403330,2,2012,04,13,19,10,48. ,23,00067
3403330,3,2012,04,25,05,22,18. ,33,00392
3403330,1,2012,04,25,05,31,19. ,09,00046
3403330,1,2012,04,25,07,43,40. ,08,00035
3403330,1,2012,04,25,13,08,21. ,13,00072
3403330,4,2012,04,29,19,29,00. ,42,01210
3403330,1,2012,04,30,04,26,11. ,08,00046
3403330,2,2012,05,01,04,54,44. ,16,00066
3403330,1,2012,05,02,01,14,35. ,05,00045
3403330,1,2012,05,05,17,12,21. ,11,00032
3403330,2,2012,05,18,17,19,21. ,15,00075
3403330,2,2012,05,18,20,21,51. ,15,00041
3403330,2,2012,05,24,10,09,53. ,17,00081
3403330,1,2012,05,24,10,15,20. ,08,00055
3403330,2,2012,05,29,01,37,09. ,17,00056
3403330,1,2012,06,01,17,48,32. ,13,00065
3403330,2,2012,06,06,04,32,09. ,20,00051
3403330,2,2012,06,13,18,49,54. ,15,00080
3403330,1,2012,06,17,16,13,40. ,13,00076
3403330,1,2012,06,19,09,21,19. ,13,00114
3403330,1,2012,06,21,01,47,19. ,07,00037
3403330,1,2012,06,28,15,17,40. ,13,00087
3403330,1,2012,07,03,11,31,43. ,11,00025
3403330,1,2012,07,11,19,54,48. ,13,00074
3403330,1,2012,07,29,14,26,08. ,12,00051
3403330,1,2012,08,06,11,34,25. ,10,00049
3403330,1,2012,08,20,20,43,05. ,14,00045
3403330,1,2012,08,26,03,37,45. ,09,00036
3403330,3,2012,09,14,02,22,14. ,29,00696
3403330,1,2012,09,14,02,46,03. ,07,00060
3403330,1,2012,09,16,01,10,00. ,10,00033
3403330,1,2012,10,02,10,11,04. ,10,00057
3403330,3,2012,10,12,13,57,27. ,28,00290
3403330,1,2012,10,12,23,36,04. ,11,00091
3403330,1,2012,11,01,16,53,25. ,09,00046
3403330,1,2012,11,05,05,50,17. ,08,00048
3403330,1,2012,11,07,00,01,57. ,07,00037
3403330,2,2012,11,09,12,52,46. ,15,00036
3403330,2,2012,11,16,17,26,09. ,18,00053
3403330,1,2012,11,24,18,00,14. ,12,00041
3403330,1,2012,12,02,16,01,07. ,10,00039
3403330,1,2012,12,07,05,32,26. ,14,00039
3403330,3,2012,12,07,17,20,20. ,31,00289
3403330,1,2012,12,07,18,02,32. ,09,00031
3403330,1,2012,12,19,05,31,53. ,12,00046
3403330,1,2012,12,27,06,17,43. ,10,00063
3403330,2,2013,01,04,13,43,03. ,17,00077
3403330,1,2013,01,11,16,58,16. ,09,00065
3403330,3,2013,01,22,04,47,09. ,25,00310
3403330,2,2013,01,28,03,42,20. ,15,00079
3403330,1,2013,02,01,23,07,19. ,10,00025
3403330,1,2013,02,02,23,20,49. ,12,00027
3403330,1,2013,02,06,14,04,23. ,10,00121
3403330,2,2013,02,19,21,27,50. ,20,00068
3403330,2,2013,03,03,20,14,54. ,15,00124
3403330,1,2013,03,11,17,10,18. ,09,00043
3403330,1,2013,03,21,14,35,09. ,08,00033
3403330,2,2013,03,26,20,48,34. ,20,00237
3403330,2,2013,03,26,20,55,28. ,16,00087
3403330,1,2013,03,29,00,48,41. ,11,00048
3403330,3,2013,04,04,13,42,43. ,25,00173
3403330,1,2013,04,06,05,01,30. ,11,00040
3403330,1,2013,04,07,23,09,34. ,13,00044
3403330,1,2013,04,14,22,26,07. ,09,00029
3403330,2,2013,04,19,23,11,15. ,18,00121
3403330,3,2013,04,29,22,01,56. ,26,00189
3403330,1,2013,05,08,20,18,27. ,14,00073
3403330,1,2013,05,08,20,23,51. ,09,00044
3403330,1,2013,05,18,14,49,21. ,13,00024
3403330,1,2013,05,24,09,25,55. ,06,00051
3403330,3,2013,06,06,12,29,05. ,30,00302
3403330,1,2013,06,13,12,20,01. ,07,00070
3403330,2,2013,07,06,07,01,00. ,21,00154
3403330,2,2013,07,07,10,51,37. ,15,00085
3403330,2,2013,07,20,15,07,00. ,19,00057
3403330,3,2013,07,21,16,03,29. ,29,00327
3403330,2,2013,09,04,09,21,09. ,23,00086
3403330,1,2013,09,13,08,26,25. ,09,00066
3403330,2,2013,09,20,02,25,49. ,21,00131
3403330,1,2013,10,12,02,43,38. ,07,00041
3403330,1,2013,10,20,10,07,56. ,07,00037
3403330,2,2013,10,26,02,12,10. ,21,00091
3403330,1,2013,11,03,14,25,37. ,13,00040
3403330,3,2013,11,10,07,38,05. ,26,00158
3403330,1,2013,11,13,19,11,14. ,07,00088
3403330,2,2013,11,16,20,44,55. ,23,00128
3403330,2,2013,11,29,01,15,27. ,17,00065
3403330,3,2013,12,03,15,58,22. ,26,00196
3403330,1,2013,12,08,04,00,14. ,09,00082
3403330,4,2013,12,14,13,06,24. ,35,00480
3403330,1,2013,12,21,01,11,09. ,11,00037
3403330,4,2013,12,21,10,34,23. ,36,00487
3403330,1,2013,12,31,10,03,34. ,14,00054
3403330,2,2014,01,02,22,11,19. ,15,00062
3403330,1,2014,01,18,14,32,09. ,10,00061
3403330,1,2014,01,19,02,05,29. ,10,00033
3403330,1,2014,02,11,04,15,35. ,10,00026
3403330,1,2014,02,20,00,42,27. ,12,00064
3403330,2,2014,03,08,03,34,38. ,18,00109
3403330,1,2014,03,12,05,04,56. ,10,00031
3403330,2,2014,03,16,09,05,44. ,15,00106
3403330,1,2014,03,29,10,54,51. ,09,00028
3403330,1,2014,04,16,03,36,33. ,08,00050
3403330,1,2014,04,18,07,53,32. ,07,00030
3403330,2,2014,04,22,06,23,10. ,18,00132
3403330,2,2014,04,26,04,15,38. ,18,00230
3403330,3,2014,05,05,05,18,54. ,27,00159
3403330,2,2014,05,13,08,35,26. ,15,00051
3403330,1,2014,06,07,00,12,56. ,09,00064
3403330,1,2014,06,10,02,17,54. ,05,00053
3403330,1,2014,06,16,03,20,05. ,12,00032
3403330,1,2014,06,16,05,15,37. ,09,00037
3403330,2,2014,06,28,16,12,05. ,17,00119
3403330,1,2014,07,07,02,48,15. ,09,00123
3403330,2,2014,07,12,04,22,59. ,21,00066
3403330,1,2014,07,20,10,26,02. ,10,00051
3403330,1,2014,07,28,03,09,33. ,10,00030
3403330,2,2014,09,09,11,43,26. ,22,00111
3403330,2,2014,09,16,12,28,48. ,17,00091
3403330,1,2014,10,12,05,28,19. ,09,00048
3403330,1,2014,10,17,18,58,46. ,09,00057
3403330,1,2014,11,20,10,52,44. ,10,00028
3403330,1,2014,12,01,04,04,59. ,09,00119
3403330,1,2014,12,04,12,35,36. ,14,00115
3403330,2,2014,12,20,18,30,57. ,16,00046
3403330,1,2015,01,02,10,51,58. ,06,00069
3403330,1,2015,01,08,07,58,13. ,07,00068
3403330,1,2015,01,18,22,51,35. ,09,00041
3403330,2,2015,01,26,07,20,09. ,20,00273
3403330,1,2015,01,26,07,21,33. ,05,00071
3403330,1,2015,01,30,20,32,04. ,14,00128
3403330,1,2015,02,02,18,06,22. ,13,00083
3403330,1,2015,02,23,17,00,34. ,11,00028
3403330,2,2015,02,28,17,40,49. ,24,00209
3403330,1,2015,03,20,19,54,31. ,08,00033
3403330,1,2015,03,20,23,53,24. ,13,00051
3403330,2,2015,03,26,06,28,43. ,16,00132
3403330,1,2015,05,13,06,14,50. ,14,00029
3403330,1,2015,05,13,22,45,40. ,07,00041
3403330,2,2015,05,25,14,28,36. ,24,00168
3403330,3,2015,05,30,20,26,43. ,29,00138
3403330,1,2015,06,09,05,44,21. ,14,00107
3403330,2,2015,06,10,19,25,39. ,17,00093
3403330,2,2015,07,25,04,31,14. ,15,00043
3403330,1,2015,08,06,10,45,39. ,12,00055
3403330,2,2015,08,06,18,22,53. ,16,00106
3403330,2,2015,08,28,23,46,43. ,15,00083
3403330,2,2015,09,12,05,49,32. ,20,00083
3403330,1,2015,09,16,05,53,41. ,05,00061
3403330,2,2015,09,26,20,22,26. ,15,00115
3403330,1,2015,09,28,12,04,53. ,09,00090
3403330,1,2015,10,15,05,35,26. ,07,00077
3403330,1,2015,10,21,15,05,36. ,11,00056
3403330,2,2015,10,31,23,20,21. ,16,00063
3403330,1,2015,11,22,08,20,52. ,14,00083
3403330,1,2015,12,08,01,22,58. ,10,00033
3403330,2,2016,01,24,06,33,42. ,20,00204
3403330,3,2016,01,25,00,13,10. ,26,00272
3403330,1,2016,02,07,19,27,10. ,12,00105
3403330,1,2016,03,31,11,48,50. ,11,00094
3403330,1,2016,04,19,19,05,51. ,13,00070
3403330,1,2016,04,22,07,59,48. ,10,00081
3403330,2,2016,05,16,21,23,15. ,24,00209
3403330,1,2016,06,12,07,54,45. ,13,00061
3403330,1,2016,07,05,12,46,28. ,10,00032
3403330,1,2016,07,05,15,01,45. ,08,00031
3403330,1,2016,07,06,08,47,41. ,11,00056
3403330,1,2016,07,17,13,24,26. ,11,00034
3403330,2,2016,07,19,12,58,00. ,17,00087
3403330,1,2016,07,20,07,25,55. ,10,00042
3403330,2,2016,07,27,23,47,43. ,15,00076
3403330,3,2016,07,30,16,40,40. ,29,00669
3403330,2,2016,08,03,01,10,48. ,16,00121
3403330,1,2016,08,06,18,36,40. ,11,00150
3403330,2,2016,08,19,21,08,12. ,17,00077
3403330,2,2016,09,07,13,29,03. ,20,00224
3403330,2,2016,09,09,20,53,42. ,16,00081
3403330,2,2016,09,17,16,36,03. ,18,00150
3403330,3,2016,10,20,11,50,00. ,29,00327
3403330,1,2016,10,22,07,27,07. ,06,00062
3403330,1,2016,10,22,07,33,47. ,09,00166
3403330,1,2016,10,24,10,54,33. ,07,00039
3403330,2,2016,11,15,01,16,02. ,19,00182
3403330,2,2016,11,21,06,59,34. ,20,00199
3403330,3,2016,11,22,06,00,33. ,32,00200
3403330,2,2016,11,24,06,24,29. ,21,00053
3403330,1,2016,12,15,14,27,47. ,05,00037
3403330,2,2016,12,28,21,39,17. ,23,00159
3403330,1,2017,01,05,00,44,37. ,14,00066
3403330,2,2017,01,05,02,54,21. ,17,00037
3403330,3,2017,01,13,12,25,39. ,29,00317
3403330,1,2017,01,18,17,19,51. ,08,00055
3403330,1,2017,02,06,15,25,03. ,12,00061
3403330,4,2017,02,19,18,19,39. ,42,01139
3403330,2,2017,02,27,08,26,53. ,15,00134
3403330,1,2017,02,28,16,49,59. ,13,00050
3403330,2,2017,03,05,10,19,09. ,18,00073
3403330,1,2017,03,05,13,18,42. ,08,00043
3403330,1,2017,03,13,14,13,39. ,07,00045
3403330,1,2017,03,14,03,54,26. ,07,00057
3403330,1,2017,03,15,16,30,45. ,13,00082
3403330,1,2017,03,22,22,50,29. ,14,00058
3403330,2,2017,04,12,03,11,12. ,17,00103
3403330,2,2017,06,04,09,56,26. ,15,00063
3403330,1,2017,06,04,11,10,11. ,11,00064
3403330,3,2017,06,08,09,25,44. ,28,00208
3403330,1,2017,07,20,09,12,24. ,14,00038
3403330,3,2017,08,02,02,02,41. ,25,00204
3403330,1,2017,08,02,07,16,10. ,13,00135
3403330,1,2017,08,03,13,45,29. ,06,00045
3403330,1,2017,08,10,09,36,54. ,14,00044
3403330,1,2017,08,11,00,05,54. ,13,00053
3403330,1,2017,08,27,11,26,41. ,10,00027
3403330,2,2017,10,06,23,57,23. ,16,00064
3403330,1,2017,11,03,21,38,42. ,14,00065
3403330,2,2018,01,01,04,42,53. ,15,00136
3403330,2,2018,01,05,11,02,41. ,17,00116
3403330,1,2018,01,06,00,54,42. ,11,00027
3403330,2,2018,01,10,07,30,43. ,17,00047
3403330,2,2018,02,26,01,29,43. ,16,00041
3403330,1,2018,02,27,08,08,26. ,10,00045
3403330,2,2018,03,13,15,46,39. ,23,00139
3403330,2,2018,03,30,08,17,53. ,18,00156
3403330,2,2018,04,21,18,47,30. ,21,00108
3403330,3,2018,05,17,12,12,41. ,31,00376
3403330,1,2018,05,22,21,55,54. ,13,00054
3403330,1,2018,06,16,11,09,30. ,07,00027
3403330,1,2018,06,17,15,28,07. ,09,00033
3403330,1,2018,06,26,19,46,42. ,10,00036
3403330,3,2018,07,07,20,24,05. ,28,00210
3403330,1,2018,07,17,04,34,37. ,14,00079
3403330,1,2018,08,14,12,36,11. ,12,00039
3403330,2,2018,09,05,05,11,43. ,20,00119
3403330,1,2018,09,29,20,56,48. ,10,00053
3403330,1,2018,10,02,12,28,18. ,09,00056
3403330,2,2018,10,04,00,15,39. ,24,00192
3403330,3,2018,10,12,13,15,57. ,32,00364
3403330,2,2018,10,18,14,18,34. ,19,00068
3403330,1,2018,10,21,20,03,11. ,11,00066
3403330,1,2018,10,29,02,32,04. ,05,00047
3403330,1,2018,11,21,07,29,09. ,13,00080
3403330,1,2018,11,27,08,34,04. ,10,00064
3403330,1,2018,11,28,20,15,22. ,10,00050
3403330,1,2019,01,14,13,23,58. ,13,00054
3403330,2,2019,01,18,21,46,42. ,19,00084
3403330,1,2019,02,03,04,10,30. ,13,00039
3403330,1,2019,03,14,20,59,19. ,13,00081
3403330,1,2019,03,17,06,07,34. ,05,00035
3403330,2,2019,05,25,15,20,59. ,21,00213
3403330,1,2019,06,07,19,08,52. ,07,00071
3403330,2,2019,06,17,08,00,40. ,17,00112
3403330,2,2019,06,24,09,12,14. ,15,00062
3403330,2,2019,07,07,03,52,12. ,17,00081
3403330,1,2019,07,15,01,30,56. ,14,00048
3403330,1,2019,07,23,09,10,23. ,13,00056
3403330,1,2019,07,25,07,14,46. ,14,00061
3403330,2,2019,07,28,03,33,10. ,15,00039
3403330,2,2019,07,29,00,35,07. ,18,00142
3403330,2,2019,08,04,19,24,07. ,20,00069
3403330,1,2019,10,12,18,22,29. ,12,00036
3403330,2,2019,12,04,10,39,28. ,16,00063
3403330,3,2020,01,03,03,24,04. ,27,00189
3403330,1,2020,01,14,04,54,13. ,11,00055
3403330,1,2020,01,14,13,26,10. ,12,00051
3403330,3,2020,02,01,01,11,30. ,32,00419
3403330,2,2020,02,01,02,08,02. ,21,00117
3403330,2,2020,02,06,20,20,36. ,17,00043
3403330,1,2020,02,09,16,36,25. ,09,00105
3403330,1,2020,02,12,19,38,11. ,10,00039
3403330,1,2020,02,20,12,53,23. ,10,00060
3403330,1,2020,03,05,09,39,45. ,05,00036
3403330,1,2020,04,02,00,33,35. ,08,00073
3403330,1,2020,04,11,05,29,27. ,09,00031
3403330,3,2020,04,12,00,45,02. ,26,00248
3403330,1,2020,04,16,13,15,57. ,09,00061
3403330,1,2020,04,24,01,38,08. ,10,00211
3403330,1,2020,04,26,09,49,36. ,10,00038
3403330,4,2020,05,04,22,07,58. ,40,00988
3403330,2,2020,05,06,01,57,27. ,22,00098
3403330,2,2020,05,11,08,58,59. ,19,00094
3403330,1,2020,06,01,06,02,43. ,13,00036
3403330,1,2020,06,04,05,31,44. ,13,00073
3403330,1,2020,06,06,06,08,11. ,08,00046
3403330,1,2020,06,07,09,26,48. ,11,00053
3403330,1,2020,06,07,21,44,27. ,07,00048
3403330,4,2020,06,25,04,47,55. ,39,00740
3403330,2,2020,06,28,14,59,55. ,17,00121
3403330,2,2020,07,01,18,25,21. ,17,00076
3403330,1,2020,07,09,06,05,57. ,08,00035
3403330,1,2020,07,29,05,33,36. ,11,00067
3403330,2,2020,08,06,02,54,37. ,15,00050
3403330,1,2020,08,13,11,35,51. ,08,00046
3403330,1,2020,08,30,14,38,11. ,08,00039
3403330,1,2020,09,07,06,34,31. ,11,00032
3403330,1,2020,09,17,14,01,03. ,05,00035
3403330,1,2020,11,01,19,40,48. ,13,00052
3403330,2,2020,11,22,19,06,24. ,20,00126
3403330,1,2020,12,17,16,43,07. ,06,00054
3403330,1,2020,12,30,09,35,54. ,14,00093
3403330,1,2021,01,24,18,13,33. ,08,00074
3403330,3,2021,02,13,23,08,30. ,32,00347
3403330,1,2021,03,04,11,22,57. ,10,00070
3403330,2,2021,03,16,04,56,45. ,17,00092
3403330,3,2021,03,20,18,10,54. ,27,00131
3403330,2,2021,05,01,10,28,42. ,20,00070
3403330,1,2021,05,14,08,59,26. ,14,00041
3403330,1,2021,05,29,10,03,26. ,14,00033
3403330,1,2021,06,30,21,37,41. ,06,00049
3403330,1,2021,07,03,01,46,13. ,05,00045
3403330,1,2021,07,28,00,55,17. ,08,00039
3403330,1,2021,08,03,19,29,57. ,12,00033
3403330,2,2021,08,04,05,34,15. ,19,00076
3403330,2,2021,08,04,05,43,53. ,15,00038
3403330,1,2021,08,04,13,41,04. ,12,00032
3403330,1,2021,08,27,05,49,33. ,10,00051
3403330,1,2021,09,14,07,48,15. ,12,00032
3403330,3,2021,10,07,22,41,37. ,31,00252
3403330,1,2021,10,28,09,55,43. ,09,00060
3403330,2,2021,11,01,06,15,13. ,16,00117
3403330,1,2021,11,08,03,08,55. ,12,00087
3403330,1,2021,12,02,01,59,05. ,14,00105
3403330,1,2021,12,12,12,31,24. ,13,00060
3403330,1,2021,12,28,04,09,08. ,10,00052
