station,intensity,year,month,day,hour,minute,second,intensity_equip,acceleration_max_comb
3720131,2,1998,02,21,09,56,08. ,17,00133
3720131,2,1998,04,04,01,40,38. ,15,00081
3720131,2,2000,10,12,05,35,40. ,15,00119
3720131,2,2000,10,12,05,37,14. ,17,00128
3720131,2,2001,01,04,13,18,56. ,19,00119
3720131,3,2003,05,26,18,25,29. ,26,00108
3720131,2,2003,07,26,07,14,26. ,24,00099
3720131,4,2004,10,23,17,56,15. ,38,00937
3720131,3,2004,10,23,18,03,27. ,33,00524
3720131,3,2004,10,23,18,12,13. ,33,00696
3720131,3,2004,10,23,18,34,20. ,34,00998
3720131,2,2004,10,23,18,54,56. ,19,00143
3720131,2,2004,10,23,19,46,17. ,19,00156
3720131,2,2004,10,23,23,35,09. ,18,00161
3720131,2,2004,10,25,00,28,35. ,16,00087
3720131,2,2004,10,25,06,05,14. ,24,00381
3720131,1,2004,10,25,06,07,46. ,13,00115
3720131,3,2004,10,27,10,41,05. ,27,00360
3720131,2,2004,11,04,08,57,42. ,23,00292
3720131,2,2004,11,06,02,53,43. ,19,00075
3720131,3,2004,11,08,11,16,13. ,26,00172
3720131,2,2004,11,08,11,32,31. ,23,00268
3720131,2,2004,11,10,03,43,29. ,22,00197
3720131,2,2004,12,23,21,04,04. ,18,00142
3720131,2,2005,06,20,13,03,43. ,17,00109
3720131,3,2005,08,16,11,47,18. ,27,00108
3720131,1,2005,11,04,01,02,22. ,13,00064
3720131,1,2005,11,18,19,27,16. ,09,00089
3720131,1,2006,02,13,17,23,42. ,12,00082
3720131,1,2007,01,08,19,00,00. ,06,00040
3720131,3,2007,03,25,09,42,41. ,26,00108
3720131,4,2007,07,16,10,13,38. ,35,00545
3720131,3,2007,07,16,15,37,55. ,32,00451
3720131,1,2007,07,16,21,08,18. ,12,00050
3720131,1,2007,07,18,16,53,31. ,10,00060
3720131,2,2007,07,25,06,52,19. ,16,00124
3720131,1,2007,12,22,19,39,37. ,11,00072
3720131,2,2008,05,08,01,46,38. ,16,00030
3720131,3,2008,06,14,08,44,20. ,30,00173
3720131,1,2008,06,14,09,20,59. ,12,00039
3720131,2,2008,07,19,11,40,47. ,16,00028
3720131,2,2008,07,24,00,27,16. ,19,00048
3720131,2,2009,08,02,00,57,15. ,18,00099
3720131,1,2009,08,02,02,54,52. ,11,00048
3720131,2,2010,03,13,21,47,18. ,15,00031
3720131,2,2010,03,14,17,09,03. ,17,00037
3720131,3,2010,04,16,16,38,19. ,33,01058
3720131,2,2010,05,01,18,20,47. ,20,00197
3720131,2,2010,05,11,18,18,10. ,24,00478
3720131,2,2010,06,13,12,33,56. ,22,00066
3720131,1,2010,09,29,12,02,26. ,08,00027
3720131,2,2010,09,29,17,00,15. ,19,00129
3720131,2,2010,10,03,06,38,27. ,15,00100
3720131,1,2010,10,03,06,53,19. ,07,00036
3720131,2,2011,01,03,13,45,35. ,15,00196
3720131,1,2011,02,10,22,04,10. ,05,00020
3720131,2,2011,03,09,11,46,20. ,20,00046
3720131,1,2011,03,10,03,17,42. ,11,00014
3720131,1,2011,03,10,06,25,33. ,13,00020
3720131,4,2011,03,11,14,48,10. ,37,00371
3720131,2,2011,03,11,14,52,10. ,22,00059
3720131,2,2011,03,11,14,55,10. ,18,00059
3720131,2,2011,03,11,14,59,10. ,16,00031
3720131,2,2011,03,11,15,07,20. ,18,00037
3720131,1,2011,03,11,15,08,20. ,14,00025
3720131,2,2011,03,11,15,10,20. ,21,00046
3720131,1,2011,03,11,15,12,20. ,09,00017
3720131,1,2011,03,11,15,13,20. ,13,00029
3720131,2,2011,03,11,15,17,20. ,24,00083
3720131,1,2011,03,11,15,20,20. ,13,00025
3720131,2,2011,03,11,15,24,20. ,15,00030
3720131,2,2011,03,11,15,27,20. ,19,00040
3720131,1,2011,03,11,15,26,20. ,06,00015
3720131,1,2011,03,11,15,29,20. ,08,00013
3720131,1,2011,03,11,15,30,20. ,05,00010
3720131,1,2011,03,11,15,34,20. ,05,00009
3720131,1,2011,03,11,15,58,20. ,06,00010
3720131,1,2011,03,11,16,05,20. ,05,00010
3720131,2,2011,03,11,16,16,20. ,19,00036
3720131,1,2011,03,11,16,17,20. ,10,00014
3720131,1,2011,03,11,16,19,20. ,08,00014
3720131,1,2011,03,11,16,27,20. ,07,00011
3720131,1,2011,03,11,16,29,20. ,12,00033
3720131,2,2011,03,11,16,30,20. ,22,00065
3720131,1,2011,03,11,16,32,20. ,05,00008
3720131,3,2011,03,11,16,34,38. ,25,00506
3720131,1,2011,03,11,17,06,00. ,11,00021
3720131,2,2011,03,11,17,12,58. ,16,00029
3720131,2,2011,03,11,17,20,50. ,15,00032
3720131,1,2011,03,11,17,27,50. ,06,00009
3720131,1,2011,03,11,17,28,50. ,06,00011
3720131,1,2011,03,11,17,31,50. ,13,00028
3720131,1,2011,03,11,17,40,50. ,09,00020
3720131,2,2011,03,11,17,41,50. ,16,00046
3720131,1,2011,03,11,18,05,12. ,05,00017
3720131,2,2011,03,11,18,16,42. ,15,00068
3720131,1,2011,03,11,20,31,40. ,12,00057
3720131,2,2011,03,11,20,37,40. ,17,00034
3720131,1,2011,03,11,21,14,13. ,11,00018
3720131,1,2011,03,11,21,17,10. ,08,00010
3720131,1,2011,03,12,00,14,40. ,10,00019
3720131,1,2011,03,12,00,15,40. ,05,00007
3720131,1,2011,03,12,00,21,40. ,07,00011
3720131,1,2011,03,12,03,12,20. ,11,00016
3720131,3,2011,03,12,03,59,37. ,32,00397
3720131,1,2011,03,12,04,04,30. ,13,00027
3720131,1,2011,03,12,04,12,30. ,05,00025
3720131,2,2011,03,12,04,32,18. ,20,00110
3720131,1,2011,03,12,04,47,00. ,07,00029
3720131,1,2011,03,12,04,48,00. ,13,00026
3720131,1,2011,03,12,07,14,40. ,06,00030
3720131,1,2011,03,12,10,48,20. ,12,00018
3720131,1,2011,03,12,19,54,51. ,10,00016
3720131,1,2011,03,12,22,16,20. ,12,00023
3720131,1,2011,03,12,23,44,43. ,14,00031
3720131,1,2011,03,13,07,13,52. ,14,00026
3720131,1,2011,03,13,08,25,45. ,14,00027
3720131,1,2011,03,13,20,38,30. ,09,00014
3720131,1,2011,03,14,10,03,37. ,12,00019
3720131,1,2011,03,14,15,13,49. ,10,00016
3720131,1,2011,03,15,18,51,10. ,09,00012
3720131,1,2011,03,15,22,29,00. ,13,00024
3720131,1,2011,03,15,22,33,00. ,12,00016
3720131,1,2011,03,16,12,53,17. ,10,00016
3720131,2,2011,03,19,18,57,20. ,17,00039
3720131,1,2011,03,20,10,31,34. ,08,00027
3720131,2,2011,03,22,18,19,54. ,22,00055
3720131,2,2011,03,23,07,13,07. ,15,00039
3720131,1,2011,03,23,07,35,34. ,14,00054
3720131,2,2011,03,23,07,36,30. ,18,00072
3720131,2,2011,03,24,17,22,09. ,16,00033
3720131,1,2011,03,25,20,37,35. ,11,00016
3720131,2,2011,03,28,07,24,50. ,20,00050
3720131,1,2011,03,29,19,55,30. ,14,00029
3720131,3,2011,04,07,23,33,20. ,34,00279
3720131,4,2011,04,11,17,16,41. ,35,00321
3720131,2,2011,04,11,17,18,40. ,19,00071
3720131,1,2011,04,11,17,19,40. ,09,00017
3720131,1,2011,04,11,17,20,40. ,06,00013
3720131,1,2011,04,11,17,26,40. ,11,00040
3720131,1,2011,04,11,17,58,47. ,06,00020
3720131,1,2011,04,11,18,06,05. ,08,00032
3720131,2,2011,04,11,20,43,04. ,21,00101
3720131,1,2011,04,12,07,04,01. ,07,00030
3720131,2,2011,04,12,07,26,48. ,18,00112
3720131,2,2011,04,12,14,08,09. ,22,00164
3720131,1,2011,04,12,16,15,40. ,10,00043
3720131,1,2011,04,13,10,08,46. ,11,00038
3720131,1,2011,04,14,12,09,47. ,05,00033
3720131,1,2011,04,16,11,20,01. ,14,00025
3720131,1,2011,04,17,00,56,57. ,05,00031
3720131,1,2011,04,22,01,12,30. ,10,00019
3720131,2,2011,04,23,00,26,01. ,20,00054
3720131,1,2011,04,27,19,28,04. ,05,00019
3720131,1,2011,04,28,18,28,48. ,08,00018
3720131,1,2011,04,30,14,07,32. ,06,00017
3720131,1,2011,05,07,13,35,06. ,12,00039
3720131,1,2011,06,02,11,34,22. ,07,00043
3720131,1,2011,06,04,01,01,01. ,12,00027
3720131,1,2011,06,18,20,31,50. ,13,00045
3720131,2,2011,06,23,06,52,35. ,15,00027
3720131,1,2011,06,23,19,36,00. ,06,00013
3720131,1,2011,07,08,03,36,27. ,08,00016
3720131,2,2011,07,10,09,59,10. ,16,00029
3720131,1,2011,07,23,13,35,40. ,10,00017
3720131,2,2011,07,25,03,51,58. ,18,00040
3720131,2,2011,07,31,03,54,27. ,15,00038
3720131,1,2011,08,12,03,22,39. ,14,00027
3720131,2,2011,08,19,14,37,06. ,18,00050
3720131,1,2011,09,29,19,05,54. ,05,00016
3720131,1,2011,10,10,11,46,40. ,12,00025
3720131,1,2011,11,24,04,25,10. ,09,00017
3720131,1,2011,11,26,09,06,14. ,14,00107
3720131,1,2012,01,01,00,29,29. ,05,00031
3720131,1,2012,01,01,14,30,40. ,11,00020
3720131,1,2012,01,12,12,21,30. ,13,00024
3720131,2,2012,02,08,21,01,55. ,21,00099
3720131,1,2012,03,10,02,26,21. ,08,00020
3720131,1,2012,03,14,21,06,20. ,11,00021
3720131,2,2012,03,27,20,01,50. ,17,00037
3720131,1,2012,04,01,23,05,00. ,10,00019
3720131,2,2012,04,12,23,51,42. ,19,00039
3720131,1,2012,04,13,19,10,40. ,13,00024
3720131,1,2012,05,20,16,22,40. ,07,00009
3720131,1,2012,06,18,05,33,38. ,09,00014
3720131,1,2012,06,26,08,23,59. ,09,00110
3720131,2,2012,07,10,12,49,31. ,17,00065
3720131,2,2012,08,30,04,06,00. ,15,00036
3720131,1,2012,10,25,19,33,20. ,07,00014
3720131,1,2012,11,24,05,22,28. ,12,00028
3720131,2,2012,12,07,17,20,20. ,23,00065
3720131,2,2013,02,25,16,24,15. ,21,00108
3720131,1,2013,04,17,21,04,21. ,10,00022
3720131,1,2013,04,21,19,27,49. ,11,00064
3720131,1,2013,05,18,14,48,40. ,14,00025
3720131,1,2013,07,23,12,02,49. ,10,00023
3720131,1,2013,08,04,12,29,36. ,14,00036
3720131,1,2013,09,04,09,21,51. ,09,00018
3720131,1,2013,09,20,02,25,46. ,10,00027
3720131,2,2013,10,26,02,12,30. ,15,00029
3720131,2,2014,04,08,05,08,09. ,15,00100
3720131,1,2014,06,16,05,15,28. ,10,00022
3720131,2,2014,07,12,04,22,54. ,17,00035
3720131,1,2014,09,03,16,24,45. ,11,00039
3720131,1,2014,09,16,12,29,20. ,10,00018
3720131,2,2014,11,22,22,08,52. ,22,00074
3720131,2,2015,02,17,08,08,20. ,18,00034
3720131,2,2015,05,13,06,13,50. ,18,00041
3720131,2,2015,05,30,20,27,20. ,16,00029
3720131,1,2015,10,21,15,05,33. ,11,00023
3720131,1,2016,06,27,13,35,54. ,12,00051
3720131,1,2016,06,27,13,36,50. ,09,00058
3720131,1,2016,11,12,06,43,50. ,11,00018
3720131,3,2016,11,22,06,00,30. ,28,00110
3720131,1,2016,11,22,06,40,40. ,09,00013
3720131,1,2016,11,22,23,04,58. ,13,00023
3720131,1,2016,11,24,06,24,16. ,13,00033
3720131,2,2016,12,28,21,39,24. ,18,00058
3720131,1,2017,02,28,16,49,30. ,12,00025
3720131,1,2017,08,02,02,02,54. ,08,00029
3720131,1,2017,08,26,04,21,13. ,07,00026
3720131,1,2017,10,06,23,57,18. ,11,00022
3720131,1,2017,12,06,00,14,40. ,07,00019
3720131,1,2018,02,26,01,29,40. ,09,00016
3720131,1,2018,05,25,21,14,19. ,12,00044
3720131,2,2018,07,31,17,43,15. ,17,00033
3720131,1,2018,08,11,06,12,05. ,05,00028
3720131,4,2019,06,18,22,22,34. ,42,01323
3720131,1,2019,06,18,22,41,46. ,05,00033
3720131,1,2019,06,19,00,57,39. ,11,00093
3720131,1,2019,07,11,16,04,47. ,06,00030
3720131,2,2019,08,04,19,24,20. ,18,00040
3720131,1,2019,08,18,19,07,02. ,14,00114
3720131,1,2019,12,04,19,35,38. ,07,00018
3720131,1,2020,02,12,19,38,11. ,07,00013
3720131,1,2020,03,13,02,19,53. ,07,00015
3720131,1,2020,04,20,05,40,19. ,11,00016
3720131,1,2020,05,19,12,18,10. ,09,00015
3720131,1,2020,09,12,11,45,17. ,14,00024
3720131,1,2020,11,22,19,06,50. ,07,00016
3720131,3,2021,02,13,23,08,25. ,34,00243
3720131,3,2021,03,20,18,10,21. ,28,00161
3720131,2,2021,05,01,10,28,02. ,22,00065
3720131,1,2021,05,14,08,58,56. ,12,00018
3720131,1,2021,07,18,18,50,36. ,11,00070
3720131,1,2021,09,16,18,43,22. ,06,00021
3720131,1,2021,10,07,22,42,30. ,10,00015
3720131,1,2021,12,08,02,30,21. ,06,00012
