station,intensity,year,month,day,hour,minute,second,intensity_equip,acceleration_max_comb
3600341,2,1998,01,14,02,17,24. ,21,00086
3600341,2,1998,01,16,10,58,09. ,18,00082
3600341,2,1998,03,08,13,47,19. ,15,00033
3600341,2,1998,03,23,18,38,07. ,17,00034
3600341,2,1998,04,09,17,46,37. ,17,00048
3600341,1,1998,04,22,10,41,19. ,11,00064
3600341,1,1998,04,22,17,50,22. ,09,00050
3600341,2,1998,04,26,07,38,00. ,16,00068
3600341,1,1998,04,26,15,04,10. ,09,00029
3600341,1,1998,04,27,06,09,46. ,10,00055
3600341,2,1998,05,03,11,09,30. ,22,00092
3600341,3,1998,05,16,03,45,28. ,27,00257
3600341,1,1998,06,17,05,10,39. ,12,00027
3600341,1,1998,06,24,23,53,01. ,12,00026
3600341,2,1998,08,20,15,44,06. ,19,00047
3600341,3,1998,08,29,08,46,54. ,31,00247
3600341,3,1998,11,08,21,41,03. ,27,00249
3600341,2,1998,11,28,00,23,10. ,15,00054
3600341,2,1998,12,03,05,15,58. ,15,00083
3600341,1,1999,04,25,18,13,40. ,13,00036
3600341,2,1999,04,25,21,27,48. ,16,00035
3600341,2,1999,05,22,09,48,31. ,20,00128
3600341,2,1999,07,15,07,56,53. ,17,00048
3600341,1,1999,08,11,18,28,12. ,10,00039
3600341,3,1999,09,13,07,57,01. ,27,00202
3600341,1,1999,12,04,14,06,50. ,12,00046
3600341,2,2000,02,11,20,57,23. ,20,00094
3600341,2,2000,04,10,06,31,09. ,17,00058
3600341,3,2000,06,03,17,55,07. ,30,00197
3600341,1,2000,06,10,08,34,27. ,09,00023
3600341,2,2000,07,01,16,02,40. ,21,00051
3600341,2,2000,07,03,05,04,21. ,19,00039
3600341,2,2000,07,09,03,58,31. ,17,00035
3600341,3,2000,07,15,10,31,09. ,29,00139
3600341,1,2000,07,16,01,33,09. ,06,00029
3600341,3,2000,07,21,03,40,09. ,26,00097
3600341,2,2000,07,21,14,17,25. ,18,00034
3600341,2,2000,07,27,10,50,37. ,20,00042
3600341,2,2000,07,30,09,19,02. ,15,00033
3600341,3,2000,07,30,21,26,36. ,26,00093
3600341,1,2000,08,03,06,43,20. ,14,00025
3600341,2,2000,08,06,16,30,17. ,21,00071
3600341,1,2000,08,14,16,34,12. ,12,00041
3600341,2,2000,08,27,08,42,38. ,16,00049
3600341,1,2000,09,11,07,50,22. ,14,00032
3600341,2,2000,09,29,08,56,32. ,23,00091
3600341,2,2000,09,29,09,56,22. ,15,00033
3600341,2,2000,10,06,13,33,14. ,17,00031
3600341,1,2000,10,11,15,16,03. ,13,00061
3600341,1,2000,10,14,20,20,28. ,13,00039
3600341,2,2000,10,24,08,11,29. ,18,00061
3600341,1,2000,11,14,04,13,48. ,14,00050
3600341,2,2000,12,05,01,48,24. ,17,00033
3600341,1,2001,02,02,08,10,25. ,14,00036
3600341,2,2001,02,25,06,55,26. ,16,00028
3600341,1,2001,02,25,14,05,58. ,10,00022
3600341,2,2001,04,03,23,57,57. ,19,00036
3600341,2,2001,04,10,10,04,31. ,17,00075
3600341,1,2001,04,17,09,40,47. ,13,00026
3600341,1,2001,06,25,01,27,50. ,08,00031
3600341,1,2001,07,20,06,03,07. ,14,00040
3600341,2,2001,09,18,04,24,04. ,24,00178
3600341,1,2001,10,02,17,21,23. ,14,00025
3600341,2,2001,11,17,01,32,23. ,18,00055
3600341,2,2001,12,02,22,03,47. ,17,00038
3600341,2,2001,12,08,04,07,50. ,23,00130
3600341,1,2001,12,19,00,07,42. ,11,00038
3600341,1,2002,02,11,10,10,45. ,12,00022
3600341,2,2002,02,12,22,45,28. ,20,00053
3600341,1,2002,03,28,05,07,06. ,09,00048
3600341,1,2002,03,28,15,51,48. ,14,00098
3600341,2,2002,05,19,05,00,32. ,24,00131
3600341,2,2002,06,14,11,43,20. ,23,00094
3600341,1,2002,06,29,02,24,06. ,13,00023
3600341,2,2002,07,13,21,46,15. ,17,00058
3600341,2,2002,07,24,05,06,58. ,16,00029
3600341,1,2002,09,30,10,54,24. ,11,00038
3600341,2,2002,11,03,12,39,42. ,20,00044
3600341,2,2003,03,03,07,48,19. ,16,00025
3600341,2,2003,03,13,12,13,25. ,22,00067
3600341,2,2003,04,08,04,17,54. ,15,00053
3600341,2,2003,05,10,11,46,17. ,22,00090
3600341,3,2003,05,12,00,57,29. ,25,00113
3600341,2,2003,05,12,00,59,39. ,19,00054
3600341,2,2003,05,17,23,33,46. ,19,00069
3600341,2,2003,05,26,18,25,54. ,18,00040
3600341,2,2003,07,26,07,15,14. ,21,00047
3600341,3,2003,08,18,19,00,04. ,26,00172
3600341,3,2003,09,20,12,55,07. ,30,00241
3600341,2,2003,09,26,04,53,35. ,16,00038
3600341,2,2003,09,26,06,11,47. ,17,00031
3600341,3,2003,10,15,16,30,52. ,30,00257
3600341,2,2003,10,31,10,08,22. ,20,00041
3600341,2,2003,11,12,17,28,37. ,23,00097
3600341,2,2003,11,15,03,44,44. ,20,00047
3600341,1,2004,03,11,11,35,59. ,14,00026
3600341,2,2004,04,04,08,02,52. ,19,00046
3600341,1,2004,04,06,22,05,37. ,12,00050
3600341,2,2004,04,07,22,47,41. ,16,00075
3600341,2,2004,05,29,12,48,47. ,16,00024
3600341,2,2004,07,10,20,07,35. ,19,00044
3600341,3,2004,07,17,15,10,38. ,27,00166
3600341,2,2004,08,06,03,23,53. ,23,00149
3600341,1,2004,08,25,01,49,54. ,10,00032
3600341,2,2004,09,05,19,08,46. ,22,00064
3600341,2,2004,09,07,08,31,08. ,18,00032
3600341,3,2004,10,06,23,41,07. ,29,00150
3600341,2,2004,10,17,02,20,25. ,18,00030
3600341,2,2004,10,17,03,55,56. ,16,00025
3600341,3,2004,10,23,17,56,54. ,25,00101
3600341,2,2004,10,23,18,04,18. ,22,00060
3600341,2,2004,10,23,18,13,06. ,18,00041
3600341,3,2004,10,23,18,35,07. ,30,00154
3600341,1,2004,10,25,06,06,04. ,14,00027
3600341,2,2004,10,27,10,41,54. ,24,00071
3600341,2,2005,02,08,11,29,59. ,16,00063
3600341,3,2005,02,16,04,46,51. ,34,00281
3600341,1,2005,02,23,21,59,22. ,09,00028
3600341,1,2005,03,12,12,20,26. ,07,00037
3600341,1,2005,03,17,07,41,51. ,14,00046
3600341,3,2005,04,11,07,22,35. ,32,00155
3600341,1,2005,04,11,15,35,18. ,14,00053
3600341,2,2005,04,17,20,09,17. ,19,00141
3600341,1,2005,05,07,04,52,47. ,09,00039
3600341,2,2005,05,19,10,15,08. ,18,00035
3600341,1,2005,06,01,19,06,11. ,08,00026
3600341,2,2005,06,01,20,44,17. ,16,00061
3600341,1,2005,06,09,09,29,09. ,10,00032
3600341,2,2005,06,20,01,15,49. ,24,00127
3600341,4,2005,07,23,16,35,10. ,44,00805
3600341,1,2005,07,23,16,37,53. ,14,00032
3600341,1,2005,07,24,18,13,18. ,13,00033
3600341,2,2005,07,28,19,15,52. ,24,00083
3600341,2,2005,08,07,01,05,46. ,23,00116
3600341,4,2005,08,16,11,47,46. ,40,00435
3600341,3,2005,10,16,16,06,07. ,27,00233
3600341,3,2005,10,19,20,45,27. ,25,00088
3600341,2,2005,11,15,06,41,11. ,15,00036
3600341,2,2005,12,02,22,14,57. ,21,00044
3600341,2,2005,12,17,03,33,56. ,19,00042
3600341,1,2005,12,28,23,04,02. ,12,00026
3600341,2,2006,02,01,20,36,22. ,21,00100
3600341,2,2006,02,03,13,38,50. ,17,00029
3600341,1,2006,03,28,22,35,01. ,12,00026
3600341,2,2006,04,11,17,46,41. ,15,00035
3600341,2,2006,04,21,02,51,03. ,22,00128
3600341,1,2006,04,21,03,20,45. ,08,00026
3600341,3,2006,05,02,18,24,52. ,26,00251
3600341,1,2006,05,02,18,26,58. ,07,00036
3600341,1,2006,05,20,13,58,05. ,14,00045
3600341,2,2006,06,20,06,47,35. ,21,00124
3600341,3,2006,08,31,17,18,37. ,27,00278
3600341,2,2006,09,07,10,58,03. ,20,00083
3600341,3,2006,10,14,06,38,18. ,29,00283
3600341,1,2006,10,18,07,53,47. ,12,00041
3600341,1,2006,12,09,12,11,15. ,11,00030
3600341,1,2006,12,09,12,29,45. ,13,00047
3600341,1,2006,12,14,00,31,25. ,06,00033
3600341,1,2007,01,09,13,18,39. ,08,00027
3600341,2,2007,01,16,03,18,45. ,22,00085
3600341,1,2007,02,04,20,59,39. ,14,00052
3600341,2,2007,03,25,09,43,43. ,19,00035
3600341,1,2007,05,08,21,02,03. ,08,00030
3600341,1,2007,06,02,14,43,45. ,13,00037
3600341,1,2007,07,12,05,29,42. ,14,00073
3600341,3,2007,07,16,10,14,22. ,29,00116
3600341,1,2007,07,16,23,19,53. ,12,00028
3600341,1,2007,07,24,11,39,02. ,13,00044
3600341,2,2007,08,16,04,15,35. ,23,00065
3600341,2,2007,08,16,08,21,06. ,16,00034
3600341,2,2007,08,18,04,15,08. ,15,00033
3600341,1,2007,08,18,13,37,05. ,12,00031
3600341,2,2007,08,18,16,55,31. ,20,00070
3600341,2,2007,10,01,02,21,34. ,17,00042
3600341,1,2007,10,06,03,46,21. ,12,00040
3600341,1,2007,10,07,22,36,40. ,13,00033
3600341,2,2008,03,08,01,55,40. ,16,00032
3600341,1,2008,03,09,06,14,13. ,10,00034
3600341,1,2008,03,30,10,49,31. ,10,00028
3600341,1,2008,04,01,23,29,42. ,13,00042
3600341,2,2008,04,04,19,02,20. ,24,00090
3600341,1,2008,04,10,09,54,26. ,10,00027
3600341,1,2008,04,17,04,21,19. ,09,00028
3600341,1,2008,05,01,07,34,30. ,13,00038
3600341,2,2008,05,08,01,03,11. ,21,00047
3600341,2,2008,05,08,01,17,54. ,16,00027
3600341,3,2008,05,08,01,46,06. ,31,00193
3600341,2,2008,05,09,07,43,31. ,17,00065
3600341,1,2008,05,09,07,48,25. ,08,00034
3600341,3,2008,06,14,08,45,39. ,25,00080
3600341,1,2008,06,22,12,48,58. ,09,00028
3600341,3,2008,07,19,11,41,00. ,27,00090
3600341,2,2008,07,21,20,32,05. ,17,00033
3600341,3,2008,07,24,00,28,19. ,26,00103
3600341,2,2008,08,08,12,57,16. ,16,00064
3600341,1,2008,08,20,15,13,55. ,14,00054
3600341,2,2008,08,22,20,00,41. ,15,00032
3600341,1,2008,09,06,00,14,05. ,13,00026
3600341,2,2008,09,21,07,17,34. ,21,00140
3600341,2,2008,10,08,15,08,10. ,21,00083
3600341,1,2009,01,30,04,59,53. ,08,00041
3600341,2,2009,02,01,06,52,52. ,18,00039
3600341,2,2009,02,17,04,54,49. ,17,00101
3600341,2,2009,06,06,14,53,33. ,17,00036
3600341,3,2009,08,09,19,56,48. ,31,00202
3600341,3,2009,08,11,05,07,32. ,33,00277
3600341,2,2009,08,13,07,50,08. ,23,00083
3600341,1,2009,08,21,08,51,38. ,09,00029
3600341,2,2009,09,04,11,30,56. ,21,00086
3600341,2,2009,11,14,04,23,43. ,20,00104
3600341,1,2009,12,17,23,45,50. ,12,00034
3600341,1,2009,12,18,05,25,53. ,07,00042
3600341,2,2009,12,18,05,42,05. ,21,00078
3600341,1,2009,12,18,08,46,01. ,13,00051
3600341,1,2010,03,13,21,47,41. ,13,00028
3600341,3,2010,03,14,17,09,29. ,26,00088
3600341,1,2010,03,16,07,30,56. ,13,00049
3600341,1,2010,06,06,07,19,55. ,12,00042
3600341,2,2010,06,13,12,34,10. ,17,00043
3600341,2,2010,07,05,06,58,25. ,17,00028
3600341,1,2010,09,27,02,55,23. ,13,00054
3600341,2,2010,11,05,19,14,30. ,17,00044
3600341,2,2010,11,30,12,27,52. ,24,00090
3600341,2,2010,12,06,03,20,26. ,19,00090
3600341,2,2010,12,22,02,23,43. ,17,00036
3600341,2,2011,02,05,10,56,45. ,24,00137
3600341,1,2011,02,26,04,13,07. ,13,00044
3600341,2,2011,03,09,11,47,25. ,24,00074
3600341,2,2011,03,10,03,18,17. ,24,00068
3600341,1,2011,03,10,06,24,25. ,13,00023
3600341,B,2011,03,11,14,47,45. ,52,01660
3600341,3,2011,03,11,14,53,25. ,27,00100
3600341,2,2011,03,11,14,56,28. ,17,00037
3600341,2,2011,03,11,14,59,33. ,20,00047
3600341,1,2011,03,11,15,06,24. ,14,00025
3600341,2,2011,03,11,15,09,04. ,23,00073
3600341,2,2011,03,11,15,12,04. ,23,00078
3600341,4,2011,03,11,15,15,05. ,44,00641
3600341,2,2011,03,11,15,21,04. ,22,00047
3600341,2,2011,03,11,15,27,19. ,17,00051
3600341,2,2011,03,11,15,57,53. ,22,00051
3600341,2,2011,03,11,16,15,03. ,17,00029
3600341,2,2011,03,11,16,19,16. ,17,00031
3600341,1,2011,03,11,16,27,47. ,11,00024
3600341,2,2011,03,11,16,32,23. ,15,00026
3600341,1,2011,03,11,16,45,54. ,14,00023
3600341,2,2011,03,11,17,13,09. ,21,00056
3600341,2,2011,03,11,17,20,15. ,22,00073
3600341,2,2011,03,11,17,29,44. ,18,00031
3600341,1,2011,03,11,17,32,17. ,14,00035
3600341,2,2011,03,11,17,42,01. ,18,00066
3600341,1,2011,03,11,19,22,33. ,11,00023
3600341,2,2011,03,11,20,21,45. ,18,00050
3600341,2,2011,03,11,20,38,47. ,18,00028
3600341,2,2011,03,11,21,14,30. ,17,00035
3600341,1,2011,03,11,22,17,56. ,14,00031
3600341,2,2011,03,11,23,01,27. ,15,00027
3600341,2,2011,03,12,00,14,20. ,21,00075
3600341,2,2011,03,12,00,20,57. ,20,00041
3600341,2,2011,03,12,03,12,49. ,19,00039
3600341,2,2011,03,12,04,00,17. ,20,00047
3600341,2,2011,03,12,04,25,12. ,22,00071
3600341,1,2011,03,12,05,35,41. ,12,00030
3600341,2,2011,03,12,10,49,12. ,15,00026
3600341,2,2011,03,12,22,16,48. ,18,00044
3600341,1,2011,03,13,07,14,21. ,12,00022
3600341,2,2011,03,13,08,26,16. ,16,00035
3600341,2,2011,03,13,10,27,08. ,21,00070
3600341,2,2011,03,14,10,03,22. ,23,00080
3600341,2,2011,03,14,15,14,33. ,15,00023
3600341,1,2011,03,15,01,36,24. ,07,00038
3600341,2,2011,03,15,04,59,58. ,19,00143
3600341,2,2011,03,15,22,29,32. ,17,00036
3600341,3,2011,03,15,22,32,06. ,33,00254
3600341,2,2011,03,16,05,30,46. ,17,00034
3600341,2,2011,03,16,12,52,26. ,23,00065
3600341,3,2011,03,16,22,39,31. ,26,00137
3600341,3,2011,03,17,21,32,42. ,26,00099
3600341,2,2011,03,17,21,55,50. ,19,00046
3600341,2,2011,03,18,17,02,24. ,16,00027
3600341,1,2011,03,19,01,49,36. ,07,00032
3600341,3,2011,03,19,18,57,37. ,28,00137
3600341,2,2011,03,22,12,39,16. ,23,00062
3600341,2,2011,03,22,16,20,02. ,17,00030
3600341,3,2011,03,22,18,20,21. ,27,00108
3600341,2,2011,03,22,21,05,19. ,17,00027
3600341,2,2011,03,22,22,51,57. ,16,00032
3600341,2,2011,03,23,07,13,32. ,18,00040
3600341,2,2011,03,23,07,35,55. ,23,00105
3600341,2,2011,03,24,08,57,20. ,18,00068
3600341,1,2011,03,24,17,23,05. ,13,00022
3600341,1,2011,03,25,20,38,34. ,12,00028
3600341,2,2011,03,28,07,25,45. ,17,00033
3600341,2,2011,03,29,19,56,05. ,18,00033
3600341,1,2011,03,30,21,52,40. ,14,00022
3600341,2,2011,04,02,16,56,24. ,21,00075
3600341,1,2011,04,05,04,30,50. ,13,00039
3600341,2,2011,04,07,23,33,44. ,18,00046
3600341,2,2011,04,10,06,23,30. ,17,00054
3600341,1,2011,04,11,06,36,48. ,09,00022
3600341,4,2011,04,11,17,16,50. ,35,/////
3600341,2,2011,04,11,17,19,32. ,17,00029
3600341,1,2011,04,11,17,27,35. ,13,00029
3600341,2,2011,04,11,18,06,19. ,16,00049
3600341,3,2011,04,11,20,43,29. ,26,00086
3600341,3,2011,04,12,08,08,41. ,29,00162
3600341,3,2011,04,12,14,08,38. ,27,00105
3600341,2,2011,04,13,08,37,14. ,15,00025
3600341,2,2011,04,13,10,08,52. ,22,00061
3600341,1,2011,04,14,07,36,46. ,12,00032
3600341,2,2011,04,14,12,10,00. ,19,00046
3600341,3,2011,04,16,11,19,53. ,30,00242
3600341,2,2011,04,18,03,09,13. ,18,00097
3600341,1,2011,04,19,02,37,30. ,14,00077
3600341,2,2011,04,19,23,10,50. ,19,00063
3600341,1,2011,04,20,08,07,48. ,13,00030
3600341,3,2011,04,21,22,37,23. ,29,00154
3600341,1,2011,04,22,01,12,33. ,14,00032
3600341,1,2011,04,25,18,01,07. ,09,00025
3600341,2,2011,04,26,21,12,30. ,16,00039
3600341,1,2011,05,01,10,45,44. ,13,00044
3600341,1,2011,05,13,05,52,33. ,07,00028
3600341,2,2011,05,14,08,37,08. ,17,00034
3600341,2,2011,05,20,09,47,05. ,18,00036
3600341,1,2011,05,20,17,53,33. ,10,00026
3600341,2,2011,05,22,07,06,56. ,22,00070
3600341,1,2011,05,25,09,19,47. ,10,00027
3600341,1,2011,06,03,10,34,01. ,11,00027
3600341,1,2011,06,04,01,01,15. ,12,00027
3600341,1,2011,06,09,19,39,38. ,14,00023
3600341,2,2011,06,18,20,33,13. ,15,00022
3600341,1,2011,06,21,17,50,53. ,14,00023
3600341,2,2011,06,23,06,53,29. ,19,00045
3600341,1,2011,07,07,00,16,33. ,14,00022
3600341,1,2011,07,08,03,36,48. ,13,00025
3600341,2,2011,07,10,09,58,44. ,23,00080
3600341,3,2011,07,15,21,01,41. ,27,00156
3600341,2,2011,07,25,03,52,46. ,17,00043
3600341,2,2011,07,25,20,55,44. ,19,00035
3600341,3,2011,07,31,03,54,49. ,26,00106
3600341,3,2011,08,01,23,58,41. ,26,00105
3600341,2,2011,08,02,12,38,08. ,16,00089
3600341,1,2011,08,03,04,26,28. ,13,00051
3600341,1,2011,08,05,06,52,07. ,09,00024
3600341,2,2011,08,12,03,23,02. ,21,00055
3600341,1,2011,08,17,09,23,50. ,09,00032
3600341,2,2011,08,19,14,37,52. ,19,00045
3600341,1,2011,08,22,17,36,53. ,14,00039
3600341,2,2011,08,31,18,33,13. ,21,00113
3600341,2,2011,09,04,05,53,16. ,17,00069
3600341,1,2011,09,11,19,09,51. ,13,00049
3600341,2,2011,09,15,17,01,07. ,22,00062
3600341,1,2011,09,21,22,31,46. ,11,00032
3600341,2,2011,09,29,19,06,13. ,17,00035
3600341,1,2011,10,10,11,47,15. ,11,00027
3600341,2,2011,10,14,18,27,20. ,18,00056
3600341,2,2011,11,03,19,34,54. ,22,00106
3600341,2,2011,11,24,04,25,50. ,15,00029
3600341,3,2011,12,03,05,55,50. ,25,00099
3600341,1,2011,12,08,05,43,49. ,10,00037
3600341,1,2011,12,10,13,19,51. ,09,00035
3600341,3,2012,01,01,14,29,55. ,30,00207
3600341,1,2012,01,12,12,21,50. ,12,00023
3600341,1,2012,01,17,12,30,44. ,14,00028
3600341,1,2012,01,18,10,25,25. ,10,00031
3600341,1,2012,01,23,20,46,54. ,12,00022
3600341,2,2012,01,28,07,40,04. ,17,00087
3600341,2,2012,01,28,07,43,26. ,24,00185
3600341,1,2012,01,28,08,05,08. ,08,00041
3600341,2,2012,01,29,16,47,04. ,19,00075
3600341,2,2012,02,07,22,38,19. ,16,00047
3600341,2,2012,02,11,10,27,24. ,17,00061
3600341,2,2012,02,14,15,23,10. ,17,00033
3600341,2,2012,02,19,14,55,37. ,20,00054
3600341,2,2012,02,29,18,01,25. ,18,00035
3600341,2,2012,03,01,07,33,15. ,19,00055
3600341,2,2012,03,10,02,26,21. ,15,00030
3600341,2,2012,03,14,21,05,27. ,20,00071
3600341,2,2012,03,16,04,20,45. ,17,00055
3600341,2,2012,03,27,20,03,32. ,15,00021
3600341,2,2012,04,01,23,05,24. ,18,00044
3600341,2,2012,04,13,19,11,19. ,16,00029
3600341,2,2012,04,25,05,22,44. ,23,00082
3600341,2,2012,04,29,19,29,23. ,23,00073
3600341,2,2012,05,18,17,19,15. ,22,00097
3600341,3,2012,05,29,01,37,06. ,31,00358
3600341,3,2012,06,01,17,48,24. ,28,00205
3600341,2,2012,06,06,04,32,19. ,24,00068
3600341,1,2012,06,17,16,13,47. ,08,00024
3600341,3,2012,07,03,11,31,17. ,34,00489
3600341,1,2012,07,16,04,32,02. ,12,00037
3600341,1,2012,08,03,22,20,05. ,12,00028
3600341,1,2012,08,13,13,48,43. ,11,00035
3600341,2,2012,08,20,20,43,18. ,20,00066
3600341,2,2012,09,14,02,22,39. ,15,00032
3600341,1,2012,10,30,11,16,17. ,10,00030
3600341,2,2012,11,16,17,26,56. ,19,00040
3600341,1,2012,11,22,23,19,57. ,11,00031
3600341,3,2012,11,24,18,00,05. ,31,00362
3600341,2,2012,12,07,05,32,28. ,17,00050
3600341,4,2012,12,07,17,20,20. ,35,00331
3600341,1,2012,12,13,20,56,31. ,11,00033
3600341,2,2013,01,22,04,47,38. ,15,00040
3600341,1,2013,02,01,01,05,16. ,08,00030
3600341,1,2013,02,01,23,07,10. ,14,00044
3600341,2,2013,02,02,23,21,08. ,17,00035
3600341,2,2013,02,19,21,28,23. ,20,00043
3600341,1,2013,02,24,11,36,11. ,09,00035
3600341,2,2013,02,25,16,24,44. ,20,00041
3600341,1,2013,03,02,01,36,01. ,08,00028
3600341,1,2013,03,14,05,03,21. ,13,00047
3600341,1,2013,04,14,10,22,36. ,14,00036
3600341,2,2013,04,21,12,25,00. ,15,00032
3600341,2,2013,05,18,14,49,41. ,16,00028
3600341,1,2013,07,15,01,07,57. ,08,00033
3600341,1,2013,08,25,23,25,46. ,14,00038
3600341,3,2013,09,04,09,21,01. ,29,00184
3600341,1,2013,09,16,12,53,36. ,11,00042
3600341,2,2013,09,20,02,26,05. ,22,00081
3600341,2,2013,10,26,02,11,51. ,22,00080
3600341,2,2013,11,03,14,25,42. ,20,00053
3600341,3,2013,11,10,07,38,15. ,28,00159
3600341,3,2013,11,16,20,44,55. ,29,00259
3600341,1,2013,11,17,00,46,20. ,12,00045
3600341,2,2013,11,29,01,15,18. ,23,00163
3600341,2,2013,12,14,13,06,52. ,20,00063
3600341,2,2013,12,21,01,11,12. ,24,00150
3600341,2,2013,12,21,10,34,50. ,21,00049
3600341,1,2014,01,17,18,53,42. ,13,00035
3600341,2,2014,02,11,04,15,23. ,18,00075
3600341,2,2014,03,12,05,04,57. ,21,00081
3600341,1,2014,03,19,02,25,08. ,10,00029
3600341,2,2014,03,30,12,24,00. ,17,00076
3600341,1,2014,04,10,13,19,28. ,12,00040
3600341,2,2014,04,18,07,53,32. ,21,00065
3600341,4,2014,05,05,05,18,49. ,37,00526
3600341,2,2014,05,13,08,35,26. ,23,00105
3600341,1,2014,06,09,17,59,10. ,11,00048
3600341,1,2014,06,17,02,43,13. ,13,00032
3600341,1,2014,06,20,01,44,09. ,13,00048
3600341,1,2014,07,03,07,30,09. ,10,00037
3600341,3,2014,07,12,04,23,26. ,27,00086
3600341,1,2014,07,28,03,09,39. ,12,00031
3600341,1,2014,08,24,17,27,21. ,10,00032
3600341,3,2014,09,16,12,28,47. ,30,00174
3600341,2,2014,11,12,09,54,00. ,16,00061
3600341,1,2014,11,20,10,53,11. ,14,00032
3600341,3,2014,11,22,22,09,07. ,25,00075
3600341,1,2014,12,11,15,08,13. ,12,00035
3600341,2,2014,12,20,18,31,25. ,18,00033
3600341,1,2014,12,31,23,50,14. ,08,00026
3600341,1,2015,02,07,15,19,31. ,12,00032
3600341,2,2015,02,17,08,09,28. ,17,00034
3600341,1,2015,02,23,17,00,33. ,13,00035
3600341,1,2015,05,03,15,54,29. ,13,00040
3600341,3,2015,05,13,06,14,59. ,25,00072
3600341,3,2015,05,25,14,28,29. ,30,00212
3600341,1,2015,05,30,01,07,19. ,14,00034
3600341,4,2015,05,30,20,26,39. ,41,00522
3600341,1,2015,06,09,05,44,38. ,09,00039
3600341,2,2015,08,06,18,23,11. ,15,00033
3600341,3,2015,09,12,05,49,17. ,28,00277
3600341,1,2015,10,21,15,05,53. ,10,00028
3600341,2,2015,10,24,13,14,21. ,15,00050
3600341,2,2015,11,07,22,45,19. ,16,00045
3600341,1,2015,12,26,23,21,05. ,11,00057
3600341,2,2016,02,05,07,41,54. ,24,00178
3600341,2,2016,02,07,19,27,23. ,16,00071
3600341,3,2016,05,16,21,23,17. ,32,00216
3600341,1,2016,05,24,01,43,22. ,12,00041
3600341,2,2016,06,12,07,54,48. ,16,00044
3600341,2,2016,07,17,13,24,28. ,23,00153
3600341,3,2016,07,19,12,58,14. ,25,00096
3600341,2,2016,07,20,07,25,59. ,23,00081
3600341,2,2016,07,27,23,48,00. ,18,00036
3600341,1,2016,08,14,05,15,48. ,11,00023
3600341,2,2016,09,07,13,29,20. ,17,00061
3600341,1,2016,09,13,08,31,06. ,12,00030
3600341,2,2016,09,13,19,12,53. ,19,00076
3600341,2,2016,10,26,19,13,00. ,15,00057
3600341,2,2016,11,12,06,44,51. ,15,00033
3600341,1,2016,11,17,01,02,20. ,14,00047
3600341,3,2016,11,22,06,00,54. ,31,00147
3600341,2,2016,11,24,06,24,50. ,17,00037
3600341,3,2016,12,28,21,39,42. ,26,00107
3600341,2,2017,02,19,18,20,06. ,20,00049
3600341,2,2017,02,28,16,50,17. ,16,00042
3600341,1,2017,03,22,00,15,57. ,05,00028
3600341,1,2017,06,13,04,04,47. ,14,00049
3600341,2,2017,07,20,09,12,42. ,18,00040
3600341,1,2017,07,21,16,08,09. ,14,00040
3600341,2,2017,08,02,02,02,57. ,20,00103
3600341,1,2017,08,02,07,16,27. ,14,00047
3600341,2,2017,08,03,13,45,33. ,17,00041
3600341,3,2017,08,10,09,36,55. ,27,00196
3600341,1,2017,08,14,18,12,06. ,13,00045
3600341,1,2017,09,14,09,27,35. ,13,00041
3600341,2,2017,10,06,23,57,40. ,19,00040
3600341,1,2017,12,02,00,12,58. ,10,00042
3600341,2,2017,12,27,22,05,52. ,17,00067
3600341,1,2018,01,02,19,48,59. ,13,00036
3600341,3,2018,01,06,00,54,34. ,31,00352
3600341,2,2018,02,26,01,30,03. ,18,00048
3600341,1,2018,03,18,12,59,28. ,13,00037
3600341,1,2018,05,04,02,07,34. ,14,00044
3600341,1,2018,05,04,02,18,05. ,14,00048
3600341,1,2018,05,15,14,01,00. ,14,00048
3600341,2,2018,05,17,12,13,09. ,18,00048
3600341,1,2018,06,17,15,28,00. ,07,00028
3600341,3,2018,07,07,20,24,08. ,29,00197
3600341,1,2018,09,18,17,11,41. ,10,00031
3600341,2,2018,10,12,13,16,25. ,18,00036
3600341,2,2018,11,27,08,34,19. ,23,00071
3600341,1,2019,01,08,01,35,47. ,11,00043
3600341,2,2019,01,14,13,24,14. ,16,00040
3600341,2,2019,01,18,21,46,57. ,24,00109
3600341,2,2019,05,25,15,21,09. ,21,00067
3600341,2,2019,06,01,07,58,33. ,16,00050
3600341,1,2019,06,11,10,59,32. ,09,00031
3600341,2,2019,06,17,08,00,55. ,16,00043
3600341,1,2019,06,20,01,56,16. ,13,00050
3600341,3,2019,06,24,09,11,58. ,28,00343
3600341,1,2019,07,08,22,54,41. ,14,00048
3600341,2,2019,07,25,07,14,53. ,16,00036
3600341,2,2019,07,28,03,32,58. ,22,00082
3600341,2,2019,07,30,05,39,01. ,16,00043
3600341,3,2019,08,04,19,24,24. ,28,00107
3600341,1,2019,08,23,20,49,54. ,12,00040
3600341,1,2019,08,27,00,13,51. ,08,00023
3600341,1,2019,10,09,04,58,55. ,13,00048
3600341,2,2019,10,12,18,22,16. ,22,00126
3600341,2,2019,11,22,05,24,18. ,16,00041
3600341,1,2019,12,03,10,18,36. ,11,00036
3600341,1,2019,12,04,10,39,47. ,11,00032
3600341,2,2019,12,14,03,24,22. ,15,00051
3600341,2,2020,01,03,03,25,00. ,18,00031
3600341,2,2020,01,14,04,54,17. ,24,00090
3600341,3,2020,02,01,02,08,14. ,25,00103
3600341,1,2020,02,12,19,38,27. ,10,00031
3600341,2,2020,04,12,00,45,19. ,22,00086
3600341,2,2020,04,26,09,49,41. ,18,00099
3600341,2,2020,05,04,22,08,25. ,17,00040
3600341,2,2020,05,06,01,57,21. ,24,00137
3600341,1,2020,06,01,06,02,58. ,14,00030
3600341,3,2020,06,25,04,48,13. ,27,00100
3600341,2,2020,07,09,06,05,56. ,20,00061
3600341,1,2020,08,04,20,22,15. ,06,00025
3600341,1,2020,08,09,21,54,58. ,12,00039
3600341,2,2020,09,12,11,46,18. ,18,00042
3600341,2,2020,10,28,15,58,56. ,20,00106
3600341,2,2020,11,22,19,06,45. ,21,00063
3600341,1,2020,12,17,16,43,12. ,14,00046
3600341,2,2020,12,21,02,26,20. ,21,00042
3600341,2,2020,12,30,09,36,12. ,15,00040
3600341,2,2021,02,06,14,10,53. ,17,00064
3600341,4,2021,02,13,23,09,30. ,37,00350
3600341,2,2021,03,16,04,56,48. ,19,00068
3600341,4,2021,03,20,18,11,18. ,35,00285
3600341,2,2021,03,28,09,27,28. ,15,00047
3600341,3,2021,05,01,10,28,58. ,26,00102
3600341,2,2021,05,14,08,59,46. ,20,00048
3600341,2,2021,06,07,03,11,45. ,15,00037
3600341,1,2021,06,09,17,27,57. ,11,00059
3600341,1,2021,08,12,20,36,40. ,10,00033
3600341,1,2021,09,14,07,48,02. ,14,00032
3600341,2,2021,09,29,17,39,27. ,16,00039
3600341,4,2021,10,07,22,41,37. ,42,00766
3600341,1,2021,10,28,09,55,55. ,14,00069
3600341,2,2021,11,01,06,15,30. ,18,00037
3600341,1,2021,11,12,11,14,15. ,13,00032
3600341,2,2021,11,17,02,55,02. ,17,00117
3600341,2,2021,11,20,08,57,50. ,16,00053
3600341,1,2021,11,29,21,43,01. ,14,00033
3600341,2,2021,12,02,01,59,11. ,15,00045
3600341,1,2021,12,03,02,18,20. ,12,00045
3600341,2,2021,12,03,06,38,00. ,24,00146
3600341,3,2021,12,12,12,31,15. ,26,00113
