station,intensity,year,month,day,hour,minute,second,intensity_equip,acceleration_max_comb
5712330,2,2002,09,16,10,11,21. ,17,00114
5712330,3,2002,10,23,06,22,32. ,25,00607
5712330,1,2003,01,18,13,57,41. ,10,00154
5712330,2,2003,03,28,05,31,52. ,22,00757
5712330,2,2003,04,02,01,38,37. ,22,00507
5712330,2,2003,05,09,12,47,05. ,15,00327
5712330,1,2003,06,30,04,26,59. ,12,00320
5712330,1,2003,07,10,14,51,41. ,06,00087
5712330,1,2004,05,20,22,34,44. ,05,00161
5712330,1,2004,05,23,14,17,43. ,07,00166
5712330,1,2005,03,19,15,03,53. ,11,00157
5712330,1,2005,03,20,10,55,00. ,14,00058
5712330,1,2005,07,28,09,11,19. ,09,00075
5712330,1,2005,12,19,20,59,05. ,08,00086
5712330,1,2005,12,19,21,25,46. ,05,00113
5712330,3,2006,06,12,05,02,31. ,26,00236
5712330,1,2007,03,03,15,59,39. ,12,00089
5712330,2,2007,04,26,09,03,41. ,20,00162
5712330,2,2007,05,13,08,13,59. ,20,00310
5712330,1,2010,02,21,11,50,25. ,06,00034
5712330,2,2010,06,07,07,43,06. ,15,00232
5712330,1,2010,06,09,18,00,52. ,11,00170
5712330,4,2011,06,04,01,57,33. ,41,03408
5712330,2,2011,06,04,02,03,24. ,17,00383
5712330,1,2011,06,05,01,31,21. ,10,00285
5712330,1,2011,06,05,10,06,09. ,11,00240
5712330,3,2011,06,16,23,32,23. ,26,00816
5712330,1,2011,06,18,15,45,59. ,05,00130
5712330,1,2011,07,12,05,19,22. ,07,00124
5712330,2,2011,11,14,15,53,02. ,17,00395
5712330,3,2011,11,21,19,16,36. ,32,00855
5712330,3,2011,11,25,04,35,33. ,31,00681
5712330,1,2011,11,25,04,52,31. ,05,00118
5712330,1,2012,01,07,05,02,20. ,08,00214
5712330,1,2012,07,25,04,19,57. ,06,00092
5712330,1,2012,10,14,15,34,21. ,11,00120
5712330,1,2012,10,27,04,45,27. ,06,00031
5712330,1,2013,01,27,15,40,18. ,12,00308
5712330,1,2013,01,27,16,56,00. ,07,00146
5712330,1,2013,04,13,05,33,55. ,12,00046
5712330,1,2013,11,04,22,59,18. ,05,00084
5712330,1,2013,11,17,18,18,25. ,12,00308
5712330,3,2014,03,14,02,07,17. ,29,00412
5712330,1,2014,04,22,15,23,32. ,11,00186
5712330,1,2014,05,21,16,47,31. ,05,00056
5712330,1,2014,09,09,05,07,10. ,11,00406
5712330,2,2014,09,15,16,23,05. ,19,00296
5712330,1,2014,09,23,19,09,21. ,13,00304
5712330,1,2014,09,23,19,26,22. ,06,00112
5712330,1,2015,04,26,06,17,03. ,12,00189
5712330,1,2015,07,13,02,53,08. ,09,00028
5712330,1,2016,01,21,07,14,17. ,13,00140
5712330,1,2016,02,08,15,22,35. ,09,00088
5712330,2,2016,04,16,01,26,00. ,16,00035
5712330,1,2016,06,20,09,08,40. ,09,00083
5712330,1,2016,08,23,12,27,40. ,13,00185
5712330,3,2016,10,21,14,07,43. ,28,00397
5712330,1,2016,10,21,14,53,43. ,10,00048
5712330,1,2016,12,10,09,09,13. ,09,00088
5712330,1,2017,03,10,07,13,55. ,12,00298
5712330,1,2017,08,04,12,31,12. ,07,00070
5712330,A,2018,04,09,01,32,33. ,47,05235
5712330,1,2018,04,09,01,34,30. ,09,00131
5712330,3,2018,04,09,01,43,55. ,31,01446
5712330,1,2018,04,09,01,45,50. ,08,00200
5712330,1,2018,04,09,01,47,51. ,14,00234
5712330,1,2018,04,09,01,53,27. ,09,00163
5712330,3,2018,04,09,01,56,48. ,30,01050
5712330,2,2018,04,09,01,57,40. ,15,00242
5712330,2,2018,04,09,02,03,53. ,23,00587
5712330,4,2018,04,09,02,10,57. ,35,01558
5712330,1,2018,04,09,02,11,50. ,07,00141
5712330,1,2018,04,09,02,19,20. ,08,00101
5712330,1,2018,04,09,02,24,20. ,07,00138
5712330,2,2018,04,09,02,30,35. ,21,00521
5712330,1,2018,04,09,02,32,30. ,06,00096
5712330,1,2018,04,09,02,35,18. ,11,00161
5712330,2,2018,04,09,02,49,15. ,17,00352
5712330,1,2018,04,09,03,00,44. ,05,00102
5712330,2,2018,04,09,03,46,32. ,15,00195
5712330,2,2018,04,09,03,57,37. ,16,00224
5712330,1,2018,04,09,04,33,29. ,09,00107
5712330,2,2018,04,09,04,39,56. ,17,00279
5712330,3,2018,04,09,05,05,45. ,26,00978
5712330,1,2018,04,09,05,14,47. ,11,00137
5712330,2,2018,04,09,06,38,51. ,15,00321
5712330,1,2018,04,09,07,34,28. ,11,00129
5712330,1,2018,04,09,09,27,44. ,08,00149
5712330,1,2018,04,09,13,50,07. ,10,00143
5712330,1,2018,04,09,19,52,32. ,05,00059
5712330,1,2018,04,10,07,13,26. ,06,00115
5712330,1,2018,04,13,10,59,16. ,11,00124
5712330,1,2018,04,14,07,48,26. ,07,00096
5712330,1,2018,04,18,15,10,07. ,06,00079
5712330,3,2018,04,23,01,01,52. ,25,00717
5712330,1,2018,04,28,03,42,42. ,11,00205
5712330,2,2018,04,29,14,35,14. ,15,00307
5712330,1,2018,05,17,16,34,24. ,13,00224
5712330,1,2018,05,28,06,11,34. ,06,00222
5712330,2,2018,06,26,17,00,15. ,23,00279
5712330,1,2018,09,03,06,48,15. ,05,00032
5712330,1,2018,09,06,16,17,23. ,07,00136
5712330,1,2019,05,17,14,42,28. ,12,00142
5712330,1,2019,10,15,03,48,59. ,09,00168
5712330,1,2019,11,26,15,09,37. ,06,00042
5712330,1,2020,02,14,07,25,43. ,05,00091
5712330,1,2020,09,05,10,44,13. ,10,00130
5712330,1,2021,07,17,20,50,39. ,07,00036
5712330,1,2021,08,02,09,37,33. ,11,00112
5712330,1,2021,08,18,01,31,09. ,12,00147
5712330,1,2021,12,03,09,29,44. ,05,00023
