station,intensity,year,month,day,hour,minute,intensity_equip,acceleration_max_comb
2504833,3,2001,12,23,01,41,28,00394
2504833,3,2002,01,29,08,45,25,00303
2504833,3,2002,02,12,22,45,27,00387
2504833,2,2002,07,24,05,06,22,00165
2504833,2,2002,10,12,20,00,18,00103
2504833,2,2002,10,21,01,06,19,00098
2504833,3,2002,11,03,12,38,27,00259
2504833,3,2003,02,16,12,04,27,00496
2504833,3,2003,03,03,07,47,28,00473
2504833,4,2003,05,26,18,24,41,01786
2504833,3,2003,06,16,18,34,27,00044
2504833,3,2003,07,26,00,13,27,00335
2504833,3,2003,07,26,07,13,34,00676
2504833,2,2003,07,26,10,22,18,00150
2504833,2,2003,07,26,16,57,24,00261
2504833,2,2003,07,28,04,08,18,00123
2504833,2,2003,10,31,10,07,24,00185
2504833,4,2004,01,23,18,01,38,02021
2504833,2,2004,04,04,08,02,23,00219
2504833,3,2004,05,29,12,47,28,00413
2504833,2,2004,06,27,04,43,19,00164
2504833,3,2004,08,19,20,41,25,00320
2504833,2,2004,09,01,11,50,23,00222
2504833,2,2004,10,17,03,55,19,00114
2504833,2,2004,12,29,22,59,16,00073
2504833,3,2005,01,01,05,14,29,00153
2504833,2,2005,04,04,02,57,21,00210
2504833,A,2005,08,16,11,46,45,02277
2504833,2,2005,10,12,13,30,18,00061
2504833,2,2005,10,18,03,48,20,00180
2504833,3,2005,10,19,20,45,28,00299
2504833,3,2005,10,22,22,13,26,00313
2504833,3,2005,11,15,06,39,27,00324
2504833,3,2005,12,02,22,13,26,00257
2504833,2,2005,12,05,07,21,22,00146
2504833,3,2005,12,17,03,32,27,00305
2504833,3,2006,01,18,23,25,26,00372
2504833,2,2006,07,01,08,28,18,00132
2504833,3,2007,11,26,22,52,25,00229
2504833,2,2007,12,25,23,05,21,00153
2504833,2,2008,03,08,01,55,19,00124
2504833,2,2008,05,02,14,41,17,00074
2504833,2,2008,05,08,01,02,19,00122
2504833,3,2008,05,08,01,45,28,00290
2504833,2,2008,06,02,00,59,19,00149
2504833,4,2008,06,14,08,44,42,02083
2504833,3,2008,06,14,23,43,27,00410
2504833,2,2008,07,05,16,49,21,00212
2504833,3,2008,07,19,11,39,29,00357
2504833,2,2008,07,21,20,31,21,00157
2504833,2,2008,07,22,17,47,19,00112
2504833,3,2008,07,24,00,26,33,00663
2504833,2,2008,08,22,20,00,18,00126
2504833,3,2008,10,30,00,49,30,00769
2504833,2,2009,01,03,16,13,23,00191
2504833,3,2009,02,01,06,52,25,00239
2504833,3,2009,02,17,09,13,26,00474
2504833,2,2009,04,21,18,58,21,00167
2504833,2,2009,04,28,06,38,18,00098
2504833,2,2009,06,01,00,33,24,00260
2504833,3,2009,08,09,19,58,25,00259
2504833,2,2009,08,13,07,50,16,00089
2504833,2,2009,10,23,10,29,20,00141
2504833,2,2010,02,21,09,57,19,00185
2504833,3,2010,03,13,21,46,33,01027
2504833,4,2010,03,14,17,08,41,01561
2504833,3,2010,06,13,12,33,32,00614
2504833,1,2010,07,27,08,31,09,00034
2504833,1,2010,08,03,07,31,12,00065
2504833,2,2010,08,05,08,54,16,00161
2504833,1,2010,08,08,01,03,13,00080
2504833,1,2010,08,08,06,08,10,00066
2504833,1,2010,08,21,23,26,08,00046
2504833,1,2010,09,01,03,28,05,00022
2504833,2,2010,09,01,16,33,24,00346
2504833,2,2010,09,29,17,00,16,00093
2504833,1,2010,09,30,21,47,13,00069
2504833,1,2010,10,08,15,53,09,00039
2504833,1,2010,10,08,21,17,11,00050
2504833,1,2010,10,18,21,09,07,00014
2504833,1,2010,11,05,07,31,13,00067
2504833,1,2010,11,24,20,09,13,00060
2504833,1,2010,11,25,05,05,06,00032
2504833,1,2010,11,30,12,28,14,00051
2504833,1,2010,12,11,19,45,10,00060
2504833,1,2010,12,15,08,54,06,00037
2504833,1,2010,12,22,02,24,10,00043
2504833,1,2010,12,27,05,58,12,00069
2504833,2,2011,01,01,08,01,19,00110
2504833,2,2011,01,03,04,10,16,00128
2504833,1,2011,01,03,13,45,05,00026
2504833,2,2011,01,12,01,01,17,00201
2504833,1,2011,01,17,16,14,07,00032
2504833,1,2011,02,10,12,11,08,00043
2504833,2,2011,02,10,22,03,23,00278
2504833,1,2011,02,21,20,34,12,00090
2504833,1,2011,02,26,16,35,06,00037
2504833,1,2011,02,26,18,58,09,00046
2504833,2,2011,02,27,00,39,16,00098
2504833,3,2011,03,09,11,45,27,00306
2504833,2,2011,03,10,03,16,21,00114
2504833,2,2011,03,10,06,25,23,00180
2504833,B,2011,03,11,14,47,53,05212
2504833,3,2011,03,11,14,51,31,00366
2504833,4,2011,03,11,14,54,35,00751
2504833,3,2011,03,11,14,56,25,00361
2504833,3,2011,03,11,14,57,30,00564
2504833,2,2011,03,11,15,01,15,00063
2504833,2,2011,03,11,15,04,24,00329
2504833,3,2011,03,11,15,06,27,00301
2504833,2,2011,03,11,15,07,20,00125
2504833,2,2011,03,11,15,08,20,00191
2504833,1,2011,03,11,15,10,14,00064
2504833,2,2011,03,11,15,11,15,00099
2504833,3,2011,03,11,15,12,34,00928
2504833,3,2011,03,11,15,15,30,00343
2504833,4,2011,03,11,15,16,36,/////
2504833,2,2011,03,11,15,19,18,00080
2504833,1,2011,03,11,15,21,14,00069
2504833,1,2011,03,11,15,22,07,/////
2504833,2,2011,03,11,15,23,21,00181
2504833,4,2011,03,11,15,26,36,01010
2504833,1,2011,03,11,15,25,12,00057
2504833,2,2011,03,11,15,28,16,00087
2504833,2,2011,03,11,15,29,17,00120
2504833,2,2011,03,11,15,31,16,00096
2504833,2,2011,03,11,15,33,19,00202
2504833,1,2011,03,11,15,34,11,00055
2504833,2,2011,03,11,15,37,19,00136
2504833,1,2011,03,11,15,38,09,00040
2504833,2,2011,03,11,15,41,19,00106
2504833,1,2011,03,11,15,42,14,00074
2504833,2,2011,03,11,15,44,21,00182
2504833,1,2011,03,11,15,46,10,00053
2504833,1,2011,03,11,15,48,10,00050
2504833,1,2011,03,11,15,49,13,00052
2504833,1,2011,03,11,15,50,10,00043
2504833,1,2011,03,11,15,53,11,00040
2504833,2,2011,03,11,15,55,17,00136
2504833,1,2011,03,11,15,56,09,00031
2504833,1,2011,03,11,15,57,13,00039
2504833,1,2011,03,11,15,58,11,00045
2504833,2,2011,03,11,15,59,17,00106
2504833,1,2011,03,11,16,01,10,00040
2504833,1,2011,03,11,16,03,10,00047
2504833,2,2011,03,11,16,05,15,00068
2504833,1,2011,03,11,16,07,08,00053
2504833,1,2011,03,11,16,09,10,00041
2504833,2,2011,03,11,16,11,17,00107
2504833,1,2011,03,11,16,14,13,00069
2504833,3,2011,03,11,16,15,27,00290
2504833,2,2011,03,11,16,16,23,00245
2504833,2,2011,03,11,16,18,20,00135
2504833,1,2011,03,11,16,20,14,00125
2504833,1,2011,03,11,16,22,12,00079
2504833,1,2011,03,11,16,23,08,00032
2504833,1,2011,03,11,16,25,05,00026
2504833,3,2011,03,11,16,26,30,00491
2504833,3,2011,03,11,16,29,31,00435
2504833,3,2011,03,11,16,30,32,01053
2504833,1,2011,03,11,16,31,12,00104
2504833,2,2011,03,11,16,35,17,00089
2504833,1,2011,03,11,16,36,12,00049
2504833,1,2011,03,11,16,37,09,00030
2504833,1,2011,03,11,16,38,05,00038
2504833,1,2011,03,11,16,39,06,00022
2504833,1,2011,03,11,16,40,08,00039
2504833,1,2011,03,11,16,41,14,00092
2504833,1,2011,03,11,16,43,11,00044
2504833,1,2011,03,11,16,44,10,00030
2504833,1,2011,03,11,16,45,10,00037
2504833,1,2011,03,11,16,46,08,00038
2504833,1,2011,03,11,16,48,09,00036
2504833,1,2011,03,11,16,49,13,00071
2504833,1,2011,03,11,16,51,05,00040
2504833,3,2011,03,11,16,54,32,00625
2504833,2,2011,03,11,16,56,18,00100
2504833,1,2011,03,11,17,00,09,00039
2504833,1,2011,03,11,17,02,08,00027
2504833,2,2011,03,11,17,03,17,/////
2504833,2,2011,03,11,17,05,20,00104
2504833,1,2011,03,11,17,10,14,/////
2504833,3,2011,03,11,17,12,25,00224
2504833,2,2011,03,11,17,16,15,00098
2504833,1,2011,03,11,17,17,10,00045
2504833,2,2011,03,11,17,19,23,00129
2504833,2,2011,03,11,17,27,20,00095
2504833,2,2011,03,11,17,28,20,00103
2504833,1,2011,03,11,17,29,05,00022
2504833,3,2011,03,11,17,31,33,00828
2504833,2,2011,03,11,17,33,18,00217
2504833,1,2011,03,11,17,34,10,00072
2504833,1,2011,03,11,17,36,13,00052
2504833,1,2011,03,11,17,39,11,00064
2504833,4,2011,03,11,17,41,43,03679
2504833,1,2011,03,11,17,44,09,00054
2504833,2,2011,03,11,17,47,16,00081
2504833,1,2011,03,11,17,48,09,00042
2504833,1,2011,03,11,17,49,10,00046
2504833,1,2011,03,11,17,50,12,00061
2504833,1,2011,03,11,17,52,13,00057
2504833,2,2011,03,11,17,53,18,00139
2504833,1,2011,03,11,17,56,08,00036
2504833,1,2011,03,11,18,01,08,00034
2504833,2,2011,03,11,18,04,15,00091
2504833,1,2011,03,11,18,06,10,00041
2504833,1,2011,03,11,18,10,12,00085
2504833,1,2011,03,11,18,12,10,00040
2504833,2,2011,03,11,18,15,19,00133
2504833,3,2011,03,11,18,16,32,00664
2504833,1,2011,03,11,18,20,14,00088
2504833,2,2011,03,11,18,28,20,00191
2504833,3,2011,03,11,18,34,26,00393
2504833,2,2011,03,11,18,35,15,00109
2504833,1,2011,03,11,18,38,05,00025
2504833,1,2011,03,11,18,41,10,00093
2504833,1,2011,03,11,18,42,08,00041
2504833,1,2011,03,11,18,48,07,00046
2504833,2,2011,03,11,18,52,24,00326
2504833,1,2011,03,11,18,55,13,00064
2504833,1,2011,03,11,18,57,14,00079
2504833,1,2011,03,11,18,58,12,00096
2504833,1,2011,03,11,19,01,14,00165
2504833,1,2011,03,11,19,05,08,00036
2504833,1,2011,03,11,19,11,14,00061
2504833,2,2011,03,11,19,13,16,00098
2504833,1,2011,03,11,19,16,06,00033
2504833,3,2011,03,11,19,21,25,00240
2504833,1,2011,03,11,19,27,10,00071
2504833,2,2011,03,11,19,35,20,00233
2504833,1,2011,03,11,19,39,08,00054
2504833,2,2011,03,11,19,46,17,00107
2504833,1,2011,03,11,19,58,10,00036
2504833,3,2011,03,11,20,01,30,00604
2504833,1,2011,03,11,20,06,08,00041
2504833,2,2011,03,11,20,07,16,00145
2504833,1,2011,03,11,20,08,10,00042
2504833,1,2011,03,11,20,13,12,00046
2504833,2,2011,03,11,20,17,17,00119
2504833,1,2011,03,11,20,21,14,00105
2504833,1,2011,03,11,20,24,10,00088
2504833,1,2011,03,11,20,26,10,00049
2504833,1,2011,03,11,20,29,07,00036
2504833,1,2011,03,11,20,30,06,00040
2504833,2,2011,03,11,20,31,17,00157
2504833,3,2011,03,11,20,37,25,00217
2504833,2,2011,03,11,20,40,21,00184
2504833,1,2011,03,11,20,41,08,00034
2504833,1,2011,03,11,20,42,11,00080
2504833,1,2011,03,11,20,45,14,00134
2504833,2,2011,03,11,20,47,16,00087
2504833,1,2011,03,11,20,57,09,00034
2504833,1,2011,03,11,20,58,12,00050
2504833,1,2011,03,11,21,00,05,00028
2504833,3,2011,03,11,21,13,25,00217
2504833,2,2011,03,11,21,16,17,00112
2504833,2,2011,03,11,21,21,20,00198
2504833,1,2011,03,11,21,25,08,00019
2504833,1,2011,03,11,21,34,09,00045
2504833,1,2011,03,11,21,36,08,00041
2504833,1,2011,03,11,21,53,08,00048
2504833,1,2011,03,11,21,55,13,00056
2504833,3,2011,03,11,21,56,25,00282
2504833,2,2011,03,11,22,16,21,00157
2504833,2,2011,03,11,22,17,16,00071
2504833,1,2011,03,11,22,23,11,00075
2504833,2,2011,03,11,22,33,18,00208
2504833,1,2011,03,11,22,35,09,00040
2504833,1,2011,03,11,22,36,09,00053
2504833,1,2011,03,11,22,37,07,00034
2504833,1,2011,03,11,22,43,09,00055
2504833,2,2011,03,11,22,47,16,00109
2504833,3,2011,03,11,22,56,27,00518
2504833,1,2011,03,11,22,59,13,00084
2504833,1,2011,03,11,23,01,13,00065
2504833,2,2011,03,11,23,10,21,00205
2504833,1,2011,03,11,23,27,10,00055
2504833,1,2011,03,11,23,29,12,00065
2504833,1,2011,03,11,23,31,08,00034
2504833,2,2011,03,11,23,44,19,00122
2504833,1,2011,03,11,23,51,08,00083
2504833,2,2011,03,11,23,56,16,00064
2504833,2,2011,03,12,00,06,17,00132
2504833,1,2011,03,12,00,08,14,00064
2504833,2,2011,03,12,00,14,16,00067
2504833,1,2011,03,12,00,15,12,00056
2504833,1,2011,03,12,00,20,14,00041
2504833,1,2011,03,12,00,26,13,00063
2504833,1,2011,03,12,00,27,05,00036
2504833,1,2011,03,12,00,33,10,00039
2504833,1,2011,03,12,00,42,05,00049
2504833,1,2011,03,12,00,49,09,00088
2504833,1,2011,03,12,00,51,08,00048
2504833,2,2011,03,12,01,05,16,00107
2504833,1,2011,03,12,01,50,09,00034
2504833,2,2011,03,12,01,57,17,00170
2504833,1,2011,03,12,02,08,06,00043
2504833,1,2011,03,12,02,13,10,00091
2504833,1,2011,03,12,02,15,07,00035
2504833,2,2011,03,12,02,30,19,00164
2504833,1,2011,03,12,02,39,08,00086
2504833,1,2011,03,12,02,47,07,00041
2504833,2,2011,03,12,02,56,22,00377
2504833,2,2011,03,12,03,11,20,00160
2504833,1,2011,03,12,03,17,08,00029
2504833,1,2011,03,12,03,37,07,00019
2504833,2,2011,03,12,03,44,24,00230
2504833,1,2011,03,12,03,46,08,00031
2504833,2,2011,03,12,04,03,16,00081
2504833,2,2011,03,12,04,09,16,00126
2504833,1,2011,03,12,04,16,10,00115
2504833,1,2011,03,12,04,24,09,00035
2504833,1,2011,03,12,04,25,10,00038
2504833,1,2011,03,12,04,32,10,00045
2504833,1,2011,03,12,04,35,06,00039
2504833,3,2011,03,12,04,45,25,00485
2504833,1,2011,03,12,04,59,10,00045
2504833,1,2011,03,12,05,10,13,00187
2504833,1,2011,03,12,05,12,12,00042
2504833,1,2011,03,12,05,25,12,00055
2504833,3,2011,03,12,05,26,27,00444
2504833,1,2011,03,12,05,27,12,00106
2504833,2,2011,03,12,05,35,15,00113
2504833,1,2011,03,12,05,37,09,00031
2504833,1,2011,03,12,05,43,09,00059
2504833,1,2011,03,12,05,49,09,00062
2504833,1,2011,03,12,06,01,07,00022
2504833,1,2011,03,12,06,09,08,00059
2504833,2,2011,03,12,06,34,18,00151
2504833,1,2011,03,12,06,42,12,00056
2504833,1,2011,03,12,06,56,05,00032
2504833,1,2011,03,12,07,07,08,00047
2504833,1,2011,03,12,07,20,09,00048
2504833,1,2011,03,12,07,51,10,00085
2504833,1,2011,03,12,07,52,09,00058
2504833,1,2011,03,12,08,13,13,00076
2504833,1,2011,03,12,08,16,08,00027
2504833,1,2011,03,12,08,24,09,00025
2504833,1,2011,03,12,08,50,10,00099
2504833,2,2011,03,12,08,55,15,00074
2504833,2,2011,03,12,08,59,17,00076
2504833,1,2011,03,12,09,05,10,00076
2504833,1,2011,03,12,09,16,09,00047
2504833,1,2011,03,12,09,22,06,00025
2504833,2,2011,03,12,09,25,19,00162
2504833,1,2011,03,12,09,41,09,00056
2504833,3,2011,03,12,10,04,26,00534
2504833,2,2011,03,12,10,12,19,00151
2504833,2,2011,03,12,10,14,21,00165
2504833,1,2011,03,12,10,17,09,00034
2504833,1,2011,03,12,10,24,08,00029
2504833,1,2011,03,12,10,31,07,00032
2504833,1,2011,03,12,10,34,08,00038
2504833,1,2011,03,12,10,44,05,00026
2504833,1,2011,03,12,10,46,13,00045
2504833,2,2011,03,12,10,47,21,00147
2504833,1,2011,03,12,10,49,12,00073
2504833,2,2011,03,12,11,00,15,00077
2504833,1,2011,03,12,11,30,05,00019
2504833,1,2011,03,12,11,34,12,00049
2504833,2,2011,03,12,11,48,15,00086
2504833,1,2011,03,12,11,52,14,00097
2504833,1,2011,03,12,11,56,07,00044
2504833,1,2011,03,12,12,12,11,00041
2504833,1,2011,03,12,13,06,14,00079
2504833,1,2011,03,12,14,15,07,00032
2504833,1,2011,03,12,14,45,06,00042
2504833,2,2011,03,12,15,19,19,00133
2504833,1,2011,03,12,15,41,06,00031
2504833,1,2011,03,12,15,44,12,00060
2504833,1,2011,03,12,16,08,11,00055
2504833,2,2011,03,12,16,14,15,00073
2504833,2,2011,03,12,16,37,17,00114
2504833,1,2011,03,12,16,55,07,00030
2504833,1,2011,03,12,16,56,13,00116
2504833,1,2011,03,12,18,23,06,00031
2504833,1,2011,03,12,18,38,07,00032
2504833,1,2011,03,12,18,48,09,00032
2504833,1,2011,03,12,18,55,12,00089
2504833,1,2011,03,12,19,39,09,00039
2504833,2,2011,03,12,19,54,19,00094
2504833,1,2011,03,12,20,47,06,00035
2504833,1,2011,03,12,21,04,09,00056
2504833,2,2011,03,12,21,54,20,00198
2504833,3,2011,03,12,22,15,30,00507
2504833,2,2011,03,12,22,25,15,00134
2504833,1,2011,03,12,22,51,09,00034
2504833,1,2011,03,12,22,58,07,00027
2504833,1,2011,03,12,23,36,08,00049
2504833,1,2011,03,12,23,44,13,00049
2504833,1,2011,03,13,00,11,06,00023
2504833,1,2011,03,13,00,25,06,00035
2504833,1,2011,03,13,01,48,10,00054
2504833,1,2011,03,13,01,59,08,00060
2504833,2,2011,03,13,03,09,16,00172
2504833,1,2011,03,13,04,12,13,00072
2504833,2,2011,03,13,05,41,18,00140
2504833,1,2011,03,13,06,01,08,00050
2504833,1,2011,03,13,06,02,06,00035
2504833,1,2011,03,13,06,49,07,00027
2504833,1,2011,03,13,06,59,11,00053
2504833,3,2011,03,13,07,13,28,00515
2504833,2,2011,03,13,07,59,21,00224
2504833,2,2011,03,13,08,21,20,00162
2504833,3,2011,03,13,08,25,28,00408
2504833,1,2011,03,13,08,41,13,00047
2504833,1,2011,03,13,09,41,10,00047
2504833,1,2011,03,13,10,53,09,00056
2504833,1,2011,03,13,11,04,11,00062
2504833,1,2011,03,13,11,33,10,00047
2504833,1,2011,03,13,13,02,06,00029
2504833,1,2011,03,13,14,55,11,00072
2504833,2,2011,03,13,15,00,19,00124
2504833,1,2011,03,13,17,42,06,00045
2504833,1,2011,03,13,18,53,10,00054
2504833,2,2011,03,13,20,37,22,00142
2504833,1,2011,03,13,21,45,11,00055
2504833,1,2011,03,13,23,15,05,00038
2504833,1,2011,03,13,23,41,09,00051
2504833,1,2011,03,14,02,04,10,00044
2504833,1,2011,03,14,02,41,07,00030
2504833,1,2011,03,14,03,45,10,00045
2504833,2,2011,03,14,05,00,19,00139
2504833,1,2011,03,14,05,52,07,00030
2504833,1,2011,03,14,06,14,05,00028
2504833,1,2011,03,14,06,18,08,00054
2504833,1,2011,03,14,07,42,14,00113
2504833,2,2011,03,14,08,42,15,00095
2504833,2,2011,03,14,10,03,21,00181
2504833,1,2011,03,14,12,10,06,00024
2504833,1,2011,03,14,12,21,12,00082
2504833,1,2011,03,14,12,35,09,00050
2504833,1,2011,03,14,13,46,13,00053
2504833,1,2011,03,14,14,28,07,00027
2504833,3,2011,03,14,15,13,29,00414
2504833,3,2011,03,14,15,18,31,00694
2504833,1,2011,03,14,15,19,09,00064
2504833,3,2011,03,14,15,52,25,00274
2504833,1,2011,03,14,16,25,10,00039
2504833,1,2011,03,14,17,24,10,00049
2504833,1,2011,03,14,17,27,12,00068
2504833,3,2011,03,14,18,08,26,00347
2504833,1,2011,03,14,20,07,10,00047
2504833,1,2011,03,14,23,51,12,00070
2504833,1,2011,03,15,00,30,07,00051
2504833,1,2011,03,15,00,56,06,00029
2504833,1,2011,03,15,01,12,08,00041
2504833,1,2011,03,15,02,26,10,00046
2504833,1,2011,03,15,03,00,12,00043
2504833,1,2011,03,15,03,02,06,00024
2504833,1,2011,03,15,03,36,11,00064
2504833,2,2011,03,15,03,41,16,00079
2504833,1,2011,03,15,04,29,14,00069
2504833,2,2011,03,15,04,30,16,00097
2504833,1,2011,03,15,04,32,06,00026
2504833,1,2011,03,15,07,29,08,00042
2504833,1,2011,03,15,09,39,05,00039
2504833,1,2011,03,15,13,09,07,00034
2504833,2,2011,03,15,14,40,22,00145
2504833,1,2011,03,15,15,56,06,00030
2504833,1,2011,03,15,15,59,08,00043
2504833,1,2011,03,15,16,04,13,00063
2504833,1,2011,03,15,16,09,10,00047
2504833,1,2011,03,15,16,36,05,00018
2504833,1,2011,03,15,16,48,09,00056
2504833,1,2011,03,15,18,50,13,00052
2504833,1,2011,03,15,20,07,08,00027
2504833,1,2011,03,15,22,11,08,00038
2504833,3,2011,03,15,22,28,34,00630
2504833,2,2011,03,15,22,38,18,00115
2504833,2,2011,03,16,05,54,15,00100
2504833,1,2011,03,16,11,47,12,00052
2504833,2,2011,03,16,12,52,18,00133
2504833,2,2011,03,16,13,14,24,00305
2504833,1,2011,03,16,18,15,08,00038
2504833,1,2011,03,16,19,49,14,00089
2504833,1,2011,03,16,20,45,12,00060
2504833,1,2011,03,16,22,39,10,00046
2504833,2,2011,03,16,22,54,20,00229
2504833,2,2011,03,16,23,46,18,00134
2504833,2,2011,03,17,04,00,21,00288
2504833,2,2011,03,17,04,35,15,00072
2504833,1,2011,03,17,05,26,06,00029
2504833,1,2011,03,17,08,39,07,00039
2504833,1,2011,03,17,14,08,06,00017
2504833,2,2011,03,17,15,24,18,00102
2504833,2,2011,03,17,17,26,16,00083
2504833,1,2011,03,17,20,48,14,00092
2504833,2,2011,03,17,21,36,22,00233
2504833,3,2011,03,17,21,55,28,00375
2504833,1,2011,03,18,03,18,06,00038
2504833,2,2011,03,18,03,38,20,00187
2504833,1,2011,03,18,03,56,14,00059
2504833,1,2011,03,18,04,03,09,00041
2504833,2,2011,03,18,06,18,20,00230
2504833,2,2011,03,18,11,48,19,00179
2504833,2,2011,03,18,14,58,17,00188
2504833,1,2011,03,18,16,31,07,00027
2504833,1,2011,03,18,21,21,11,00058
2504833,1,2011,03,18,23,35,11,00065
2504833,1,2011,03,19,03,33,08,00036
2504833,2,2011,03,19,04,53,19,00222
2504833,1,2011,03,19,05,32,14,00093
2504833,1,2011,03,19,08,33,12,00044
2504833,2,2011,03,19,08,49,19,00134
2504833,1,2011,03,19,09,08,08,00059
2504833,1,2011,03,19,09,57,08,00048
2504833,2,2011,03,19,11,56,19,00184
2504833,3,2011,03,19,18,57,31,00565
2504833,1,2011,03,20,00,27,13,00102
2504833,1,2011,03,20,05,06,09,00055
2504833,2,2011,03,20,05,48,20,00258
2504833,1,2011,03,20,07,37,08,00049
2504833,1,2011,03,20,08,27,08,00043
2504833,1,2011,03,20,08,37,06,00032
2504833,1,2011,03,20,10,25,14,00068
2504833,3,2011,03,20,10,31,32,00652
2504833,1,2011,03,20,10,39,11,00079
2504833,1,2011,03,20,14,20,09,00044
2504833,3,2011,03,20,14,55,28,00587
2504833,1,2011,03,20,18,50,09,00052
2504833,2,2011,03,20,20,32,18,00219
2504833,1,2011,03,20,21,04,08,00036
2504833,1,2011,03,20,21,43,13,00065
2504833,1,2011,03,20,22,08,05,00025
2504833,1,2011,03,21,03,44,10,00063
2504833,3,2011,03,21,04,54,27,00476
2504833,1,2011,03,21,04,59,08,00042
2504833,2,2011,03,21,05,05,15,00109
2504833,1,2011,03,21,05,18,10,00044
2504833,1,2011,03,21,05,46,10,00073
2504833,1,2011,03,21,08,38,10,00053
2504833,2,2011,03,21,08,43,15,00073
2504833,1,2011,03,21,14,08,11,00047
2504833,1,2011,03,21,21,38,13,00065
2504833,1,2011,03,22,01,47,12,00094
2504833,1,2011,03,22,04,27,07,00036
2504833,2,2011,03,22,06,24,21,00055
2504833,1,2011,03,22,06,59,10,00075
2504833,1,2011,03,22,12,50,06,00049
2504833,2,2011,03,22,16,19,19,00132
2504833,1,2011,03,22,17,33,09,00050
2504833,3,2011,03,22,18,19,34,00740
2504833,2,2011,03,22,18,46,23,00334
2504833,1,2011,03,22,19,49,11,00090
2504833,2,2011,03,22,19,57,16,00091
2504833,1,2011,03,22,21,04,13,00041
2504833,1,2011,03,23,00,12,10,00048
2504833,1,2011,03,23,00,50,10,00059
2504833,2,2011,03,23,03,50,20,00275
2504833,1,2011,03,23,05,50,07,00034
2504833,3,2011,03,23,07,12,26,00371
2504833,2,2011,03,23,07,35,23,00268
2504833,3,2011,03,23,07,37,32,00751
2504833,1,2011,03,23,08,04,09,00064
2504833,1,2011,03,23,09,07,11,00050
2504833,1,2011,03,23,13,14,08,00041
2504833,1,2011,03,23,18,55,14,00114
2504833,2,2011,03,23,19,44,22,00172
2504833,1,2011,03,23,23,48,14,00091
2504833,1,2011,03,24,00,09,05,00032
2504833,1,2011,03,24,02,35,06,00037
2504833,1,2011,03,24,05,33,07,00037
2504833,1,2011,03,24,08,57,06,00035
2504833,1,2011,03,24,11,50,05,00037
2504833,1,2011,03,24,12,58,11,00058
2504833,1,2011,03,24,14,04,08,00033
2504833,3,2011,03,24,17,21,30,00456
2504833,1,2011,03,25,01,41,08,00070
2504833,1,2011,03,25,02,09,09,00052
2504833,1,2011,03,25,03,17,06,00045
2504833,1,2011,03,25,04,45,13,00073
2504833,1,2011,03,25,13,11,07,00050
2504833,2,2011,03,26,19,19,21,00142
2504833,2,2011,03,26,19,24,17,00119
2504833,1,2011,03,26,19,36,11,00084
2504833,1,2011,03,26,23,11,07,00030
2504833,1,2011,03,27,01,07,08,00038
2504833,1,2011,03,27,01,23,10,00048
2504833,1,2011,03,27,03,11,06,00051
2504833,1,2011,03,27,20,08,14,00119
2504833,1,2011,03,27,22,42,11,00054
2504833,1,2011,03,28,00,18,10,00057
2504833,1,2011,03,28,06,12,09,00062
2504833,3,2011,03,28,07,24,30,00592
2504833,1,2011,03,28,11,41,09,00058
2504833,1,2011,03,28,18,26,09,00063
2504833,1,2011,03,28,20,08,06,00031
2504833,2,2011,03,28,20,34,19,00286
2504833,2,2011,03,29,16,05,21,00253
2504833,3,2011,03,29,19,54,26,00284
2504833,1,2011,03,29,20,02,07,00041
2504833,1,2011,03,30,03,10,10,00042
2504833,1,2011,03,30,22,00,10,00046
2504833,2,2011,03,30,22,19,22,00250
2504833,1,2011,03,30,22,44,13,00153
2504833,1,2011,03,31,09,29,11,00063
2504833,1,2011,03,31,10,29,07,00036
2504833,2,2011,03,31,16,16,20,00139
2504833,1,2011,03,31,19,28,09,00040
2504833,1,2011,04,01,02,22,05,00022
2504833,2,2011,04,01,04,35,15,00086
2504833,1,2011,04,01,07,17,08,00045
2504833,1,2011,04,01,19,28,07,00028
2504833,1,2011,04,01,20,58,11,00042
2504833,1,2011,04,01,23,45,08,00028
2504833,2,2011,04,02,13,08,20,00140
2504833,1,2011,04,02,14,08,10,00052
2504833,1,2011,04,02,16,56,09,00048
2504833,1,2011,04,02,19,23,13,00054
2504833,1,2011,04,02,23,38,10,00063
2504833,1,2011,04,03,01,43,08,00053
2504833,3,2011,04,03,16,39,30,00642
2504833,1,2011,04,03,16,53,14,00099
2504833,2,2011,04,03,18,36,17,00081
2504833,2,2011,04,03,21,57,18,00151
2504833,1,2011,04,03,23,53,12,00094
2504833,1,2011,04,03,23,55,14,00096
2504833,1,2011,04,04,06,15,09,00126
2504833,1,2011,04,04,17,38,13,00082
2504833,1,2011,04,04,17,43,13,00072
2504833,1,2011,04,05,00,47,09,00051
2504833,1,2011,04,05,05,44,05,00037
2504833,1,2011,04,05,06,53,06,00030
2504833,2,2011,04,06,07,02,17,00114
2504833,1,2011,04,06,14,55,08,00038
2504833,1,2011,04,06,21,57,14,00090
2504833,3,2011,04,06,22,55,25,00440
2504833,1,2011,04,07,01,26,11,00062
2504833,1,2011,04,07,07,26,08,00060
2504833,1,2011,04,07,08,49,08,00042
2504833,2,2011,04,07,11,41,16,00105
2504833,1,2011,04,07,17,25,08,00040
2504833,A,2011,04,07,23,33,48,05062
2504833,1,2011,04,07,23,40,11,00078
2504833,1,2011,04,07,23,47,13,00090
2504833,2,2011,04,07,23,49,21,00455
2504833,1,2011,04,07,23,53,07,00036
2504833,1,2011,04,08,00,07,07,00041
2504833,2,2011,04,08,00,25,19,00146
2504833,1,2011,04,08,02,12,06,00038
2504833,1,2011,04,08,05,47,11,00058
2504833,1,2011,04,08,06,43,08,00053
2504833,1,2011,04,08,09,29,08,00047
2504833,1,2011,04,08,11,21,10,00065
2504833,1,2011,04,08,11,57,14,00096
2504833,1,2011,04,08,21,47,07,00043
2504833,1,2011,04,09,00,40,14,00086
2504833,1,2011,04,09,12,00,06,00041
2504833,1,2011,04,09,12,33,12,00060
2504833,2,2011,04,09,18,02,16,00113
2504833,3,2011,04,09,18,42,29,00860
2504833,1,2011,04,10,01,58,06,00035
2504833,1,2011,04,10,09,09,08,00047
2504833,1,2011,04,10,11,49,06,00037
2504833,1,2011,04,11,00,07,14,00094
2504833,1,2011,04,11,01,22,08,00041
2504833,2,2011,04,11,02,45,15,00127
2504833,2,2011,04,11,06,36,23,00261
2504833,1,2011,04,11,09,00,08,00048
2504833,1,2011,04,11,10,26,08,00068
2504833,3,2011,04,11,13,51,27,00395
2504833,A,2011,04,11,17,16,45,02335
2504833,3,2011,04,11,17,18,31,00736
2504833,1,2011,04,11,17,19,14,00070
2504833,1,2011,04,11,17,20,10,00046
2504833,2,2011,04,11,17,26,19,00166
2504833,1,2011,04,11,17,34,13,00067
2504833,1,2011,04,11,17,37,07,00040
2504833,2,2011,04,11,17,45,19,00184
2504833,2,2011,04,11,17,58,17,00112
2504833,3,2011,04,11,18,00,28,00385
2504833,3,2011,04,11,18,05,29,00531
2504833,1,2011,04,11,18,06,14,00117
2504833,2,2011,04,11,18,12,15,00072
2504833,1,2011,04,11,18,13,07,00040
2504833,1,2011,04,11,18,17,07,00028
2504833,2,2011,04,11,18,19,17,00049
2504833,1,2011,04,11,18,31,10,00060
2504833,2,2011,04,11,18,36,17,00110
2504833,1,2011,04,11,18,45,09,00048
2504833,2,2011,04,11,18,48,19,00139
2504833,1,2011,04,11,18,55,13,00063
2504833,1,2011,04,11,19,00,11,00053
2504833,1,2011,04,11,19,19,09,00052
2504833,1,2011,04,11,19,26,07,00036
2504833,1,2011,04,11,19,29,11,00079
2504833,1,2011,04,11,19,31,07,00027
2504833,1,2011,04,11,20,00,11,00058
2504833,1,2011,04,11,20,13,12,00063
2504833,1,2011,04,11,20,27,12,00089
2504833,3,2011,04,11,20,42,30,00586
2504833,1,2011,04,11,22,05,12,00080
2504833,1,2011,04,11,22,21,12,00091
2504833,1,2011,04,11,22,24,12,00075
2504833,1,2011,04,11,23,00,09,00040
2504833,1,2011,04,11,23,09,08,00041
2504833,1,2011,04,12,00,08,08,00036
2504833,2,2011,04,12,00,22,21,00191
2504833,2,2011,04,12,00,43,15,00120
2504833,1,2011,04,12,00,55,10,00053
2504833,2,2011,04,12,00,58,15,00103
2504833,1,2011,04,12,01,19,12,00106
2504833,1,2011,04,12,01,49,07,00044
2504833,1,2011,04,12,02,18,12,00072
2504833,1,2011,04,12,02,21,08,00047
2504833,1,2011,04,12,02,54,07,00027
2504833,1,2011,04,12,05,04,10,00073
2504833,1,2011,04,12,05,27,08,00024
2504833,1,2011,04,12,07,03,09,00045
2504833,1,2011,04,12,08,09,11,00058
2504833,1,2011,04,12,08,48,13,00068
2504833,1,2011,04,12,09,09,10,00055
2504833,1,2011,04,12,10,33,10,00073
2504833,1,2011,04,12,13,33,06,00050
2504833,4,2011,04,12,14,07,37,01046
2504833,1,2011,04,12,14,10,06,00036
2504833,1,2011,04,12,14,15,13,00114
2504833,2,2011,04,12,14,26,18,00252
2504833,1,2011,04,12,16,47,14,00091
2504833,1,2011,04,12,16,49,10,00063
2504833,2,2011,04,12,17,48,15,00091
2504833,1,2011,04,12,19,15,07,00038
2504833,1,2011,04,13,03,48,10,00023
2504833,1,2011,04,13,04,02,09,00054
2504833,1,2011,04,13,04,34,08,00079
2504833,1,2011,04,13,07,12,07,00018
2504833,1,2011,04,13,07,54,08,00041
2504833,1,2011,04,13,07,55,08,00071
2504833,1,2011,04,13,08,54,12,00069
2504833,2,2011,04,13,10,08,20,00180
2504833,1,2011,04,13,14,52,07,00062
2504833,1,2011,04,13,21,58,12,00065
2504833,1,2011,04,13,22,25,07,00032
2504833,1,2011,04,14,05,39,13,00091
2504833,2,2011,04,14,07,36,21,00165
2504833,3,2011,04,14,12,09,25,00269
2504833,1,2011,04,14,20,02,10,00048
2504833,1,2011,04,14,20,24,14,00099
2504833,1,2011,04,15,21,53,08,00035
2504833,1,2011,04,15,22,44,08,00045
2504833,2,2011,04,16,11,19,22,00153
2504833,1,2011,04,16,12,23,11,00070
2504833,1,2011,04,16,13,20,12,00086
2504833,2,2011,04,16,16,30,17,00076
2504833,1,2011,04,17,05,19,12,00088
2504833,1,2011,04,17,05,22,12,00055
2504833,1,2011,04,17,13,24,08,00047
2504833,1,2011,04,17,14,39,09,00047
2504833,1,2011,04,17,16,13,14,00078
2504833,1,2011,04,17,17,04,05,00032
2504833,2,2011,04,17,21,52,19,00197
2504833,2,2011,04,18,00,47,18,00122
2504833,1,2011,04,18,01,48,09,00054
2504833,1,2011,04,18,03,34,14,00123
2504833,1,2011,04,18,11,08,11,00086
2504833,1,2011,04,19,01,20,14,00092
2504833,1,2011,04,19,02,29,06,00032
2504833,1,2011,04,19,09,07,12,00082
2504833,1,2011,04,19,15,53,14,00064
2504833,1,2011,04,19,21,34,10,00058
2504833,2,2011,04,19,23,11,16,00085
2504833,1,2011,04,19,23,47,08,00034
2504833,2,2011,04,20,04,29,18,00120
2504833,1,2011,04,20,09,51,12,00077
2504833,1,2011,04,20,17,30,07,00030
2504833,1,2011,04,21,00,30,06,00042
2504833,2,2011,04,21,01,33,15,00107
2504833,1,2011,04,21,05,52,10,00098
2504833,1,2011,04,21,09,40,11,00060
2504833,1,2011,04,21,12,09,11,00049
2504833,2,2011,04,21,17,18,18,00148
2504833,2,2011,04,21,22,38,15,00065
2504833,3,2011,04,22,01,11,34,00970
2504833,1,2011,04,22,01,15,05,00028
2504833,1,2011,04,22,12,13,08,00040
2504833,2,2011,04,22,17,43,15,00090
2504833,3,2011,04,23,00,25,32,00864
2504833,1,2011,04,23,08,16,10,00046
2504833,2,2011,04,23,19,13,16,00112
2504833,1,2011,04,23,20,08,09,00042
2504833,1,2011,04,24,05,05,14,00128
2504833,1,2011,04,24,13,48,08,00042
2504833,1,2011,04,24,19,10,14,00084
2504833,1,2011,04,24,23,34,11,00062
2504833,1,2011,04,25,13,57,09,00054
2504833,1,2011,04,25,18,01,09,00048
2504833,1,2011,04,26,00,13,11,00051
2504833,1,2011,04,26,06,14,08,00033
2504833,1,2011,04,26,06,16,14,00076
2504833,2,2011,04,26,13,02,21,00196
2504833,1,2011,04,26,19,32,13,00101
2504833,2,2011,04,26,21,12,16,00091
2504833,1,2011,04,26,21,27,13,00081
2504833,2,2011,04,27,03,18,15,00181
2504833,1,2011,04,27,21,28,08,00048
2504833,2,2011,04,28,06,45,17,00137
2504833,1,2011,04,28,10,45,11,00040
2504833,1,2011,04,28,11,46,05,00048
2504833,3,2011,04,28,18,28,29,00406
2504833,1,2011,04,30,05,42,06,00028
2504833,1,2011,04,30,07,20,08,00032
2504833,2,2011,04,30,14,06,24,00187
2504833,2,2011,04,30,14,47,17,00137
2504833,3,2011,05,01,11,48,25,00796
2504833,1,2011,05,01,12,27,09,00043
2504833,1,2011,05,01,14,06,09,00038
2504833,1,2011,05,02,04,59,06,00044
2504833,2,2011,05,02,11,09,17,00168
2504833,1,2011,05,02,12,17,07,00040
2504833,1,2011,05,02,18,53,12,00066
2504833,1,2011,05,02,21,37,11,00058
2504833,1,2011,05,03,05,31,14,00099
2504833,1,2011,05,03,20,44,10,00125
2504833,1,2011,05,03,22,57,12,00061
2504833,1,2011,05,04,04,15,06,00043
2504833,1,2011,05,05,01,29,07,00014
2504833,1,2011,05,05,19,21,07,00053
2504833,2,2011,05,05,23,59,19,00135
2504833,1,2011,05,06,02,04,14,00083
2504833,1,2011,05,06,16,56,10,00046
2504833,1,2011,05,08,05,53,09,00036
2504833,2,2011,05,08,07,11,15,00124
2504833,2,2011,05,08,19,43,19,00217
2504833,1,2011,05,09,00,21,10,00063
2504833,1,2011,05,09,19,53,10,00059
2504833,1,2011,05,10,05,16,12,00056
2504833,1,2011,05,10,08,38,10,00059
2504833,1,2011,05,10,17,31,09,00045
2504833,1,2011,05,11,03,24,09,00048
2504833,1,2011,05,11,10,21,06,00032
2504833,1,2011,05,12,01,40,09,00068
2504833,1,2011,05,12,03,22,06,00025
2504833,1,2011,05,13,17,27,09,00041
2504833,1,2011,05,14,01,28,05,00031
2504833,1,2011,05,14,05,18,11,00046
2504833,3,2011,05,14,08,36,27,00299
2504833,1,2011,05,15,00,01,13,00099
2504833,2,2011,05,15,08,51,22,00253
2504833,1,2011,05,15,21,15,11,00040
2504833,1,2011,05,16,04,08,11,00059
2504833,2,2011,05,17,00,53,19,00353
2504833,1,2011,05,17,06,14,10,00057
2504833,2,2011,05,17,10,03,23,00688
2504833,1,2011,05,18,16,24,11,00078
2504833,2,2011,05,18,20,49,15,00093
2504833,1,2011,05,19,08,18,06,00040
2504833,1,2011,05,19,17,33,13,00077
2504833,1,2011,05,19,18,13,06,00027
2504833,1,2011,05,20,09,10,10,00041
2504833,1,2011,05,20,09,47,13,00046
2504833,3,2011,05,20,16,29,30,00481
2504833,1,2011,05,20,17,53,08,00037
2504833,1,2011,05,20,20,42,08,00021
2504833,1,2011,05,21,12,41,09,00050
2504833,1,2011,05,21,18,44,05,00040
2504833,1,2011,05,21,19,25,10,00049
2504833,1,2011,05,21,19,43,05,00025
2504833,1,2011,05,22,07,07,08,00029
2504833,1,2011,05,22,07,33,08,00044
2504833,1,2011,05,22,20,07,07,00039
2504833,1,2011,05,22,23,47,08,00036
2504833,1,2011,05,23,06,40,09,00046
2504833,1,2011,05,24,20,50,14,00081
2504833,2,2011,05,25,05,36,15,00091
2504833,1,2011,05,25,07,38,11,00158
2504833,1,2011,05,25,17,28,09,00050
2504833,1,2011,05,26,19,57,14,00075
2504833,1,2011,05,27,02,19,08,00036
2504833,1,2011,05,27,17,04,06,00039
2504833,1,2011,05,28,11,14,09,00040
2504833,1,2011,05,29,06,04,11,00108
2504833,1,2011,05,29,13,23,07,00033
2504833,1,2011,05,29,18,41,06,00031
2504833,1,2011,05,31,04,37,08,00045
2504833,1,2011,06,01,01,41,14,00059
2504833,1,2011,06,02,11,16,13,00076
2504833,1,2011,06,02,14,48,06,00032
2504833,1,2011,06,02,23,38,07,00028
2504833,1,2011,06,03,05,26,12,00060
2504833,2,2011,06,03,09,06,18,00122
2504833,1,2011,06,03,21,45,08,00046
2504833,3,2011,06,04,01,00,27,00278
2504833,1,2011,06,04,09,04,07,00036
2504833,2,2011,06,04,12,37,15,00106
2504833,2,2011,06,04,15,30,16,00196
2504833,1,2011,06,05,19,46,09,00048
2504833,1,2011,06,05,20,17,11,00068
2504833,1,2011,06,06,12,00,05,00029
2504833,2,2011,06,07,05,10,19,00200
2504833,1,2011,06,07,19,18,08,00044
2504833,1,2011,06,09,07,12,07,00042
2504833,2,2011,06,09,19,39,16,00102
2504833,2,2011,06,10,00,41,17,00120
2504833,2,2011,06,11,07,36,20,00142
2504833,2,2011,06,12,05,09,19,00152
2504833,1,2011,06,12,17,10,13,00070
2504833,1,2011,06,13,22,39,12,00067
2504833,1,2011,06,14,05,59,12,00062
2504833,1,2011,06,14,22,07,14,00065
2504833,1,2011,06,14,23,57,07,00028
2504833,1,2011,06,16,23,39,07,00025
2504833,2,2011,06,18,13,39,17,00197
2504833,1,2011,06,18,18,13,06,00042
2504833,3,2011,06,18,20,31,30,00599
2504833,1,2011,06,19,04,10,13,00103
2504833,2,2011,06,20,03,59,20,00182
2504833,2,2011,06,22,12,18,15,00110
2504833,2,2011,06,23,06,51,16,00080
2504833,1,2011,06,23,17,23,13,00067
2504833,2,2011,06,23,19,35,22,00232
2504833,1,2011,06,25,02,25,09,00047
2504833,1,2011,06,25,16,06,12,00052
2504833,1,2011,06,26,06,38,09,00069
2504833,1,2011,06,28,22,23,08,00051
2504833,1,2011,06,30,02,10,12,00078
2504833,2,2011,06,30,19,23,21,00238
2504833,1,2011,07,01,13,20,11,00055
2504833,1,2011,07,04,20,00,08,00046
2504833,1,2011,07,07,00,15,11,00034
2504833,1,2011,07,07,13,02,10,00051
2504833,1,2011,07,07,14,10,14,00093
2504833,3,2011,07,08,03,35,33,00605
2504833,1,2011,07,08,22,09,11,00052
2504833,3,2011,07,10,09,57,32,00633
2504833,1,2011,07,11,09,09,07,00005
2504833,1,2011,07,11,09,26,08,00065
2504833,1,2011,07,11,10,36,08,00035
2504833,1,2011,07,12,18,00,09,00049
2504833,1,2011,07,12,18,39,13,00081
2504833,1,2011,07,13,00,37,13,00097
2504833,1,2011,07,13,05,47,09,00041
2504833,1,2011,07,14,03,50,05,00028
2504833,2,2011,07,14,10,35,20,00182
2504833,1,2011,07,14,13,11,07,00022
2504833,2,2011,07,14,14,49,17,00125
2504833,1,2011,07,15,21,02,12,00059
2504833,1,2011,07,16,14,18,13,00111
2504833,1,2011,07,17,09,56,07,00034
2504833,1,2011,07,18,17,21,08,00049
2504833,2,2011,07,19,10,39,15,00096
2504833,1,2011,07,22,14,58,07,00039
2504833,1,2011,07,22,18,32,08,00047
2504833,2,2011,07,23,13,34,21,00153
2504833,1,2011,07,25,00,07,11,00045
2504833,4,2011,07,25,03,51,40,01683
2504833,2,2011,07,25,20,05,17,00092
2504833,1,2011,07,25,20,11,06,00031
2504833,1,2011,07,26,05,40,05,00033
2504833,1,2011,07,26,22,36,13,00068
2504833,1,2011,07,26,22,41,07,00039
2504833,1,2011,07,28,04,09,08,00048
2504833,1,2011,07,29,23,53,12,00055
2504833,4,2011,07,31,03,54,37,00955
2504833,1,2011,08,01,00,28,06,00038
2504833,1,2011,08,01,04,34,05,00027
2504833,1,2011,08,01,13,30,07,00029
2504833,1,2011,08,01,15,55,06,00027
2504833,1,2011,08,03,22,52,10,00074
2504833,1,2011,08,04,07,34,09,00046
2504833,1,2011,08,05,20,16,12,00081
2504833,1,2011,08,06,23,46,11,00069
2504833,1,2011,08,07,02,59,14,00064
2504833,1,2011,08,07,12,35,09,00042
2504833,1,2011,08,08,16,20,12,00053
2504833,1,2011,08,10,00,26,06,00040
2504833,1,2011,08,10,16,03,08,00070
2504833,2,2011,08,11,22,31,18,00110
2504833,3,2011,08,12,03,22,34,00808
2504833,1,2011,08,12,11,08,07,00040
2504833,1,2011,08,14,16,39,06,00034
2504833,1,2011,08,15,15,27,07,00036
2504833,1,2011,08,16,19,16,09,00040
2504833,2,2011,08,17,12,05,21,00196
2504833,1,2011,08,17,12,15,11,00063
2504833,2,2011,08,17,20,45,17,00096
2504833,4,2011,08,19,14,36,42,01778
2504833,1,2011,08,20,08,48,10,00063
2504833,1,2011,08,20,15,53,08,00038
2504833,1,2011,08,21,02,11,11,00079
2504833,1,2011,08,21,04,38,06,00034
2504833,1,2011,08,21,07,59,10,00055
2504833,1,2011,08,21,11,58,11,00088
2504833,1,2011,08,22,07,06,13,00069
2504833,1,2011,08,22,21,21,10,00092
2504833,2,2011,08,23,00,26,17,00135
2504833,1,2011,08,23,07,05,14,00101
2504833,1,2011,08,26,08,09,10,00052
2504833,1,2011,08,27,14,06,07,00041
2504833,1,2011,08,27,14,09,13,00080
2504833,1,2011,08,27,23,29,12,00061
2504833,1,2011,08,31,18,13,09,00058
2504833,2,2011,09,05,21,14,18,00171
2504833,1,2011,09,07,02,55,13,00066
2504833,1,2011,09,07,14,42,06,00027
2504833,2,2011,09,08,22,38,19,00159
2504833,1,2011,09,10,15,01,10,00065
2504833,1,2011,09,11,05,39,11,00093
2504833,1,2011,09,13,02,43,05,00040
2504833,2,2011,09,14,23,56,23,00273
2504833,2,2011,09,15,17,00,23,00157
2504833,1,2011,09,16,11,03,12,00093
2504833,1,2011,09,16,14,32,07,00035
2504833,1,2011,09,18,00,13,10,00056
2504833,1,2011,09,18,22,03,07,00039
2504833,2,2011,09,19,03,32,23,00247
2504833,1,2011,09,21,05,59,12,00065
2504833,2,2011,09,21,22,31,23,00217
2504833,2,2011,09,23,04,59,17,00132
2504833,1,2011,09,23,17,16,10,00049
2504833,1,2011,09,28,16,57,08,00042
2504833,2,2011,09,29,04,18,15,00138
2504833,2,2011,09,29,19,05,16,00122
2504833,1,2011,09,30,03,18,12,00068
2504833,1,2011,09,30,15,35,10,00051
2504833,1,2011,10,01,06,37,08,00043
2504833,1,2011,10,03,01,49,11,00064
2504833,1,2011,10,04,22,00,10,00058
2504833,1,2011,10,07,07,01,14,00201
2504833,1,2011,10,08,10,27,09,00056
2504833,4,2011,10,10,11,46,36,01518
2504833,1,2011,10,12,01,40,07,00040
2504833,1,2011,10,12,17,29,08,00049
2504833,2,2011,10,14,19,59,15,00095
2504833,1,2011,10,17,18,15,07,00044
2504833,1,2011,10,18,06,30,07,00043
2504833,1,2011,10,19,11,19,08,00037
2504833,1,2011,10,20,06,14,06,00031
2504833,2,2011,10,20,06,21,16,00161
2504833,1,2011,10,21,10,25,10,00054
2504833,1,2011,10,22,17,58,08,00041
2504833,1,2011,10,24,09,52,07,00047
2504833,1,2011,10,24,18,24,09,00049
2504833,1,2011,10,25,12,54,10,00055
2504833,2,2011,10,26,02,09,19,00170
2504833,1,2011,10,28,05,20,07,00050
2504833,1,2011,10,29,08,48,07,00036
2504833,2,2011,10,29,15,25,16,00118
2504833,1,2011,11,02,10,44,05,00025
2504833,1,2011,11,06,08,44,06,00030
2504833,1,2011,11,13,18,05,10,00069
2504833,2,2011,11,20,02,37,24,00377
2504833,2,2011,11,20,10,24,21,00148
2504833,1,2011,11,20,10,26,14,00074
2504833,1,2011,11,21,18,49,08,00044
2504833,3,2011,11,24,04,24,28,00494
2504833,1,2011,11,26,20,09,07,00058
2504833,1,2011,11,27,10,08,12,00084
2504833,1,2011,11,28,23,33,05,00025
2504833,1,2011,11,29,03,54,11,00053
2504833,1,2011,11,30,12,08,09,00053
2504833,2,2011,12,02,09,50,22,00391
2504833,1,2011,12,03,13,17,07,00037
2504833,1,2011,12,03,15,42,14,00100
2504833,2,2011,12,05,04,20,21,00218
2504833,1,2011,12,06,10,26,13,00134
2504833,1,2011,12,10,15,08,12,00066
2504833,1,2011,12,11,16,07,06,00059
2504833,1,2011,12,12,04,51,09,00058
2504833,1,2011,12,12,11,34,07,00040
2504833,1,2011,12,19,02,20,12,00080
2504833,2,2011,12,22,05,10,15,00097
2504833,1,2011,12,30,18,35,10,00055
2504833,1,2011,12,31,08,11,08,00046
2504833,3,2012,01,01,14,30,26,00219
2504833,1,2012,01,01,17,31,06,00035
2504833,1,2012,01,05,03,03,09,00083
2504833,1,2012,01,05,17,44,09,00078
2504833,1,2012,01,05,22,14,11,00059
2504833,1,2012,01,06,08,29,11,00068
2504833,1,2012,01,07,17,18,07,00035
2504833,2,2012,01,07,19,43,23,00272
2504833,1,2012,01,07,21,31,09,00086
2504833,1,2012,01,09,16,11,11,00050
2504833,1,2012,01,09,17,50,08,00043
2504833,1,2012,01,10,22,16,07,00055
2504833,1,2012,01,11,06,22,09,00056
2504833,1,2012,01,12,10,40,07,00036
2504833,3,2012,01,12,12,21,27,00351
2504833,2,2012,01,12,14,38,19,00176
2504833,1,2012,01,12,18,18,10,00064
2504833,1,2012,01,13,02,41,09,00087
2504833,1,2012,01,13,12,28,11,00076
2504833,1,2012,01,13,22,49,10,00070
2504833,1,2012,01,18,17,56,08,00039
2504833,1,2012,01,20,17,29,05,00035
2504833,3,2012,01,23,20,45,25,00361
2504833,1,2012,01,23,22,44,11,00091
2504833,1,2012,01,24,17,08,10,00086
2504833,2,2012,01,26,05,43,22,00376
2504833,1,2012,01,26,21,22,10,00051
2504833,1,2012,01,28,16,11,07,00039
2504833,1,2012,02,03,19,00,07,00034
2504833,1,2012,02,05,08,59,08,00036
2504833,2,2012,02,07,07,39,19,00186
2504833,1,2012,02,08,20,39,06,00052
2504833,1,2012,02,09,16,10,08,00050
2504833,1,2012,02,10,06,52,13,00058
2504833,1,2012,02,12,04,56,10,00065
2504833,1,2012,02,12,13,42,06,00038
2504833,1,2012,02,14,12,28,12,00041
2504833,1,2012,02,14,15,22,14,00071
2504833,2,2012,02,15,15,28,23,00209
2504833,1,2012,02,16,02,33,06,00036
2504833,1,2012,02,16,14,10,07,00034
2504833,1,2012,02,19,06,44,12,00090
2504833,2,2012,02,19,14,55,16,00123
2504833,1,2012,02,24,04,28,08,00055
2504833,1,2012,02,28,01,31,06,00046
2504833,1,2012,02,28,14,21,13,00096
2504833,2,2012,02,29,18,00,21,00189
2504833,2,2012,03,01,07,32,20,00133
2504833,1,2012,03,01,12,25,08,00044
2504833,2,2012,03,06,18,50,17,00154
2504833,1,2012,03,08,03,42,05,00034
2504833,1,2012,03,08,12,24,07,00035
2504833,1,2012,03,09,09,37,08,00091
2504833,2,2012,03,10,02,25,22,00209
2504833,1,2012,03,10,10,34,05,00033
2504833,1,2012,03,11,00,40,13,00127
2504833,2,2012,03,14,18,10,18,00101
2504833,2,2012,03,14,21,05,16,00089
2504833,1,2012,03,15,23,22,09,00062
2504833,1,2012,03,17,20,25,05,00029
2504833,2,2012,03,17,22,47,20,00247
2504833,1,2012,03,18,09,37,07,00033
2504833,1,2012,03,22,03,05,13,00108
2504833,1,2012,03,22,06,44,09,00051
2504833,1,2012,03,23,23,53,13,00122
2504833,1,2012,03,25,21,23,06,00049
2504833,3,2012,03,25,22,22,34,00990
2504833,2,2012,03,26,03,47,16,00139
2504833,2,2012,03,27,20,01,22,00107
2504833,1,2012,03,29,04,01,06,00054
2504833,1,2012,03,30,05,38,12,00088
2504833,2,2012,03,30,13,38,24,00280
2504833,3,2012,04,01,23,04,34,00940
2504833,1,2012,04,03,08,34,09,00056
2504833,1,2012,04,03,09,57,07,00037
2504833,1,2012,04,08,14,45,05,00044
2504833,1,2012,04,12,20,20,12,00049
2504833,2,2012,04,12,23,51,24,00202
2504833,3,2012,04,13,19,10,25,00324
2504833,1,2012,04,13,21,12,13,00095
2504833,1,2012,04,14,17,46,13,00074
2504833,1,2012,04,14,19,51,07,00045
2504833,1,2012,04,17,13,25,10,00065
2504833,1,2012,04,17,21,29,11,00054
2504833,1,2012,04,19,12,33,13,00059
2504833,1,2012,04,24,12,28,05,00025
2504833,2,2012,04,26,05,45,19,00156
2504833,1,2012,04,26,07,12,08,00041
2504833,1,2012,04,29,19,29,07,00028
2504833,2,2012,04,29,21,17,16,00124
2504833,1,2012,05,02,23,34,06,00042
2504833,2,2012,05,06,05,12,21,00265
2504833,1,2012,05,08,04,00,11,00062
2504833,1,2012,05,08,09,17,07,00038
2504833,1,2012,05,08,14,43,11,00079
2504833,1,2012,05,12,02,59,09,00057
2504833,1,2012,05,13,12,06,07,00050
2504833,2,2012,05,16,01,01,20,00194
2504833,1,2012,05,18,17,19,06,00032
2504833,1,2012,05,25,12,59,13,00077
2504833,1,2012,05,31,14,49,14,00110
2504833,1,2012,06,01,17,49,08,00031
2504833,2,2012,06,08,14,23,16,00084
2504833,1,2012,06,09,19,07,09,00056
2504833,1,2012,06,15,14,10,08,00040
2504833,2,2012,06,15,16,32,15,00112
2504833,1,2012,06,17,16,14,05,00027
2504833,2,2012,06,18,05,32,22,00172
2504833,2,2012,06,20,07,29,22,00189
2504833,1,2012,06,21,08,56,12,00067
2504833,1,2012,06,24,10,29,10,00046
2504833,1,2012,06,24,13,30,09,00047
2504833,3,2012,06,28,14,52,32,00670
2504833,2,2012,06,30,16,12,18,00121
2504833,1,2012,07,03,09,46,08,00047
2504833,1,2012,07,03,13,22,06,00036
2504833,2,2012,07,06,02,04,16,00114
2504833,1,2012,07,06,02,53,10,00057
2504833,1,2012,07,16,04,32,06,00028
2504833,1,2012,07,20,01,12,11,00077
2504833,1,2012,07,20,13,00,09,00055
2504833,2,2012,07,21,12,01,20,00206
2504833,1,2012,07,30,07,05,11,00046
2504833,1,2012,07,31,02,18,11,00064
2504833,1,2012,08,03,22,20,08,00039
2504833,1,2012,08,06,22,14,09,00038
2504833,2,2012,08,07,13,18,22,00236
2504833,1,2012,08,10,09,59,08,00044
2504833,1,2012,08,11,19,30,13,00083
2504833,1,2012,08,11,23,58,13,00108
2504833,1,2012,08,14,23,19,08,00035
2504833,1,2012,08,15,08,57,13,00088
2504833,1,2012,08,17,15,15,10,00057
2504833,2,2012,08,17,20,38,18,00172
2504833,3,2012,08,21,01,43,25,00235
2504833,2,2012,08,24,02,10,15,00083
2504833,4,2012,08,26,03,37,36,01515
2504833,3,2012,08,30,04,05,31,00558
2504833,1,2012,08,31,23,26,14,00084
2504833,1,2012,09,01,00,31,14,00097
2504833,1,2012,09,04,05,36,08,00067
2504833,1,2012,09,11,20,12,14,00116
2504833,1,2012,09,30,22,39,06,00038
2504833,2,2012,10,01,07,39,20,00128
2504833,1,2012,10,02,01,12,06,00029
2504833,1,2012,10,02,03,41,09,00038
2504833,1,2012,10,02,05,51,12,00073
2504833,1,2012,10,02,06,28,10,00052
2504833,2,2012,10,03,18,40,21,00178
2504833,1,2012,10,07,08,43,06,00033
2504833,1,2012,10,08,02,32,09,00083
2504833,1,2012,10,11,01,56,09,00045
2504833,1,2012,10,13,09,55,07,00045
2504833,1,2012,10,17,09,44,10,00049
2504833,1,2012,10,22,18,27,12,00069
2504833,1,2012,10,24,16,06,13,00068
2504833,3,2012,10,25,19,32,30,00504
2504833,1,2012,10,26,19,37,08,00041
2504833,1,2012,10,27,04,33,09,00067
2504833,3,2012,11,03,07,34,28,00538
2504833,1,2012,11,05,13,31,13,00074
2504833,1,2012,11,08,08,54,11,00063
2504833,1,2012,11,09,12,52,13,00067
2504833,1,2012,11,09,22,22,14,00104
2504833,2,2012,11,11,14,16,22,00214
2504833,1,2012,11,15,21,06,07,00058
2504833,1,2012,11,22,02,43,13,00077
2504833,3,2012,11,24,05,21,29,00482
2504833,2,2012,11,24,10,30,23,00311
2504833,2,2012,12,03,13,57,16,00137
2504833,4,2012,12,07,17,19,41,02206
2504833,2,2012,12,07,17,31,20,00163
2504833,1,2012,12,08,08,01,07,00028
2504833,1,2012,12,12,09,20,13,00080
2504833,3,2012,12,15,13,27,34,01236
2504833,2,2012,12,15,14,46,15,00088
2504833,2,2012,12,17,10,31,19,00336
2504833,1,2012,12,18,03,46,12,00053
2504833,1,2012,12,18,19,26,08,00046
2504833,1,2012,12,20,04,26,08,00049
2504833,1,2012,12,21,00,31,10,00081
2504833,2,2012,12,21,17,07,17,00164
2504833,2,2012,12,29,16,19,23,00251
2504833,1,2012,12,30,00,00,12,00072
2504833,2,2012,12,30,08,05,16,00105
2504833,1,2013,01,03,04,56,07,00053
2504833,2,2013,01,04,22,53,19,00173
2504833,1,2013,01,06,17,11,09,00045
2504833,2,2013,01,07,22,54,16,00109
2504833,3,2013,01,10,21,48,26,00456
2504833,1,2013,01,13,12,18,06,00028
2504833,2,2013,01,14,15,54,17,00094
2504833,1,2013,01,14,20,28,07,00047
2504833,1,2013,01,22,04,47,05,00029
2504833,2,2013,01,24,06,31,22,00208
2504833,2,2013,01,28,03,42,21,00220
2504833,1,2013,01,31,23,54,11,00055
2504833,2,2013,02,02,23,19,18,00118
2504833,2,2013,02,09,13,43,17,00119
2504833,1,2013,02,11,12,46,05,00027
2504833,1,2013,02,13,11,22,13,00080
2504833,1,2013,02,16,10,30,14,00116
2504833,2,2013,02,16,10,33,21,00192
2504833,1,2013,02,16,13,52,08,00064
2504833,1,2013,02,17,02,56,07,00055
2504833,2,2013,02,22,00,34,20,00220
2504833,1,2013,02,23,09,47,08,00045
2504833,2,2013,02,24,13,55,20,00145
2504833,1,2013,02,25,12,53,10,00072
2504833,1,2013,02,26,01,19,13,00110
2504833,1,2013,02,26,21,46,10,00056
2504833,1,2013,03,03,05,58,11,00068
2504833,1,2013,03,05,05,43,06,00073
2504833,1,2013,03,18,06,54,10,00067
2504833,1,2013,03,21,14,35,09,00046
2504833,1,2013,03,22,07,21,07,00068
2504833,1,2013,03,31,16,47,11,00048
2504833,1,2013,04,04,13,43,06,00026
2504833,2,2013,04,06,05,01,15,00089
2504833,1,2013,04,10,13,39,14,00063
2504833,2,2013,04,14,22,25,21,00189
2504833,3,2013,04,17,21,03,27,00312
2504833,1,2013,04,19,11,06,05,00034
2504833,1,2013,04,19,12,10,11,00049
2504833,1,2013,04,29,22,02,10,00037
2504833,1,2013,05,02,07,36,12,00135
2504833,2,2013,05,02,09,55,17,00145
2504833,1,2013,05,04,07,20,07,00040
2504833,2,2013,05,07,10,04,16,00105
2504833,1,2013,05,13,22,59,14,00112
2504833,1,2013,05,14,08,02,06,00030
2504833,1,2013,05,15,18,35,12,00053
2504833,1,2013,05,16,16,13,11,00054
2504833,1,2013,05,16,16,40,08,00046
2504833,4,2013,05,18,14,48,36,01029
2504833,1,2013,05,18,18,10,12,00079
2504833,1,2013,05,19,12,58,08,00060
2504833,3,2013,05,24,17,33,30,00681
2504833,2,2013,05,25,11,11,16,00156
2504833,1,2013,06,02,03,06,06,00031
2504833,2,2013,06,04,17,33,17,00114
2504833,1,2013,06,05,09,36,12,00079
2504833,1,2013,06,06,02,50,14,00105
2504833,1,2013,06,14,09,00,10,00050
2504833,1,2013,06,14,14,22,07,00045
2504833,1,2013,06,20,22,19,07,00047
2504833,1,2013,07,04,00,06,11,00052
2504833,1,2013,07,10,14,23,06,00034
2504833,1,2013,07,11,03,18,08,00046
2504833,1,2013,07,13,03,32,09,00055
2504833,1,2013,07,19,02,05,08,00041
2504833,1,2013,07,19,08,45,08,00039
2504833,3,2013,07,20,01,39,25,00305
2504833,1,2013,07,20,15,07,07,00028
2504833,1,2013,07,22,18,45,11,00068
2504833,1,2013,07,23,11,04,13,00092
2504833,2,2013,07,23,12,02,17,00175
2504833,1,2013,07,31,06,21,13,00115
2504833,1,2013,07,31,09,14,14,00084
2504833,3,2013,08,04,12,29,34,00686
2504833,1,2013,08,06,02,20,07,00046
2504833,2,2013,08,10,07,56,18,00128
2504833,2,2013,08,12,22,00,17,00112
2504833,1,2013,08,22,00,28,09,00052
2504833,1,2013,08,22,02,20,12,00064
2504833,1,2013,08,25,18,19,10,00090
2504833,1,2013,08,28,02,09,11,00053
2504833,2,2013,09,04,09,21,21,00117
2504833,1,2013,09,09,09,04,07,00034
2504833,1,2013,09,12,02,17,08,00055
2504833,1,2013,09,13,04,49,14,00094
2504833,1,2013,09,19,07,45,07,00039
2504833,3,2013,09,20,02,25,31,00550
2504833,1,2013,09,27,07,37,11,00057
2504833,1,2013,09,30,22,38,11,00050
2504833,1,2013,10,02,01,08,08,00037
2504833,1,2013,10,11,17,22,07,00041
2504833,1,2013,10,12,02,43,12,00058
2504833,1,2013,10,15,06,03,08,00057
2504833,1,2013,10,17,13,32,08,00045
2504833,1,2013,10,19,11,08,05,00048
2504833,2,2013,10,20,00,14,22,00199
2504833,1,2013,10,20,10,08,05,00030
2504833,2,2013,10,22,10,19,24,00237
2504833,3,2013,10,26,02,11,32,00555
2504833,1,2013,10,26,05,24,07,00046
2504833,1,2013,10,26,06,29,12,00064
2504833,3,2013,10,26,23,36,25,00347
2504833,1,2013,10,28,03,14,10,00041
2504833,2,2013,10,30,12,22,20,00216
2504833,1,2013,11,01,00,01,12,00053
2504833,1,2013,11,01,13,18,06,00036
2504833,1,2013,11,03,05,41,12,00065
2504833,1,2013,11,03,14,26,07,00027
2504833,1,2013,11,03,17,53,08,00039
2504833,1,2013,11,10,07,38,14,00063
2504833,1,2013,11,12,05,55,07,00036
2504833,1,2013,11,14,07,09,07,00049
2504833,1,2013,11,16,17,15,12,00108
2504833,1,2013,11,16,20,45,08,00043
2504833,1,2013,11,19,04,12,07,00036
2504833,1,2013,11,19,14,10,11,00083
2504833,2,2013,11,21,12,38,19,00188
2504833,1,2013,11,22,04,58,13,00089
2504833,1,2013,11,26,00,43,13,00075
2504833,1,2013,12,02,04,48,05,00035
2504833,2,2013,12,03,18,17,17,00072
2504833,1,2013,12,04,04,56,05,00029
2504833,2,2013,12,05,03,43,16,00130
2504833,1,2013,12,14,13,07,07,00032
2504833,1,2013,12,16,04,34,08,00044
2504833,1,2013,12,21,01,11,14,00072
2504833,1,2013,12,28,21,27,14,00104
2504833,2,2013,12,29,10,22,18,00158
2504833,2,2013,12,31,10,03,23,00192
2504833,1,2014,01,01,23,39,11,00103
2504833,1,2014,01,06,02,21,10,00064
2504833,1,2014,01,07,00,58,09,00070
2504833,1,2014,01,09,03,58,06,00037
2504833,1,2014,01,14,19,50,06,00037
2504833,2,2014,01,16,22,28,16,00166
2504833,1,2014,01,17,04,33,08,00044
2504833,1,2014,01,17,18,38,06,00037
2504833,1,2014,01,18,15,35,09,00062
2504833,1,2014,01,22,11,31,10,00071
2504833,1,2014,01,26,18,36,11,00072
2504833,2,2014,02,04,09,35,19,00160
2504833,1,2014,02,06,02,32,11,00075
2504833,1,2014,02,06,21,11,10,00074
2504833,3,2014,02,08,02,18,27,00626
2504833,2,2014,02,08,11,34,18,00131
2504833,1,2014,02,09,19,55,08,00057
2504833,1,2014,02,11,04,16,07,00041
2504833,1,2014,02,12,06,35,10,00140
2504833,1,2014,02,24,09,42,06,00037
2504833,1,2014,03,06,14,53,07,00043
2504833,1,2014,03,14,04,41,07,00058
2504833,1,2014,03,17,18,03,11,00052
2504833,1,2014,03,26,04,54,09,00046
2504833,1,2014,03,29,10,54,10,00038
2504833,1,2014,03,30,20,12,14,00080
2504833,2,2014,04,01,13,09,17,00154
2504833,2,2014,04,03,08,23,17,00102
2504833,1,2014,04,05,10,17,07,00037
2504833,3,2014,04,13,18,16,34,01177
2504833,1,2014,04,15,10,35,14,00160
2504833,1,2014,04,17,02,20,07,00038
2504833,2,2014,04,17,03,17,17,00082
2504833,1,2014,04,17,23,44,10,00041
2504833,1,2014,04,21,04,30,06,00034
2504833,1,2014,04,29,10,21,09,00069
2504833,1,2014,04,29,14,00,09,00060
2504833,1,2014,05,02,18,16,09,00038
2504833,1,2014,05,03,22,39,11,00077
2504833,2,2014,05,05,05,19,19,00156
2504833,1,2014,06,02,21,46,12,00103
2504833,1,2014,06,04,02,23,08,00043
2504833,2,2014,06,08,14,25,16,00094
2504833,3,2014,06,09,06,10,27,00504
2504833,1,2014,06,15,02,32,13,00055
2504833,2,2014,06,16,03,19,18,00092
2504833,4,2014,06,16,05,15,35,00802
2504833,1,2014,06,17,02,44,10,00056
2504833,1,2014,06,22,18,10,06,00032
2504833,2,2014,06,27,06,55,22,00251
2504833,1,2014,07,05,00,17,09,00067
2504833,1,2014,07,06,00,00,09,00040
2504833,1,2014,07,10,17,59,14,00074
2504833,3,2014,07,12,04,22,26,00256
2504833,1,2014,07,16,17,25,09,00046
2504833,1,2014,07,20,10,26,08,00037
2504833,1,2014,07,30,23,57,10,00055
2504833,1,2014,08,21,04,40,07,00029
2504833,1,2014,08,25,05,30,08,00055
2504833,1,2014,08,26,11,23,06,00029
2504833,2,2014,08,29,16,35,16,00138
2504833,1,2014,08,29,18,20,06,00029
2504833,1,2014,08,31,05,44,14,00137
2504833,1,2014,09,01,10,27,05,00038
2504833,2,2014,09,04,16,00,15,00120
2504833,2,2014,09,16,12,29,15,00065
2504833,2,2014,09,24,21,46,19,00153
2504833,3,2014,09,24,22,31,25,00308
2504833,1,2014,10,06,15,38,10,00048
2504833,2,2014,10,15,12,51,19,00171
2504833,2,2014,11,08,08,54,19,00187
2504833,1,2014,11,12,09,54,08,00040
2504833,1,2014,11,15,09,57,08,00087
2504833,2,2014,11,20,10,52,23,00215
2504833,1,2014,11,23,01,46,09,00077
2504833,1,2014,11,23,20,03,12,00140
2504833,1,2014,11,28,19,19,08,00042
2504833,1,2014,12,03,01,00,13,00090
2504833,1,2014,12,14,04,47,11,00048
2504833,1,2014,12,18,03,45,11,00055
2504833,2,2014,12,20,18,30,24,00318
2504833,2,2014,12,20,18,50,15,00122
2504833,2,2014,12,25,08,06,20,00140
2504833,1,2014,12,27,06,05,13,00114
2504833,1,2014,12,28,03,19,11,00093
2504833,1,2015,01,01,14,01,09,00065
2504833,1,2015,01,05,02,35,07,00049
2504833,1,2015,01,18,03,18,09,00049
2504833,1,2015,01,23,18,11,08,00053
2504833,1,2015,01,26,10,32,07,00078
2504833,1,2015,02,06,02,54,06,00043
2504833,1,2015,02,11,04,24,13,00100
2504833,1,2015,02,17,08,07,12,00048
2504833,1,2015,02,17,10,47,07,00049
2504833,1,2015,02,17,13,47,09,00032
2504833,1,2015,02,23,10,44,07,00038
2504833,2,2015,02,26,10,11,17,00132
2504833,1,2015,03,10,14,54,08,00050
2504833,1,2015,03,12,20,02,10,00055
2504833,1,2015,03,19,10,34,09,00044
2504833,1,2015,03,26,10,47,11,00130
2504833,2,2015,03,27,21,32,17,00101
2504833,1,2015,03,27,23,40,10,00042
2504833,1,2015,04,03,04,05,10,00050
2504833,1,2015,04,23,02,24,06,00035
2504833,2,2015,05,03,13,03,22,00184
2504833,3,2015,05,13,06,13,27,00341
2504833,1,2015,05,13,22,45,05,00044
2504833,3,2015,05,15,12,30,28,00457
2504833,1,2015,05,25,14,28,14,00096
2504833,2,2015,05,30,20,27,17,00060
2504833,2,2015,06,19,09,35,19,00209
2504833,1,2015,06,21,13,16,09,00047
2504833,1,2015,06,22,11,18,07,00025
2504833,1,2015,07,02,15,06,11,00059
2504833,1,2015,07,04,13,24,09,00041
2504833,1,2015,07,12,02,37,13,00135
2504833,1,2015,07,14,22,17,14,00061
2504833,1,2015,07,16,14,39,08,00049
2504833,3,2015,07,21,18,17,27,00552
2504833,1,2015,07,21,18,19,06,00045
2504833,1,2015,07,30,17,16,10,00083
2504833,2,2015,08,01,23,25,16,00103
2504833,2,2015,08,03,14,30,24,00592
2504833,3,2015,08,05,20,56,27,00458
2504833,2,2015,08,06,18,22,18,00122
2504833,1,2015,08,10,11,35,07,00040
2504833,1,2015,08,10,22,31,06,00032
2504833,2,2015,08,14,05,13,18,00110
2504833,1,2015,08,16,08,44,05,00027
2504833,1,2015,08,24,12,59,07,00035
2504833,1,2015,08,24,14,49,13,00073
2504833,1,2015,08,26,16,23,11,00058
2504833,1,2015,08,28,23,47,11,00060
2504833,1,2015,09,04,01,52,07,00032
2504833,1,2015,09,05,13,18,06,00029
2504833,1,2015,09,12,05,50,08,00030
2504833,1,2015,09,12,11,45,09,00045
2504833,1,2015,09,22,17,57,05,00026
2504833,1,2015,10,01,20,11,07,00034
2504833,1,2015,10,04,04,36,08,00046
2504833,1,2015,10,06,18,32,12,00049
2504833,3,2015,10,21,15,05,31,00926
2504833,1,2015,10,28,05,43,07,00032
2504833,1,2015,11,19,12,39,09,00056
2504833,2,2015,11,19,18,33,19,00184
2504833,1,2015,11,20,08,16,11,00063
2504833,1,2015,11,22,08,21,09,00058
2504833,1,2015,11,29,16,39,06,00039
2504833,1,2015,12,02,07,48,10,00065
2504833,2,2015,12,02,13,41,19,00136
2504833,1,2015,12,19,11,44,08,00042
2504833,1,2015,12,22,00,44,11,00085
2504833,1,2015,12,22,01,59,13,00098
2504833,1,2016,01,15,04,29,10,00064
2504833,1,2016,01,19,18,49,13,00100
2504833,1,2016,01,25,02,13,11,00096
2504833,2,2016,01,26,20,38,24,00351
2504833,1,2016,02,02,14,33,08,00027
2504833,1,2016,02,07,10,10,14,00080
2504833,1,2016,02,09,01,55,08,00049
2504833,1,2016,02,14,15,29,13,00083
2504833,2,2016,02,19,22,14,15,00079
2504833,1,2016,02,22,03,04,10,00062
2504833,1,2016,02,25,01,11,14,00094
2504833,1,2016,02,27,04,58,09,00051
2504833,1,2016,03,01,09,14,11,00060
2504833,1,2016,03,21,08,03,09,00074
2504833,1,2016,03,22,14,34,13,00080
2504833,1,2016,04,18,08,24,09,00071
2504833,3,2016,04,20,21,20,27,00377
2504833,2,2016,04,27,00,01,19,00166
2504833,1,2016,05,05,01,10,09,00048
2504833,1,2016,05,13,02,44,10,00056
2504833,1,2016,05,16,21,23,12,00063
2504833,1,2016,05,20,18,17,13,00103
2504833,1,2016,05,23,23,17,07,00051
2504833,1,2016,05,28,18,03,06,00028
2504833,1,2016,06,10,13,17,07,00033
2504833,1,2016,06,10,21,08,08,00035
2504833,1,2016,06,12,07,55,08,00040
2504833,2,2016,06,27,07,57,17,00099
2504833,1,2016,06,29,14,02,09,00058
2504833,2,2016,07,09,09,54,17,00153
2504833,1,2016,07,20,07,26,06,00029
2504833,2,2016,07,27,23,47,22,00196
2504833,1,2016,08,13,12,57,11,00066
2504833,1,2016,08,15,03,49,08,00062
2504833,3,2016,08,15,16,04,29,00392
2504833,1,2016,08,17,11,56,09,00057
2504833,2,2016,08,19,21,08,20,00150
2504833,2,2016,08,22,15,11,15,00082
2504833,1,2016,08,30,17,08,07,00053
2504833,1,2016,09,02,08,27,07,00033
2504833,1,2016,09,07,13,29,07,00032
2504833,2,2016,09,09,20,53,15,00088
2504833,1,2016,09,11,12,22,07,00040
2504833,1,2016,09,13,19,13,08,00038
2504833,1,2016,09,17,22,40,07,00032
2504833,1,2016,09,29,20,58,06,00043
2504833,1,2016,10,01,04,05,05,00039
2504833,1,2016,10,11,01,01,12,00091
2504833,1,2016,10,14,19,21,11,00051
2504833,2,2016,10,16,16,37,18,00132
2504833,1,2016,10,16,16,58,14,00104
2504833,1,2016,10,26,02,36,06,00036
2504833,1,2016,10,28,14,45,08,00059
2504833,1,2016,11,02,07,38,10,00052
2504833,1,2016,11,10,07,21,11,00062
2504833,3,2016,11,12,06,43,26,00426
2504833,1,2016,11,16,18,55,09,00062
2504833,1,2016,11,21,07,00,07,00036
2504833,1,2016,11,21,11,47,12,00079
2504833,4,2016,11,22,06,00,39,01442
2504833,2,2016,11,22,06,03,19,00179
2504833,1,2016,11,22,06,06,14,00113
2504833,1,2016,11,22,06,08,08,00050
2504833,2,2016,11,22,06,10,20,00133
2504833,2,2016,11,22,06,11,16,00107
2504833,1,2016,11,22,06,18,09,00045
2504833,1,2016,11,22,06,22,07,00046
2504833,1,2016,11,22,06,28,12,00079
2504833,2,2016,11,22,06,39,17,00096
2504833,1,2016,11,22,06,43,13,00058
2504833,1,2016,11,22,06,51,13,00096
2504833,1,2016,11,22,08,39,13,00064
2504833,1,2016,11,22,09,03,08,00050
2504833,1,2016,11,22,09,28,07,00036
2504833,1,2016,11,22,09,33,09,00057
2504833,2,2016,11,22,10,31,19,00152
2504833,2,2016,11,22,10,38,16,00109
2504833,1,2016,11,22,12,06,09,00048
2504833,1,2016,11,22,12,32,10,00058
2504833,1,2016,11,22,13,04,08,00048
2504833,1,2016,11,22,14,48,11,00074
2504833,1,2016,11,22,16,32,07,00032
2504833,3,2016,11,22,23,04,30,00545
2504833,1,2016,11,23,05,10,08,00038
2504833,1,2016,11,23,06,59,08,00034
2504833,1,2016,11,23,18,37,07,00042
2504833,1,2016,11,23,19,57,08,00032
2504833,1,2016,11,23,23,20,05,00031
2504833,1,2016,11,24,03,13,11,00058
2504833,3,2016,11,24,06,23,29,00412
2504833,1,2016,11,24,06,42,11,00063
2504833,1,2016,11,25,00,58,09,00052
2504833,1,2016,11,25,09,20,13,00080
2504833,1,2016,11,25,16,36,11,00057
2504833,1,2016,11,27,17,07,09,00054
2504833,1,2016,11,27,19,18,09,00057
2504833,2,2016,11,27,21,50,15,00083
2504833,1,2016,11,28,07,17,11,00063
2504833,1,2016,11,28,17,46,06,00042
2504833,1,2016,11,30,08,20,08,00045
2504833,1,2016,12,01,11,13,11,00065
2504833,1,2016,12,04,08,35,12,00081
2504833,1,2016,12,04,14,33,14,00077
2504833,2,2016,12,04,14,36,15,00082
2504833,1,2016,12,04,20,42,12,00057
2504833,1,2016,12,05,05,43,12,00170
2504833,1,2016,12,07,22,29,07,00045
2504833,1,2016,12,08,17,16,14,00083
2504833,2,2016,12,20,01,41,20,00117
2504833,2,2016,12,23,11,28,15,00076
2504833,1,2016,12,24,02,25,11,00066
2504833,1,2016,12,27,19,45,08,00046
2504833,3,2016,12,28,21,39,31,00518
2504833,1,2016,12,28,21,53,13,00063
2504833,1,2016,12,29,13,41,06,00032
2504833,1,2016,12,30,20,55,08,00055
2504833,2,2016,12,31,05,08,24,00339
2504833,3,2017,01,05,00,44,25,00365
2504833,1,2017,01,05,02,35,08,00050
2504833,3,2017,01,05,02,53,25,00340
2504833,1,2017,01,08,13,16,12,00075
2504833,1,2017,01,11,09,06,08,00071
2504833,1,2017,02,11,01,09,08,00055
2504833,2,2017,02,11,06,05,24,00274
2504833,1,2017,02,11,06,39,13,00138
2504833,1,2017,02,11,21,03,12,00073
2504833,2,2017,02,19,15,02,16,00130
2504833,1,2017,02,26,23,55,14,00155
2504833,3,2017,02,27,00,03,28,00457
2504833,1,2017,02,27,03,09,07,00078
2504833,1,2017,02,27,14,20,10,00046
2504833,4,2017,02,28,16,49,35,01398
2504833,1,2017,03,01,15,43,13,00090
2504833,1,2017,03,05,19,05,14,00097
2504833,2,2017,03,12,04,58,22,00406
2504833,1,2017,03,20,17,55,07,00052
2504833,1,2017,03,22,09,21,11,00057
2504833,1,2017,04,02,12,33,07,00033
2504833,1,2017,04,09,07,20,14,00067
2504833,2,2017,04,10,03,11,15,00140
2504833,1,2017,04,20,02,14,08,00031
2504833,1,2017,04,20,02,16,11,00061
2504833,1,2017,04,20,04,46,06,00033
2504833,1,2017,06,19,05,51,08,00048
2504833,3,2017,07,07,21,48,32,01389
2504833,1,2017,07,11,17,03,11,00059
2504833,2,2017,07,12,10,55,15,00103
2504833,2,2017,07,15,12,02,19,00142
2504833,3,2017,07,20,09,11,26,00320
2504833,1,2017,07,26,00,50,09,00048
2504833,1,2017,07,29,07,25,08,00053
2504833,1,2017,07,31,22,07,09,00064
2504833,3,2017,08,02,02,02,27,00356
2504833,1,2017,08,11,22,42,08,00056
2504833,1,2017,08,14,18,12,08,00038
2504833,2,2017,08,26,04,20,18,00109
2504833,1,2017,08,26,06,35,10,00135
2504833,2,2017,08,27,11,26,19,00168
2504833,1,2017,09,10,12,50,10,00063
2504833,1,2017,09,11,18,41,09,00044
2504833,1,2017,09,14,11,16,06,00032
2504833,1,2017,09,17,18,25,05,00029
2504833,1,2017,09,20,05,18,13,00064
2504833,2,2017,09,21,01,38,18,00106
2504833,1,2017,09,27,05,23,10,00032
2504833,1,2017,09,28,16,11,14,00085
2504833,2,2017,10,01,10,25,19,00136
2504833,2,2017,10,06,17,00,19,00138
2504833,3,2017,10,06,23,56,34,00693
2504833,1,2017,10,07,00,00,10,00066
2504833,1,2017,10,09,23,47,07,00046
2504833,1,2017,10,12,15,13,12,00056
2504833,1,2017,10,19,21,50,11,00056
2504833,1,2017,11,02,09,26,06,00034
2504833,1,2017,11,02,22,31,11,00064
2504833,2,2017,11,03,21,38,17,00104
2504833,2,2017,11,11,01,38,15,00117
2504833,1,2017,11,13,07,25,14,00068
2504833,2,2017,11,17,10,03,17,00161
2504833,1,2017,12,06,00,22,06,00048
2504833,1,2017,12,16,02,59,10,00039
2504833,1,2017,12,18,06,10,07,00036
2504833,2,2017,12,19,06,54,21,00209
2504833,1,2018,01,03,02,01,07,00100
2504833,1,2018,01,24,02,32,12,00067
2504833,2,2018,01,24,22,56,20,00183
2504833,1,2018,01,25,18,26,10,00059
2504833,2,2018,01,27,03,11,15,00101
2504833,1,2018,02,17,06,39,10,00063
2504833,1,2018,02,19,18,49,08,00036
2504833,3,2018,02,26,01,28,29,00460
2504833,2,2018,02,26,02,37,15,00112
2504833,1,2018,02,28,07,57,13,00101
2504833,1,2018,03,15,05,41,08,00048
2504833,1,2018,03,23,06,33,14,00077
2504833,1,2018,03,25,12,29,11,00074
2504833,1,2018,03,25,23,39,05,00028
2504833,2,2018,03,30,08,18,19,00180
2504833,1,2018,03,30,09,17,07,00058
2504833,1,2018,04,04,16,37,12,00101
2504833,1,2018,04,12,08,02,14,00105
2504833,2,2018,04,12,22,38,15,00126
2504833,1,2018,05,05,15,43,12,00106
2504833,1,2018,05,10,19,57,13,00114
2504833,1,2018,05,13,01,50,11,00065
2504833,2,2018,05,26,23,01,16,00110
2504833,1,2018,05,29,00,47,06,00039
2504833,1,2018,06,20,10,42,06,00051
2504833,1,2018,07,05,14,40,11,00065
2504833,2,2018,07,12,17,39,17,00131
2504833,1,2018,07,17,04,34,06,00037
2504833,1,2018,07,19,20,52,13,00074
2504833,1,2018,07,22,19,09,07,00036
2504833,1,2018,07,26,02,46,12,00080
2504833,3,2018,07,31,17,42,28,00411
2504833,1,2018,08,08,00,14,12,00057
2504833,3,2018,08,08,18,07,25,00397
2504833,2,2018,08,11,06,11,22,00181
2504833,1,2018,08,25,02,18,07,00031
2504833,1,2018,08,29,07,36,06,00053
2504833,2,2018,09,05,05,11,24,00210
2504833,2,2018,09,11,04,27,18,00179
2504833,1,2018,09,14,10,54,10,00059
2504833,2,2018,09,14,14,35,15,00079
2504833,2,2018,09,19,01,22,18,00139
2504833,1,2018,09,19,09,02,07,00047
2504833,1,2018,09,25,12,31,10,00047
2504833,1,2018,10,02,12,28,07,00036
2504833,1,2018,10,06,16,15,07,00042
2504833,1,2018,10,09,04,52,11,00051
2504833,1,2018,10,14,09,31,06,00029
2504833,1,2018,10,14,13,51,11,00102
2504833,2,2018,10,21,05,13,22,00234
2504833,2,2018,10,22,19,47,24,00324
2504833,1,2018,10,23,20,06,10,00056
2504833,1,2018,10,25,05,02,06,00027
2504833,3,2018,10,26,03,36,26,00312
2504833,1,2018,10,27,09,08,14,00094
2504833,1,2018,10,28,23,47,10,00047
2504833,1,2018,10,30,11,30,10,00058
2504833,1,2018,11,05,03,03,08,00042
2504833,3,2018,11,23,23,30,28,00467
2504833,1,2018,11,27,07,27,06,00048
2504833,1,2018,11,27,08,34,11,00059
2504833,1,2018,11,28,20,15,06,00035
2504833,2,2018,12,08,10,54,24,00251
2504833,1,2018,12,12,17,50,07,00041
2504833,1,2018,12,14,17,05,10,00053
2504833,1,2018,12,16,01,29,11,00043
2504833,1,2018,12,21,13,13,08,00035
2504833,2,2018,12,31,23,10,16,00131
2504833,2,2019,01,06,17,34,16,00093
2504833,2,2019,01,13,21,15,16,00092
2504833,1,2019,01,14,13,24,12,00070
2504833,1,2019,01,18,21,47,07,00031
2504833,1,2019,02,03,10,01,08,00053
2504833,1,2019,02,05,15,58,05,00036
2504833,1,2019,02,20,01,25,05,00026
2504833,1,2019,02,23,15,49,10,00083
2504833,1,2019,02,24,09,33,14,00090
2504833,1,2019,03,02,12,25,08,00034
2504833,1,2019,03,07,04,26,14,00063
2504833,1,2019,03,11,02,11,09,00034
2504833,1,2019,03,29,05,40,10,00100
2504833,1,2019,03,29,12,24,07,00042
2504833,1,2019,03,29,17,48,07,00029
2504833,1,2019,03,30,03,01,11,00094
2504833,1,2019,04,07,10,02,06,00045
2504833,1,2019,04,12,03,50,12,00091
2504833,1,2019,04,25,21,00,09,00055
2504833,1,2019,05,04,11,42,11,00059
2504833,1,2019,05,13,18,59,05,00032
2504833,1,2019,05,18,10,18,13,00075
2504833,1,2019,05,27,04,04,11,00047
2504833,1,2019,06,11,10,21,06,00036
2504833,1,2019,06,12,19,35,09,00058
2504833,2,2019,06,17,08,00,24,00254
2504833,3,2019,06,18,22,22,30,00297
2504833,2,2019,07,17,00,26,16,00158
2504833,2,2019,07,17,18,01,15,00112
2504833,2,2019,07,28,03,33,17,00097
2504833,1,2019,07,30,05,39,06,00031
2504833,1,2019,07,30,07,08,06,00038
2504833,4,2019,08,04,19,23,39,01437
2504833,1,2019,08,24,03,05,08,00049
2504833,1,2019,08,24,13,53,13,00062
2504833,1,2019,09,12,01,45,13,00076
2504833,1,2019,09,30,01,03,10,00059
2504833,1,2019,10,12,18,23,09,00042
2504833,2,2019,11,03,14,03,22,00240
2504833,1,2019,11,06,22,16,08,00038
2504833,1,2019,11,08,18,18,13,00064
2504833,1,2019,11,12,21,56,06,00031
2504833,1,2019,11,16,18,17,11,00059
2504833,1,2019,12,03,10,18,06,00024
2504833,2,2019,12,04,10,39,17,00115
2504833,1,2019,12,05,22,35,12,00052
2504833,2,2019,12,07,12,34,18,00145
2504833,3,2019,12,11,18,39,26,00361
2504833,1,2019,12,26,18,27,06,00026
