station,intensity,year,month,day,hour,minute,intensity_equip,acceleration_max_comb
3710132,2,1998,02,21,09,55,18,00196
3710132,1,2000,07,21,03,39,12,00023
3710132,1,2000,10,18,12,58,06,00051
3710132,2,2001,01,04,13,18,18,00082
3710132,1,2001,12,02,22,03,11,00014
3710132,1,2001,12,16,13,49,08,00063
3710132,2,2002,01,16,07,27,22,00896
3710132,1,2002,01,16,08,48,11,00262
3710132,1,2002,02,02,05,09,05,00053
3710132,1,2002,02,12,22,45,08,00027
3710132,1,2002,07,24,05,06,08,00014
3710132,1,2003,02,04,13,36,07,00047
3710132,3,2003,05,26,18,25,25,00072
3710132,1,2003,07,26,00,14,07,00014
3710132,2,2003,07,26,07,14,17,00040
3710132,1,2003,09,20,12,56,09,00015
3710132,1,2003,09,26,04,53,08,00014
3710132,1,2003,10,31,10,08,11,00015
3710132,1,2003,11,15,03,44,09,00024
3710132,1,2004,04,04,08,03,06,00017
3710132,2,2004,05,18,02,04,16,00197
3710132,1,2004,09,07,21,41,09,00059
3710132,1,2004,10,06,23,41,07,00011
3710132,4,2004,10,23,17,56,43,02338
3710132,3,2004,10,23,18,00,25,00295
3710132,1,2004,10,23,18,01,07,00025
3710132,4,2004,10,23,18,03,39,01430
3710132,1,2004,10,23,18,06,06,00045
3710132,3,2004,10,23,18,07,27,00333
3710132,1,2004,10,23,18,08,12,00037
3710132,1,2004,10,23,18,10,10,00073
3710132,4,2004,10,23,18,11,36,00841
3710132,2,2004,10,23,18,13,16,00105
3710132,1,2004,10,23,18,19,06,00057
3710132,1,2004,10,23,18,23,06,00053
3710132,1,2004,10,23,18,28,11,00074
3710132,1,2004,10,23,18,31,07,00054
3710132,4,2004,10,23,18,34,38,01658
3710132,2,2004,10,23,18,37,15,00168
3710132,1,2004,10,23,18,40,07,00105
3710132,1,2004,10,23,18,41,07,00051
3710132,1,2004,10,23,18,44,05,00054
3710132,1,2004,10,23,18,46,07,00066
3710132,1,2004,10,23,18,50,06,00052
3710132,2,2004,10,23,18,54,16,00135
3710132,1,2004,10,23,18,55,13,00049
3710132,2,2004,10,23,18,57,17,00141
3710132,1,2004,10,23,18,58,09,00045
3710132,1,2004,10,23,19,03,08,00082
3710132,1,2004,10,23,19,07,09,00069
3710132,2,2004,10,23,19,36,18,00138
3710132,3,2004,10,23,19,46,26,00444
3710132,2,2004,10,23,19,47,15,00109
3710132,1,2004,10,23,19,49,13,00103
3710132,1,2004,10,23,19,52,14,00175
3710132,1,2004,10,23,19,59,08,00085
3710132,1,2004,10,23,20,20,09,00073
3710132,1,2004,10,23,20,55,07,00030
3710132,2,2004,10,23,21,44,18,00118
3710132,1,2004,10,23,22,26,08,00052
3710132,1,2004,10,23,22,35,10,00063
3710132,2,2004,10,23,22,58,16,00156
3710132,3,2004,10,23,23,34,25,00298
3710132,1,2004,10,23,23,54,05,00031
3710132,1,2004,10,24,00,53,12,00069
3710132,2,2004,10,24,07,08,15,00123
3710132,1,2004,10,24,07,16,10,00113
3710132,1,2004,10,24,09,28,08,00060
3710132,2,2004,10,24,10,06,17,00138
3710132,2,2004,10,24,10,29,16,00093
3710132,1,2004,10,24,14,21,13,00038
3710132,1,2004,10,24,16,04,06,00048
3710132,1,2004,10,24,16,06,12,00091
3710132,2,2004,10,25,00,28,18,00123
3710132,1,2004,10,25,01,28,09,00042
3710132,1,2004,10,25,01,36,05,00082
3710132,3,2004,10,25,06,05,31,00802
3710132,2,2004,10,25,06,07,22,00313
3710132,1,2004,10,25,06,32,12,00083
3710132,1,2004,10,25,18,50,09,00100
3710132,1,2004,10,26,03,32,09,00036
3710132,1,2004,10,27,10,26,12,00067
3710132,1,2004,10,27,10,35,10,00094
3710132,4,2004,10,27,10,40,42,01890
3710132,2,2004,10,27,10,41,20,00177
3710132,1,2004,10,27,10,47,14,00119
3710132,1,2004,10,27,10,56,07,00042
3710132,1,2004,10,27,12,05,10,00040
3710132,1,2004,10,27,14,59,08,00073
3710132,1,2004,10,27,15,23,06,00039
3710132,1,2004,10,27,17,15,07,00080
3710132,1,2004,10,27,20,31,05,00055
3710132,1,2004,11,01,04,35,11,00060
3710132,1,2004,11,02,23,39,07,00317
3710132,3,2004,11,04,08,57,33,00990
3710132,1,2004,11,04,13,31,07,00116
3710132,3,2004,11,06,02,53,26,00311
3710132,1,2004,11,06,15,16,10,00079
3710132,1,2004,11,06,22,05,09,00058
3710132,4,2004,11,08,11,16,35,01023
3710132,2,2004,11,08,11,27,23,00265
3710132,3,2004,11,08,11,32,31,00688
3710132,2,2004,11,08,11,43,17,00153
3710132,2,2004,11,08,11,49,19,00213
3710132,2,2004,11,09,04,16,15,00092
3710132,1,2004,11,09,06,51,09,00058
3710132,3,2004,11,10,03,43,28,00505
3710132,1,2004,11,15,09,39,13,00038
3710132,2,2004,11,16,05,54,17,00338
3710132,1,2004,11,17,08,45,05,00132
3710132,2,2004,11,17,19,11,19,00906
3710132,1,2004,11,17,21,14,07,00111
3710132,2,2004,11,17,21,31,19,00803
3710132,1,2004,11,17,21,39,06,00137
3710132,2,2004,11,21,07,02,21,00620
3710132,1,2004,11,21,17,06,14,00416
3710132,1,2004,12,05,02,41,06,00028
3710132,2,2004,12,23,21,03,21,00212
3710132,2,2004,12,28,18,30,19,00216
3710132,1,2005,01,17,23,36,06,00059
3710132,1,2005,01,18,11,08,05,00054
3710132,2,2005,01,18,21,50,22,00311
3710132,1,2005,01,27,16,42,10,00104
3710132,2,2005,04,11,07,23,15,00025
3710132,2,2005,06,20,13,03,17,00068
3710132,1,2005,07,23,16,35,09,00015
3710132,2,2005,08,16,11,47,24,00079
3710132,1,2005,08,21,11,29,13,00082
3710132,1,2005,10,19,20,45,12,00029
3710132,2,2005,11,04,01,02,24,00389
3710132,1,2006,02,13,17,23,11,00044
3710132,1,2007,01,08,18,59,14,00176
3710132,3,2007,03,25,09,42,27,00147
3710132,1,2007,03,25,18,12,06,00018
3710132,4,2007,07,16,10,13,41,00869
3710132,2,2007,07,16,10,16,16,00081
3710132,1,2007,07,16,10,18,14,00074
3710132,1,2007,07,16,10,34,06,00029
3710132,3,2007,07,16,15,37,28,00413
3710132,1,2007,07,16,21,08,10,00050
3710132,1,2007,07,18,04,39,08,00062
3710132,1,2007,07,18,16,53,12,00127
3710132,2,2007,07,25,06,52,17,00179
3710132,1,2007,12,22,19,39,06,00079
3710132,1,2008,05,08,01,03,08,00017
3710132,2,2008,05,08,01,46,16,00044
3710132,3,2008,06,14,08,44,25,00088
3710132,1,2008,06,14,09,21,07,00020
3710132,1,2008,07,19,11,40,14,00024
3710132,1,2008,07,21,20,31,12,00021
3710132,2,2008,07,24,00,27,17,00031
3710132,1,2008,08,22,20,00,05,00015
3710132,1,2008,12,30,23,25,06,00070
3710132,1,2009,08,02,00,57,12,00055
3710132,1,2009,08,02,02,54,05,00032
3710132,1,2009,08,03,14,14,06,00045
3710132,1,2009,08,09,19,58,09,00015
3710132,2,2009,11,21,15,39,17,00120
3710132,1,2010,03,13,21,47,12,00018
3710132,1,2010,03,14,17,09,14,00025
3710132,2,2010,04,16,16,38,16,00098
3710132,4,2010,05,01,18,20,40,02628
3710132,1,2010,06,13,12,33,14,00029
3710132,1,2010,09,29,12,02,07,00038
3710132,1,2010,09,29,17,00,13,00077
3710132,1,2010,10,03,06,38,10,00047
3710132,1,2010,10,03,06,53,05,00036
3710132,2,2011,01,20,22,20,15,00120
3710132,2,2011,03,09,11,46,18,00032
3710132,4,2011,03,11,14,49,37,00460
3710132,2,2011,03,11,14,52,21,00063
3710132,2,2011,03,11,14,55,21,00156
3710132,1,2011,03,11,14,57,10,00019
3710132,2,2011,03,11,14,59,15,00028
3710132,1,2011,03,11,15,01,05,00014
3710132,1,2011,03,11,15,07,13,00018
3710132,1,2011,03,11,15,08,13,00035
3710132,2,2011,03,11,15,10,15,00025
3710132,1,2011,03,11,15,11,12,00023
3710132,2,2011,03,11,15,13,16,00042
3710132,1,2011,03,11,15,14,10,00016
3710132,3,2011,03,11,15,16,27,00124
3710132,1,2011,03,11,15,19,13,00026
3710132,1,2011,03,11,15,21,09,00013
3710132,1,2011,03,11,15,24,11,00015
3710132,2,2011,03,11,15,27,15,00029
3710132,1,2011,03,11,15,26,10,00023
3710132,1,2011,03,11,15,29,06,00011
3710132,2,2011,03,11,16,16,17,00027
3710132,1,2011,03,11,16,17,08,00010
3710132,1,2011,03,11,16,18,06,00017
3710132,1,2011,03,11,16,29,12,00019
3710132,2,2011,03,11,16,30,18,00040
3710132,1,2011,03,11,16,34,05,00032
3710132,1,2011,03,11,16,36,05,00021
3710132,2,2011,03,11,17,13,17,00033
3710132,2,2011,03,11,17,20,15,00030
3710132,1,2011,03,11,17,29,05,00007
3710132,1,2011,03,11,17,31,11,00022
3710132,1,2011,03,11,17,40,05,00014
3710132,2,2011,03,11,17,41,15,00037
3710132,1,2011,03,11,18,05,11,00038
3710132,1,2011,03,11,18,16,08,00035
3710132,1,2011,03,11,20,31,08,00025
3710132,1,2011,03,11,20,38,12,00017
3710132,1,2011,03,12,00,14,12,00016
3710132,1,2011,03,12,00,15,10,00013
3710132,1,2011,03,12,00,21,07,00010
3710132,1,2011,03,12,02,31,07,00018
3710132,1,2011,03,12,03,12,11,00013
3710132,3,2011,03,12,03,59,32,00339
3710132,1,2011,03,12,04,01,13,00023
3710132,1,2011,03,12,04,12,05,00016
3710132,2,2011,03,12,04,32,19,00081
3710132,1,2011,03,12,04,48,08,00015
3710132,1,2011,03,12,10,48,10,00014
3710132,1,2011,03,12,22,16,09,00018
3710132,1,2011,03,13,07,14,11,00016
3710132,1,2011,03,13,08,26,12,00016
3710132,2,2011,03,14,10,03,16,00060
3710132,1,2011,03,15,22,29,10,00018
3710132,2,2011,03,15,22,33,15,00020
3710132,1,2011,03,16,12,53,13,00028
3710132,1,2011,03,17,21,55,07,00018
3710132,1,2011,03,19,08,50,06,00022
3710132,2,2011,03,19,18,57,21,00182
3710132,1,2011,03,20,10,31,07,00017
3710132,2,2011,03,22,18,20,22,00054
3710132,1,2011,03,23,07,13,12,00029
3710132,1,2011,03,23,07,35,11,00057
3710132,1,2011,03,23,07,37,14,00053
3710132,1,2011,03,24,17,22,10,00014
3710132,2,2011,03,28,07,25,15,00023
3710132,1,2011,03,29,19,55,11,00015
3710132,3,2011,04,07,23,33,27,00107
3710132,3,2011,04,11,17,16,32,00283
3710132,2,2011,04,11,17,18,17,00049
3710132,1,2011,04,11,17,19,05,00009
3710132,1,2011,04,11,17,27,05,00019
3710132,1,2011,04,11,18,05,08,00023
3710132,2,2011,04,11,20,43,19,00072
3710132,1,2011,04,12,07,26,14,00068
3710132,1,2011,04,12,08,09,10,00015
3710132,2,2011,04,12,14,08,20,00094
3710132,1,2011,04,12,16,15,06,00020
3710132,1,2011,04,13,10,08,13,00037
3710132,2,2011,04,16,11,19,16,00029
3710132,1,2011,04,17,00,56,05,00022
3710132,1,2011,04,23,00,26,13,00031
3710132,1,2011,05,07,13,35,05,00034
3710132,1,2011,05,26,19,57,09,00038
3710132,1,2011,06,02,11,34,09,00027
3710132,1,2011,06,04,01,01,09,00018
3710132,1,2011,06,09,19,39,10,00041
3710132,1,2011,06,18,20,32,12,00017
3710132,1,2011,06,23,06,52,12,00014
3710132,1,2011,07,10,09,59,14,00022
3710132,1,2011,07,25,03,52,14,00025
3710132,2,2011,07,31,03,54,17,00044
3710132,1,2011,08,12,03,22,12,00026
3710132,2,2011,08,19,14,37,16,00030
3710132,1,2011,09,15,17,01,08,00014
3710132,1,2011,09,21,22,31,09,00030
3710132,1,2011,11,20,10,24,08,00048
3710132,1,2011,11,20,10,26,08,00040
3710132,1,2012,01,01,14,30,12,00026
3710132,1,2012,01,12,12,21,12,00026
3710132,1,2012,02,08,21,01,14,00075
3710132,1,2012,02,19,14,55,08,00028
3710132,1,2012,03,01,07,33,07,00018
3710132,2,2012,03,10,02,26,16,00067
3710132,1,2012,03,14,21,06,12,00021
3710132,2,2012,03,27,20,02,15,00024
3710132,1,2012,04,01,23,05,09,00017
3710132,2,2012,04,12,23,51,15,00023
3710132,1,2012,04,13,19,11,11,00021
3710132,3,2012,06,26,08,23,28,00554
3710132,1,2012,07,10,12,49,09,00026
3710132,2,2012,12,07,17,20,20,00047
3710132,2,2013,02,25,16,24,23,00191
3710132,1,2013,02,25,16,35,09,00053
3710132,1,2013,05,18,14,48,11,00018
3710132,1,2013,07,23,12,02,06,00025
3710132,1,2013,09,04,09,21,10,00015
3710132,1,2013,09,20,02,25,10,00032
3710132,1,2013,10,26,02,12,11,00024
3710132,1,2013,12,31,10,03,10,00043
3710132,2,2014,04,08,05,08,19,00200
3710132,1,2014,06,16,05,15,09,00015
3710132,2,2014,07,12,04,24,15,00023
3710132,2,2014,09,03,16,24,19,00127
3710132,1,2014,09,04,05,37,08,00045
3710132,1,2014,09,16,12,29,11,00020
3710132,1,2014,11,14,13,33,05,00070
3710132,2,2014,11,22,22,08,24,00074
3710132,1,2015,02,17,08,08,12,00016
3710132,2,2015,05,13,06,14,15,00020
3710132,2,2015,05,30,20,27,19,00035
3710132,2,2015,07,14,20,59,20,00587
3710132,1,2015,08,06,18,23,05,00021
3710132,1,2015,10,21,15,05,11,00022
3710132,1,2015,11,20,08,16,06,00041
3710132,1,2016,07,27,23,48,07,00014
3710132,3,2016,11,22,06,00,27,00121
3710132,1,2016,11,22,06,40,09,00015
3710132,1,2016,11,22,23,05,12,00018
3710132,1,2016,11,24,06,24,13,00029
3710132,2,2016,12,28,21,39,21,00087
3710132,1,2017,02,28,16,50,07,00014
3710132,1,2017,08,02,02,02,12,00045
3710132,1,2017,10,06,23,57,10,00018
3710132,1,2018,02,26,01,29,07,00013
3710132,1,2018,05,25,21,14,12,00034
3710132,1,2018,07,29,09,59,11,00081
3710132,1,2018,07,31,17,43,10,00026
3710132,1,2018,09,14,14,36,06,00023
3710132,4,2019,06,18,22,22,38,00617
3710132,2,2019,08,04,19,23,16,00028
3710132,1,2019,08,18,19,07,06,00030
3710132,1,2019,12,04,19,35,09,00071
