station,intensity,year,month,day,hour,minute,intensity_equip,acceleration_max_comb
3010130,2,1999,06,27,19,50,17,00148
3010130,1,1999,07,15,07,56,11,00034
3010130,2,1999,12,27,00,06,16,00186
3010130,1,2000,01,12,11,10,10,00063
3010130,2,2000,04,10,06,30,19,00104
3010130,1,2000,05,16,19,40,11,00064
3010130,2,2000,06,03,17,55,19,00073
3010130,3,2000,07,21,03,38,29,00158
3010130,1,2000,07,30,21,26,14,00026
3010130,2,2000,08,06,16,29,18,00046
3010130,2,2000,10,18,12,58,16,00060
3010130,1,2000,10,19,16,25,07,00031
3010130,1,2000,12,05,01,48,11,00032
3010130,2,2001,01,04,13,18,15,00032
3010130,1,2001,04,20,01,45,10,00056
3010130,1,2001,05,24,13,23,10,00035
3010130,2,2001,05,31,08,59,24,00534
3010130,3,2001,07,20,06,02,33,00644
3010130,1,2001,07,26,03,33,10,00044
3010130,1,2001,09,25,04,35,13,00054
3010130,2,2001,09,25,04,57,15,00056
3010130,2,2001,10,18,06,30,22,00203
3010130,1,2001,11,02,07,43,07,00049
3010130,2,2001,12,02,22,03,17,00055
3010130,1,2002,02,05,19,57,09,00030
3010130,2,2002,02,12,22,45,21,00087
3010130,1,2002,03,17,03,01,09,00059
3010130,3,2002,06,14,11,42,29,00361
3010130,2,2002,07,13,21,46,19,00113
3010130,2,2002,07,24,05,06,16,00039
3010130,1,2002,10,21,01,06,12,00031
3010130,2,2002,11,03,12,39,15,00039
3010130,3,2003,03,13,12,13,31,00435
3010130,2,2003,04,08,04,17,21,00152
3010130,2,2003,05,06,23,48,15,00083
3010130,2,2003,05,12,00,57,22,00084
3010130,1,2003,05,12,00,59,13,00047
3010130,1,2003,05,17,23,33,11,00026
3010130,3,2003,05,26,18,25,25,00122
3010130,1,2003,05,31,02,47,10,00191
3010130,2,2003,07,26,07,14,16,00034
3010130,2,2003,08,04,20,57,15,00093
3010130,1,2003,08,18,18,59,11,00036
3010130,3,2003,09,20,12,55,27,00129
3010130,2,2003,09,26,04,53,16,00036
3010130,2,2003,10,15,16,30,15,00055
3010130,2,2003,10,31,10,08,18,00032
3010130,2,2003,11,12,17,28,21,00108
3010130,2,2003,11,15,03,44,19,00060
3010130,1,2004,01,08,09,44,10,00063
3010130,1,2004,01,23,18,02,08,00025
3010130,2,2004,02,04,04,11,15,00088
3010130,1,2004,03,11,11,35,14,00030
3010130,2,2004,04,04,08,02,21,00083
3010130,2,2004,07,10,20,07,22,00231
3010130,1,2004,07,17,15,11,14,00038
3010130,1,2004,08,06,03,23,10,00031
3010130,1,2004,09,01,11,50,12,00034
3010130,1,2004,09,05,19,09,11,00017
3010130,2,2004,09,05,23,59,15,00036
3010130,3,2004,10,06,23,40,32,00413
3010130,1,2004,10,17,02,20,14,00036
3010130,2,2004,10,17,03,55,16,00040
3010130,1,2004,10,22,04,39,10,00028
3010130,4,2004,10,23,17,56,35,00401
3010130,2,2004,10,23,18,00,21,00065
3010130,3,2004,10,23,18,03,27,00115
3010130,1,2004,10,23,18,08,14,00024
3010130,3,2004,10,23,18,12,28,00188
3010130,4,2004,10,23,18,34,37,00333
3010130,1,2004,10,23,18,37,14,00036
3010130,1,2004,10,23,18,58,10,00026
3010130,1,2004,10,23,19,37,14,00038
3010130,2,2004,10,23,19,46,19,00051
3010130,2,2004,10,23,23,35,17,00075
3010130,2,2004,10,25,00,28,16,00032
3010130,2,2004,10,25,06,05,22,00093
3010130,3,2004,10,27,10,41,26,00152
3010130,1,2004,11,01,04,36,14,00028
3010130,1,2004,11,06,10,25,11,00084
3010130,2,2004,11,08,11,16,18,00051
3010130,1,2005,01,01,05,14,12,00039
3010130,1,2005,02,08,11,29,13,00061
3010130,3,2005,02,16,04,46,30,00273
3010130,2,2005,02,23,21,59,16,00137
3010130,1,2005,04,03,17,42,10,00036
3010130,1,2005,04,04,02,58,10,00029
3010130,2,2005,04,11,07,22,21,00072
3010130,2,2005,05,08,15,05,17,00130
3010130,1,2005,05,14,00,15,09,00067
3010130,2,2005,05,15,15,55,16,00076
3010130,2,2005,06,20,01,15,16,00051
3010130,3,2005,07,23,16,35,28,00157
3010130,3,2005,07,28,19,15,32,00952
3010130,2,2005,08,08,00,07,15,00034
3010130,3,2005,08,16,11,47,32,00219
3010130,1,2005,08,17,09,31,10,00047
3010130,1,2005,08,21,11,30,13,00033
3010130,3,2005,10,16,16,05,27,00326
3010130,2,2005,10,19,20,45,24,00137
3010130,1,2005,10,31,02,32,14,00125
3010130,2,2005,11,15,06,40,16,00051
3010130,1,2005,12,02,21,54,14,00093
3010130,2,2005,12,02,22,14,15,00027
3010130,1,2005,12,17,03,33,13,00036
3010130,2,2005,12,28,18,46,16,00102
3010130,2,2006,02,01,20,36,23,00117
3010130,2,2006,02,03,13,38,16,00034
3010130,1,2006,04,02,20,47,14,00078
3010130,2,2006,04,20,12,40,19,00158
3010130,1,2006,05,01,16,01,11,00041
3010130,1,2006,05,10,10,23,11,00051
3010130,1,2006,08,31,17,18,14,00042
3010130,1,2006,10,14,06,38,11,00032
3010130,1,2007,01,08,19,00,12,00048
3010130,1,2007,01,09,13,18,12,00039
3010130,1,2007,01,16,03,18,12,00039
3010130,1,2007,03,22,10,29,07,00034
3010130,2,2007,03,25,09,43,17,00037
3010130,2,2007,05,08,21,01,22,00201
3010130,1,2007,06,01,07,29,14,00068
3010130,2,2007,06,02,14,43,17,00086
3010130,2,2007,06,04,13,34,15,00090
3010130,1,2007,06,09,20,28,13,00064
3010130,3,2007,07,16,10,13,34,00227
3010130,1,2007,07,16,10,16,14,00022
3010130,2,2007,07,16,15,38,15,00032
3010130,1,2007,07,16,23,19,13,00035
3010130,2,2007,08,16,04,15,18,00056
3010130,1,2007,10,17,22,33,09,00160
3010130,2,2007,11,11,19,49,18,00147
3010130,2,2008,03,08,01,55,18,00108
3010130,2,2008,03,09,06,14,16,00093
3010130,1,2008,03,24,12,41,12,00030
3010130,3,2008,04,04,19,02,29,00281
3010130,2,2008,04,17,04,20,15,00071
3010130,2,2008,05,08,01,02,20,00053
3010130,1,2008,05,08,01,04,14,00025
3010130,2,2008,05,08,01,18,16,00029
3010130,3,2008,05,08,01,45,30,00189
3010130,2,2008,06,14,08,45,24,00089
3010130,1,2008,07,05,16,49,14,00066
3010130,2,2008,07,19,11,40,20,00050
3010130,2,2008,07,21,20,31,15,00030
3010130,2,2008,07,24,00,27,22,00101
3010130,2,2008,08,20,15,13,23,00223
3010130,2,2008,08,22,20,00,20,00217
3010130,1,2008,09,21,07,17,11,00037
3010130,1,2008,11,22,21,13,14,00071
3010130,2,2008,12,20,19,31,16,00026
3010130,1,2009,03,25,15,26,10,00058
3010130,1,2009,04,16,16,19,08,00042
3010130,1,2009,07,22,03,57,10,00043
3010130,3,2009,08,09,19,57,28,00200
3010130,2,2009,08,11,05,08,20,00047
3010130,1,2009,08,13,07,50,11,00032
3010130,1,2009,08,18,06,59,10,00035
3010130,1,2009,09,05,11,00,08,00036
3010130,1,2009,11,21,15,40,13,00050
3010130,3,2009,12,18,05,41,33,00484
3010130,1,2010,02,22,18,53,09,00062
3010130,1,2010,03,12,16,08,09,00059
3010130,1,2010,03,13,21,47,14,00055
3010130,2,2010,03,14,17,09,21,00071
3010130,2,2010,03,29,10,29,19,00106
3010130,1,2010,03,31,06,19,05,00047
3010130,2,2010,06,13,12,33,18,00068
3010130,2,2010,07,23,06,06,18,00110
3010130,1,2010,08,03,07,31,14,00080
3010130,1,2010,10,14,14,30,10,00059
3010130,2,2010,10,24,13,50,21,00177
3010130,3,2010,11,05,19,14,29,00398
3010130,1,2010,11,24,20,09,12,00045
3010130,2,2010,11,30,12,28,20,00060
3010130,2,2011,03,09,11,47,21,00053
3010130,2,2011,03,10,03,18,16,00029
3010130,2,2011,03,10,06,25,16,00030
3010130,A,2011,03,11,14,48,48,02058
3010130,3,2011,03,11,14,52,29,00154
3010130,2,2011,03,11,14,54,22,00125
3010130,2,2011,03,11,14,56,18,00054
3010130,2,2011,03,11,14,58,18,00056
3010130,2,2011,03,11,15,04,16,00036
3010130,2,2011,03,11,15,05,19,00046
3010130,3,2011,03,11,15,08,25,00095
3010130,2,2011,03,11,15,09,24,00067
3010130,2,2011,03,11,15,10,20,/////
3010130,2,2011,03,11,15,12,20,00088
3010130,2,2011,03,11,15,13,19,00073
3010130,2,2011,03,11,15,14,18,00037
3010130,4,2011,03,11,15,16,40,00816
3010130,2,2011,03,11,15,19,22,00073
3010130,2,2011,03,11,15,20,24,00072
3010130,2,2011,03,11,15,28,24,00116
3010130,2,2011,03,11,15,29,19,00045
3010130,1,2011,03,11,15,34,13,00031
3010130,1,2011,03,11,15,36,13,00035
3010130,1,2011,03,11,15,45,12,00049
3010130,1,2011,03,11,15,55,09,00046
3010130,2,2011,03,11,15,57,18,00046
3010130,3,2011,03,11,16,15,26,00123
3010130,2,2011,03,11,16,18,15,00038
3010130,1,2011,03,11,16,27,13,00032
3010130,2,2011,03,11,16,30,20,00051
3010130,2,2011,03,11,16,31,18,00053
3010130,2,2011,03,11,16,32,16,00040
3010130,2,2011,03,11,16,43,17,00051
3010130,2,2011,03,11,16,45,15,00028
3010130,2,2011,03,11,17,12,21,00064
3010130,3,2011,03,11,17,20,28,00128
3010130,2,2011,03,11,17,32,15,00053
3010130,2,2011,03,11,17,36,19,00091
3010130,2,2011,03,11,17,41,20,00091
3010130,1,2011,03,11,18,04,13,00031
3010130,1,2011,03,11,18,20,13,00038
3010130,1,2011,03,11,19,22,12,00033
3010130,1,2011,03,11,20,47,14,00044
3010130,2,2011,03,11,21,14,15,00033
3010130,2,2011,03,11,22,17,15,00038
3010130,2,2011,03,11,23,01,17,00037
3010130,1,2011,03,11,23,57,14,00035
3010130,2,2011,03,12,00,14,22,00064
3010130,2,2011,03,12,00,15,19,00053
3010130,2,2011,03,12,00,21,20,00041
3010130,1,2011,03,12,00,43,13,00028
3010130,2,2011,03,12,03,12,21,00051
3010130,1,2011,03,12,03,44,11,00033
3010130,3,2011,03,12,03,59,30,00150
3010130,2,2011,03,12,04,09,15,00054
3010130,1,2011,03,12,04,25,13,00030
3010130,2,2011,03,12,04,32,18,00041
3010130,1,2011,03,12,04,46,13,00059
3010130,1,2011,03,12,05,35,14,00045
3010130,2,2011,03,12,10,49,16,00027
3010130,1,2011,03,12,14,15,12,00044
3010130,2,2011,03,12,22,16,16,00062
3010130,1,2011,03,12,23,15,13,00038
3010130,1,2011,03,13,07,13,12,00029
3010130,2,2011,03,13,08,26,15,00032
3010130,2,2011,03,13,10,27,18,00056
3010130,3,2011,03,14,10,03,28,00151
3010130,1,2011,03,14,15,19,12,00034
3010130,1,2011,03,14,15,53,08,00030
3010130,1,2011,03,15,03,41,13,00034
3010130,1,2011,03,15,05,00,11,00049
3010130,1,2011,03,15,22,29,14,00029
3010130,2,2011,03,15,22,32,23,00065
3010130,2,2011,03,16,12,52,24,00127
3010130,1,2011,03,16,13,15,11,00034
3010130,2,2011,03,16,22,39,20,00066
3010130,2,2011,03,17,21,32,17,00050
3010130,2,2011,03,17,21,55,18,00059
3010130,3,2011,03,19,18,57,33,00471
3010130,1,2011,03,20,10,31,13,00035
3010130,1,2011,03,22,13,25,08,00057
3010130,1,2011,03,22,16,20,14,00033
3010130,2,2011,03,22,18,20,20,00057
3010130,2,2011,03,22,21,05,17,00034
3010130,2,2011,03,22,22,51,16,00030
3010130,2,2011,03,23,07,13,17,00078
3010130,2,2011,03,23,07,35,19,00083
3010130,2,2011,03,23,07,37,19,00077
3010130,1,2011,03,24,05,43,13,00049
3010130,2,2011,03,24,08,57,20,00110
3010130,1,2011,03,28,07,25,14,00038
3010130,2,2011,03,29,19,55,17,00036
3010130,1,2011,03,30,22,19,08,00041
3010130,3,2011,04,02,16,56,27,00285
3010130,1,2011,04,03,11,49,09,00049
3010130,1,2011,04,04,20,46,07,00036
3010130,2,2011,04,06,21,57,16,00103
3010130,3,2011,04,07,23,33,29,00176
3010130,1,2011,04,09,17,02,11,00069
3010130,1,2011,04,11,06,36,11,00036
3010130,4,2011,04,11,17,16,35,00428
3010130,2,2011,04,11,17,18,21,00088
3010130,1,2011,04,11,17,19,13,00026
3010130,2,2011,04,11,17,27,15,00048
3010130,1,2011,04,11,17,46,10,00040
3010130,1,2011,04,11,17,58,13,00061
3010130,2,2011,04,11,18,05,16,00074
3010130,2,2011,04,11,20,43,22,00100
3010130,3,2011,04,12,08,08,28,00180
3010130,3,2011,04,12,14,08,25,00140
3010130,1,2011,04,12,17,49,10,00039
3010130,1,2011,04,13,08,37,11,00038
3010130,2,2011,04,13,10,08,21,00108
3010130,1,2011,04,14,07,36,13,00048
3010130,2,2011,04,14,12,09,15,00055
3010130,4,2011,04,16,11,19,35,00385
3010130,3,2011,04,19,23,10,33,00550
3010130,2,2011,04,21,22,37,22,00087
3010130,2,2011,04,22,01,12,15,00041
3010130,2,2011,04,24,12,25,17,00120
3010130,1,2011,04,25,18,00,13,00040
3010130,2,2011,04,26,21,12,23,00145
3010130,1,2011,04,28,18,28,12,00032
3010130,1,2011,04,30,14,07,11,00032
3010130,1,2011,05,01,02,12,14,00035
3010130,1,2011,05,01,10,45,11,00045
3010130,1,2011,05,14,08,36,14,00039
3010130,2,2011,05,20,09,46,15,00037
3010130,2,2011,05,20,17,53,18,00068
3010130,2,2011,05,22,07,06,18,00060
3010130,2,2011,05,25,09,19,15,00054
3010130,2,2011,05,26,19,57,15,00063
3010130,1,2011,05,28,11,14,06,00036
3010130,1,2011,05,31,04,37,13,00030
3010130,1,2011,06,04,01,01,14,00049
3010130,2,2011,06,09,19,39,22,00094
3010130,1,2011,06,18,20,32,13,00032
3010130,1,2011,07,07,00,16,14,00027
3010130,2,2011,07,08,03,36,15,00047
3010130,2,2011,07,10,09,58,22,00077
3010130,3,2011,07,15,21,01,26,00163
3010130,1,2011,07,16,17,58,12,00063
3010130,2,2011,07,25,03,52,19,00083
3010130,2,2011,07,29,23,54,15,00029
3010130,3,2011,07,31,03,54,27,00176
3010130,2,2011,08,01,23,59,18,00044
3010130,1,2011,08,07,12,35,12,00053
3010130,2,2011,08,12,03,22,21,00098
3010130,1,2011,08,15,15,27,11,00041
3010130,2,2011,08,17,09,23,17,00106
3010130,2,2011,08,19,14,37,20,00096
3010130,1,2011,08,22,20,24,14,00024
3010130,1,2011,09,04,05,53,13,00051
3010130,1,2011,09,10,15,01,11,00034
3010130,2,2011,09,15,17,00,21,00087
3010130,2,2011,09,21,22,31,18,00105
3010130,2,2011,09,23,17,16,15,00052
3010130,1,2011,09,29,19,05,10,00029
3010130,1,2011,10,10,06,58,08,00035
3010130,1,2011,10,10,11,46,13,00044
3010130,2,2011,11,03,19,34,21,00127
3010130,2,2011,11,20,10,24,20,00096
3010130,1,2011,11,24,04,25,14,00039
3010130,2,2011,12,03,05,56,16,00065
3010130,1,2011,12,16,15,12,12,00051
3010130,1,2011,12,20,02,25,09,00030
3010130,1,2011,12,23,23,44,11,00100
3010130,3,2012,01,01,14,30,31,00237
3010130,1,2012,01,12,12,21,14,00046
3010130,2,2012,01,17,12,30,20,00103
3010130,1,2012,01,22,10,20,08,00059
3010130,1,2012,01,23,20,46,10,00028
3010130,1,2012,01,27,13,20,12,00038
3010130,1,2012,01,28,14,21,11,00032
3010130,1,2012,02,06,07,06,13,00029
3010130,3,2012,02,11,10,27,27,00225
3010130,2,2012,02,14,15,22,19,00041
3010130,1,2012,02,18,23,21,11,00032
3010130,2,2012,02,19,14,55,22,00148
3010130,1,2012,02,24,13,10,13,00071
3010130,2,2012,02,28,14,21,21,00072
3010130,1,2012,02,29,18,01,11,00027
3010130,2,2012,03,01,07,32,23,00247
3010130,2,2012,03,08,03,51,18,00151
3010130,2,2012,03,10,02,25,22,00109
3010130,3,2012,03,14,21,05,27,00224
3010130,2,2012,03,16,04,20,17,00088
3010130,2,2012,04,01,23,05,18,00063
3010130,2,2012,04,12,20,20,18,00060
3010130,2,2012,04,13,19,10,23,00083
3010130,2,2012,04,25,05,22,17,00053
3010130,1,2012,04,29,19,29,14,00038
3010130,3,2012,05,18,17,19,32,00721
3010130,2,2012,05,29,01,37,19,00064
3010130,3,2012,06,01,17,48,34,00621
3010130,2,2012,06,17,16,13,15,00060
3010130,2,2012,07,03,11,31,16,00060
3010130,2,2012,07,12,13,55,16,00108
3010130,3,2012,07,16,04,31,29,00391
3010130,2,2012,08,03,22,19,22,00212
3010130,2,2012,08,20,20,43,15,00046
3010130,1,2012,08,26,03,37,13,00059
3010130,2,2012,08,30,04,17,16,00277
3010130,2,2012,09,14,02,22,18,00086
3010130,1,2012,10,12,13,57,13,00042
3010130,1,2012,10,31,15,50,14,00081
3010130,2,2012,11,09,12,52,20,00067
3010130,2,2012,11,24,00,52,16,00101
3010130,2,2012,11,24,18,00,15,00056
3010130,3,2012,12,07,17,20,32,00273
3010130,1,2012,12,15,14,46,12,00041
3010130,1,2013,01,22,04,47,11,00034
3010130,2,2013,01,28,03,42,15,00083
3010130,1,2013,01,31,23,54,11,00036
3010130,2,2013,02,01,01,04,23,00199
3010130,1,2013,02,02,23,20,13,00037
3010130,2,2013,02,09,13,43,15,00042
3010130,2,2013,02,25,16,24,19,00053
3010130,1,2013,03,18,06,54,11,00090
3010130,1,2013,03,21,14,35,12,00045
3010130,1,2013,04,04,13,43,10,00029
3010130,2,2013,04,14,10,22,19,00070
3010130,1,2013,04,14,22,26,10,00030
3010130,1,2013,05,18,14,49,14,00037
3010130,3,2013,09,04,09,21,30,00206
3010130,1,2013,09,16,19,24,07,00048
3010130,2,2013,09,20,02,25,21,00098
3010130,1,2013,10,12,02,43,13,00095
3010130,1,2013,10,20,10,07,05,00038
3010130,2,2013,10,26,02,12,22,00094
3010130,2,2013,11,03,14,25,20,00096
3010130,3,2013,11,10,07,38,29,00279
3010130,2,2013,11,16,20,45,18,00069
3010130,1,2013,11,29,01,15,11,00034
3010130,1,2013,12,14,13,07,12,00024
3010130,3,2013,12,21,01,10,26,00198
3010130,2,2013,12,31,10,03,23,00120
3010130,1,2014,01,09,03,58,09,00041
3010130,1,2014,02,19,00,29,05,00118
3010130,3,2014,04,18,07,53,25,00431
3010130,2,2014,05,05,05,02,17,00227
3010130,3,2014,05,05,05,18,25,00121
3010130,2,2014,05,13,08,35,15,00049
3010130,1,2014,06,16,05,15,13,00048
3010130,3,2014,07,12,04,23,26,00090
3010130,1,2014,07,20,10,26,13,00081
3010130,2,2014,08,24,17,27,15,00074
3010130,1,2014,08,26,11,23,13,00044
3010130,4,2014,09,16,12,28,38,01001
3010130,1,2014,10,27,15,36,10,00037
3010130,2,2014,11,12,09,53,15,00070
3010130,1,2014,11,20,10,52,13,00036
3010130,2,2014,11,22,22,09,16,00030
3010130,1,2014,12,20,18,31,14,00027
3010130,1,2014,12,25,20,32,14,00075
3010130,2,2015,01,26,07,20,18,00078
3010130,2,2015,01,30,20,32,18,00097
3010130,2,2015,03,24,13,53,20,00143
3010130,1,2015,03,25,16,26,08,00078
3010130,2,2015,05,03,15,54,18,00138
3010130,2,2015,05,13,06,14,17,00044
3010130,1,2015,05,13,22,45,08,00043
3010130,3,2015,05,25,14,28,27,00236
3010130,3,2015,05,30,01,06,26,00416
3010130,3,2015,05,30,20,26,33,00222
3010130,2,2015,06,09,05,44,15,00097
3010130,1,2015,07,06,18,30,13,00075
3010130,2,2015,07,10,01,15,24,00268
3010130,1,2015,07,10,09,40,06,00058
3010130,1,2015,07,29,21,35,11,00052
3010130,2,2015,08,06,18,22,21,00264
3010130,1,2015,08,10,18,44,09,00050
3010130,3,2015,09,12,05,49,28,00195
3010130,1,2015,10,21,15,05,14,00065
3010130,2,2015,11,07,22,45,18,00096
3010130,1,2016,01,15,04,29,10,00076
3010130,3,2016,02,07,19,27,26,00228
3010130,3,2016,05,16,21,23,32,00372
3010130,1,2016,05,17,06,55,11,00048
3010130,2,2016,05,17,06,57,15,00064
3010130,2,2016,06,12,07,54,19,00093
3010130,1,2016,07,01,06,26,08,00063
3010130,2,2016,07,04,22,48,16,00159
3010130,3,2016,07,17,13,24,29,00386
3010130,3,2016,07,20,07,25,32,00588
3010130,2,2016,07,27,23,47,19,00136
3010130,1,2016,08,15,16,05,10,00031
3010130,2,2016,08,19,21,08,18,00059
3010130,1,2016,08,27,22,46,14,00087
3010130,2,2016,09,07,13,29,18,00087
3010130,2,2016,09,13,19,12,21,00126
3010130,1,2016,10,20,11,50,12,00036
3010130,1,2016,11,21,07,00,13,00041
3010130,3,2016,11,22,06,00,31,00218
3010130,2,2016,11,24,06,24,18,00050
3010130,1,2016,12,26,04,52,13,00061
3010130,3,2016,12,28,21,39,27,00223
3010130,1,2017,01,05,00,44,14,00055
3010130,2,2017,01,05,02,54,20,00057
3010130,1,2017,01,18,17,19,05,00045
3010130,1,2017,02,19,18,20,14,00033
3010130,1,2017,02,26,05,11,11,00087
3010130,2,2017,02,28,16,49,15,00046
3010130,1,2017,04,12,03,11,10,00040
3010130,2,2017,07,20,09,12,15,00040
3010130,2,2017,08,02,02,02,21,00139
3010130,2,2017,08,02,07,16,17,00085
3010130,2,2017,08,03,13,45,20,00165
3010130,1,2017,08,10,09,36,14,00059
3010130,1,2017,08,14,18,12,11,00038
3010130,1,2017,08,27,11,26,11,00044
3010130,2,2017,10,06,23,57,18,00063
3010130,1,2017,11,03,21,38,09,00031
3010130,1,2017,11,05,16,30,13,00203
3010130,1,2017,11,30,22,02,10,00057
3010130,2,2017,12,02,00,12,23,00264
3010130,2,2018,01,06,00,54,15,00050
3010130,2,2018,02,26,01,29,18,00048
3010130,1,2018,02,27,08,08,11,00062
3010130,2,2018,03,30,08,17,18,00111
3010130,1,2018,05,17,12,13,12,00031
3010130,2,2018,06,17,15,27,18,00133
3010130,2,2018,07,07,20,24,20,00062
3010130,1,2018,09,05,05,11,13,00042
3010130,2,2018,09,14,14,35,20,00096
3010130,2,2018,09,18,17,11,16,00081
3010130,3,2018,11,27,08,34,31,00481
3010130,1,2018,12,12,17,50,10,00073
3010130,3,2019,01,14,13,23,32,00924
3010130,2,2019,01,18,21,46,18,00059
3010130,1,2019,02,20,20,25,05,00050
3010130,2,2019,05,25,15,21,16,00044
3010130,1,2019,06,17,08,00,14,00079
3010130,2,2019,06,18,22,23,16,00029
3010130,2,2019,06,24,09,12,18,00080
3010130,2,2019,07,28,03,33,18,00058
3010130,2,2019,08,04,19,24,24,00103
3010130,1,2019,11,03,23,56,08,00038
3010130,2,2019,11,22,05,24,19,00135
3010130,3,2019,12,03,10,18,27,00241
3010130,1,2019,12,04,10,39,14,00066
3010130,1,2019,12,04,18,13,11,00068
3010130,2,2019,12,04,19,35,16,00072
