station,intensity,year,month,day,hour,minute,intensity_equip,acceleration_max_comb
3724431,3,2000,04,26,04,48,27,00519
3724431,2,2000,10,12,05,35,15,00105
3724431,2,2000,10,12,05,37,18,00163
3724431,3,2003,05,26,18,25,27,00101
3724431,2,2003,07,26,07,14,21,00076
3724431,2,2004,09,21,06,11,21,00306
3724431,4,2004,10,23,17,56,40,01516
3724431,2,2004,10,23,17,59,24,00182
3724431,3,2004,10,23,18,03,31,00547
3724431,2,2004,10,23,18,07,22,00110
3724431,3,2004,10,23,18,12,34,00411
3724431,3,2004,10,23,18,34,33,00692
3724431,1,2004,10,23,18,37,11,00099
3724431,1,2004,10,23,18,57,13,00079
3724431,2,2004,10,23,19,46,21,00167
3724431,2,2004,10,23,23,34,22,00280
3724431,2,2004,10,25,00,28,19,00112
3724431,3,2004,10,25,06,05,28,00423
3724431,2,2004,10,25,06,07,17,00150
3724431,3,2004,10,27,10,41,30,00454
3724431,2,2004,11,04,08,57,22,00214
3724431,2,2004,11,06,02,53,23,00159
3724431,3,2004,11,08,11,16,27,00238
3724431,3,2004,11,08,11,32,27,00336
3724431,2,2004,11,10,03,43,20,00157
3724431,3,2005,08,16,11,47,27,00120
3724431,1,2005,11,04,01,02,12,00079
3724431,2,2007,01,08,18,59,15,00121
3724431,3,2007,03,25,09,42,26,00119
3724431,3,2007,07,16,10,13,33,00396
3724431,2,2007,07,16,15,37,22,00179
3724431,1,2007,07,25,06,52,09,00049
3724431,2,2008,05,08,01,03,15,00029
3724431,2,2008,05,08,01,46,22,00075
3724431,3,2008,06,14,08,44,27,00112
3724431,2,2008,07,19,11,40,18,00036
3724431,2,2008,07,24,00,27,19,00065
3724431,2,2008,12,15,21,14,16,00121
3724431,1,2009,02,01,06,52,14,00045
3724431,2,2009,08,02,00,57,18,00077
3724431,1,2009,08,02,02,54,12,00030
3724431,1,2009,10,12,18,42,11,00049
3724431,1,2009,11,21,15,39,10,00083
3724431,2,2010,03,13,21,47,17,00035
3724431,2,2010,03,14,17,08,18,00041
3724431,2,2010,04,16,16,38,18,00169
3724431,3,2010,05,01,18,20,25,00227
3724431,2,2010,06,13,12,33,16,00036
3724431,1,2010,09,29,12,02,09,00038
3724431,2,2010,09,29,17,00,21,00180
3724431,1,2011,01,03,13,45,13,00081
3724431,1,2011,02,10,22,03,08,00015
3724431,2,2011,03,09,11,46,20,00041
3724431,1,2011,03,10,03,17,10,00012
3724431,1,2011,03,10,06,25,13,00021
3724431,4,2011,03,11,14,49,40,00545
3724431,3,2011,03,11,14,52,25,00117
3724431,2,2011,03,11,14,55,18,00070
3724431,2,2011,03,11,14,57,17,00046
3724431,2,2011,03,11,14,59,17,00038
3724431,1,2011,03,11,15,05,11,00019
3724431,1,2011,03,11,15,06,09,00027
3724431,2,2011,03,11,15,07,16,00031
3724431,2,2011,03,11,15,08,18,00043
3724431,2,2011,03,11,15,10,19,00036
3724431,1,2011,03,11,15,12,10,00019
3724431,2,2011,03,11,15,14,18,00069
3724431,3,2011,03,11,15,17,26,00104
3724431,1,2011,03,11,15,19,11,00017
3724431,2,2011,03,11,15,20,15,00028
3724431,1,2011,03,11,15,21,11,00015
3724431,1,2011,03,11,15,24,12,00022
3724431,2,2011,03,11,15,28,19,00055
3724431,1,2011,03,11,15,34,09,00017
3724431,1,2011,03,11,15,38,05,00014
3724431,1,2011,03,11,15,58,11,00019
3724431,2,2011,03,11,16,16,23,00072
3724431,1,2011,03,11,16,19,09,00017
3724431,1,2011,03,11,16,27,08,00016
3724431,2,2011,03,11,16,30,20,00049
3724431,2,2011,03,11,16,31,19,00076
3724431,1,2011,03,11,16,32,05,00013
3724431,1,2011,03,11,16,34,06,00074
3724431,1,2011,03,11,16,36,06,00010
3724431,1,2011,03,11,17,06,11,00023
3724431,2,2011,03,11,17,12,19,00066
3724431,2,2011,03,11,17,20,20,00056
3724431,1,2011,03,11,17,28,09,00012
3724431,1,2011,03,11,17,29,08,00012
3724431,2,2011,03,11,17,32,15,00036
3724431,2,2011,03,11,17,41,19,00062
3724431,1,2011,03,11,18,05,09,00019
3724431,2,2011,03,11,18,16,21,00170
3724431,1,2011,03,11,19,22,10,00032
3724431,1,2011,03,11,19,36,08,00019
3724431,1,2011,03,11,20,17,05,00015
3724431,1,2011,03,11,20,37,14,00023
3724431,1,2011,03,11,21,14,12,00022
3724431,1,2011,03,11,22,16,07,00015
3724431,1,2011,03,11,22,17,06,00013
3724431,1,2011,03,12,00,14,14,00025
3724431,1,2011,03,12,00,15,09,00016
3724431,1,2011,03,12,00,21,13,00028
3724431,1,2011,03,12,02,31,11,00032
3724431,1,2011,03,12,03,12,14,00022
3724431,1,2011,03,12,03,44,11,00025
3724431,3,2011,03,12,03,59,25,00156
3724431,1,2011,03,12,04,04,11,00015
3724431,2,2011,03,12,04,32,15,00050
3724431,1,2011,03,12,04,46,07,00020
3724431,1,2011,03,12,04,48,11,00017
3724431,1,2011,03,12,05,35,05,00013
3724431,1,2011,03,12,10,12,09,00022
3724431,1,2011,03,12,10,48,13,00025
3724431,1,2011,03,12,11,53,08,00023
3724431,1,2011,03,12,19,54,11,00020
3724431,1,2011,03,12,22,16,13,00034
3724431,2,2011,03,13,07,13,17,00033
3724431,1,2011,03,13,08,25,14,00036
3724431,1,2011,03,13,20,38,12,00022
3724431,2,2011,03,14,10,03,16,00032
3724431,1,2011,03,14,15,13,11,00016
3724431,1,2011,03,14,15,52,12,00027
3724431,1,2011,03,14,18,08,07,00025
3724431,1,2011,03,15,03,42,10,00025
3724431,1,2011,03,15,18,51,12,00019
3724431,2,2011,03,15,22,28,15,00034
3724431,1,2011,03,15,22,32,08,00011
3724431,1,2011,03,16,12,53,13,00021
3724431,1,2011,03,16,13,15,08,00015
3724431,1,2011,03,17,17,26,05,00014
3724431,1,2011,03,17,21,55,12,00033
3724431,2,2011,03,19,18,57,18,00054
3724431,1,2011,03,20,10,31,14,00044
3724431,1,2011,03,22,16,20,08,00016
3724431,2,2011,03,22,18,19,23,00076
3724431,1,2011,03,22,21,05,08,00017
3724431,2,2011,03,23,07,12,16,00052
3724431,2,2011,03,23,07,35,16,00059
3724431,2,2011,03,23,07,37,22,00124
3724431,1,2011,03,24,17,22,14,00027
3724431,1,2011,03,25,20,37,08,00013
3724431,2,2011,03,28,07,24,18,00035
3724431,2,2011,03,29,19,55,16,00042
3724431,4,2011,04,07,23,33,35,00278
3724431,1,2011,04,09,18,43,08,00019
3724431,4,2011,04,11,17,16,41,00830
3724431,2,2011,04,11,17,18,24,00128
3724431,1,2011,04,11,17,26,11,00039
3724431,1,2011,04,11,17,46,09,00048
3724431,1,2011,04,11,17,58,13,00056
3724431,1,2011,04,11,18,00,07,00027
3724431,2,2011,04,11,18,05,15,00053
3724431,1,2011,04,11,18,48,08,00023
3724431,3,2011,04,11,20,42,29,00228
3724431,1,2011,04,11,22,06,05,00017
3724431,1,2011,04,12,00,58,06,00018
3724431,1,2011,04,12,07,03,11,00048
3724431,1,2011,04,12,07,26,06,00033
3724431,3,2011,04,12,14,08,26,00196
3724431,1,2011,04,12,17,49,06,00018
3724431,1,2011,04,12,19,16,09,00029
3724431,2,2011,04,13,10,08,17,00058
3724431,1,2011,04,14,12,09,13,00037
3724431,1,2011,04,16,11,20,12,00022
3724431,1,2011,04,18,00,48,06,00020
3724431,1,2011,04,19,07,56,07,00217
3724431,1,2011,04,20,09,51,06,00044
3724431,1,2011,04,22,01,11,08,00017
3724431,3,2011,04,23,00,25,27,00175
3724431,1,2011,04,26,13,02,06,00013
3724431,1,2011,04,28,18,28,14,00037
3724431,1,2011,04,30,14,07,11,00032
3724431,2,2011,05,07,13,35,19,00215
3724431,1,2011,05,14,08,36,07,00017
3724431,1,2011,05,15,16,56,06,00041
3724431,1,2011,05,30,06,55,06,00041
3724431,2,2011,06,04,01,00,20,00066
3724431,1,2011,06,12,05,09,07,00022
3724431,2,2011,06,18,20,31,15,00033
3724431,1,2011,06,23,06,52,13,00020
3724431,1,2011,06,23,19,35,08,00014
3724431,1,2011,06,24,09,36,07,00068
3724431,1,2011,07,03,02,11,11,00066
3724431,1,2011,07,07,00,16,07,00011
3724431,2,2011,07,08,03,36,15,00036
3724431,2,2011,07,10,09,59,16,00028
3724431,2,2011,07,25,03,51,16,00044
3724431,2,2011,07,31,03,54,23,00097
3724431,1,2011,08,02,10,46,07,00072
3724431,1,2011,08,02,13,39,09,00089
3724431,2,2011,08,12,03,22,18,00047
3724431,2,2011,08,19,14,37,19,00047
3724431,1,2011,09,15,17,01,12,00020
3724431,1,2011,09,26,14,39,05,00055
3724431,1,2011,09,26,17,20,06,00062
3724431,1,2011,09,29,19,05,06,00018
3724431,1,2011,10,10,11,46,11,00027
3724431,1,2011,10,26,02,09,08,00019
3724431,1,2011,11,24,04,25,07,00019
3724431,1,2011,11,26,09,06,09,00038
3724431,1,2011,11,26,09,16,07,00089
3724431,1,2012,01,01,14,30,11,00018
3724431,2,2012,01,12,12,21,20,00060
3724431,1,2012,01,23,20,46,14,00041
3724431,2,2012,02,08,21,01,21,00093
3724431,1,2012,03,01,07,33,10,00024
3724431,1,2012,03,10,02,26,09,00029
3724431,2,2012,03,27,20,02,20,00039
3724431,1,2012,04,01,23,04,13,00035
3724431,2,2012,04,12,23,51,22,00074
3724431,2,2012,04,13,19,10,17,00044
3724431,1,2012,06,26,08,23,11,00076
3724431,1,2012,06,28,14,52,14,00035
3724431,1,2012,07,06,02,05,09,00036
3724431,1,2012,08,21,01,43,13,00041
3724431,1,2012,08,26,03,37,09,00022
3724431,1,2012,08,30,04,06,14,00036
3724431,1,2012,09,02,02,45,05,00033
3724431,1,2012,10,02,01,12,06,00045
3724431,1,2012,10,25,19,33,12,00021
3724431,1,2012,11,03,07,35,05,00016
3724431,1,2012,11,24,05,22,12,00030
3724431,2,2012,12,07,17,20,24,00098
3724431,1,2012,12,15,13,27,14,00039
3724431,1,2012,12,29,16,20,09,00028
3724431,1,2013,02,09,13,43,07,00015
3724431,1,2013,02,24,13,55,08,00021
3724431,2,2013,02,25,16,24,21,00100
3724431,1,2013,04,06,05,01,07,00015
3724431,1,2013,04,17,21,04,11,00023
3724431,1,2013,04,21,19,27,13,00095
3724431,1,2013,05,18,14,48,12,00022
3724431,1,2013,05,22,20,00,05,00048
3724431,1,2013,07,23,12,02,11,00026
3724431,1,2013,08,04,12,29,13,00030
3724431,1,2013,08,30,16,36,12,00085
3724431,1,2013,09,04,09,21,11,00018
3724431,1,2013,09,15,07,43,06,00035
3724431,2,2013,09,20,02,25,15,00057
3724431,2,2013,10,26,02,12,17,00042
3724431,1,2013,10,30,12,22,12,00035
3724431,1,2013,12,03,18,17,10,00018
3724431,1,2013,12,31,10,03,05,00023
3724431,1,2016,06,27,07,58,07,00013
3724431,1,2016,07,27,23,48,09,00021
3724431,1,2016,08,15,16,05,11,00030
3724431,1,2016,08,19,21,08,07,00020
3724431,1,2016,11,12,06,43,10,00020
3724431,3,2016,11,22,06,00,30,00216
3724431,1,2016,11,22,06,40,11,00024
3724431,2,2016,11,22,23,04,17,00053
3724431,2,2016,11,24,06,24,22,00087
3724431,2,2016,12,28,21,39,20,00071
3724431,1,2016,12,31,05,09,08,00027
3724431,1,2017,01,05,00,44,14,00033
3724431,2,2017,01,05,02,54,15,00038
3724431,1,2017,02,11,06,06,08,00024
3724431,1,2017,02,27,00,04,09,00023
3724431,1,2017,02,28,16,49,13,00032
3724431,1,2017,07,20,09,12,08,00019
3724431,1,2017,08,02,02,02,09,00030
3724431,1,2017,08,26,04,20,14,00078
3724431,2,2017,10,06,23,57,15,00040
3724431,1,2018,02,26,01,29,09,00017
3724431,2,2018,07,31,17,42,24,00202
3724431,2,2018,08,08,18,08,16,00081
3724431,2,2018,08,11,06,12,16,00062
3724431,1,2018,09,05,05,12,10,00025
3724431,1,2018,11,23,23,30,09,00024
3724431,1,2018,12,08,10,54,05,00019
3724431,1,2019,06,17,08,00,07,00017
3724431,4,2019,06,18,22,22,36,00712
3724431,2,2019,08,04,19,23,18,00045
