station,intensity,year,month,day,hour,minute,intensity_equip,acceleration_max_comb
5010100,1,1997,01,08,22,36,07,00042
5010100,4,1997,03,16,14,52,35,00356
5010100,2,1997,05,//,//,//,//,/////
5010100,2,1997,06,25,18,52,16,00026
5010100,1,1997,09,07,02,19,07,00025
5010100,1,1998,02,10,01,21,13,00038
5010100,1,1998,04,22,20,28,05,00034
5010100,3,1998,04,22,20,32,32,00400
5010100,1,1998,05,17,13,00,05,00025
5010100,1,1998,06,23,22,54,10,00045
5010100,1,1998,08,16,14,56,07,00033
5010100,1,1998,12,02,11,02,14,00105
5010100,1,1999,02,12,03,16,13,00050
5010100,1,1999,02,18,17,45,13,00056
5010100,4,1999,03,16,16,43,41,00916
5010100,3,1999,08,21,05,33,31,00257
5010100,2,1999,11,07,03,34,23,00155
5010100,2,1999,11,10,22,24,16,00062
5010100,2,1999,11,29,21,34,18,00154
5010100,1,2000,01,06,20,40,09,00027
5010100,1,2000,02,27,00,03,09,00030
5010100,1,2000,03,03,09,23,08,00036
5010100,1,2000,05,16,04,09,13,00047
5010100,1,2000,05,21,10,42,14,00054
5010100,2,2000,06,05,09,54,15,00068
5010100,3,2000,06,07,06,17,26,00119
5010100,1,2000,06,07,06,19,06,00008
5010100,1,2000,08,27,13,13,10,00031
5010100,4,2000,10,06,13,31,35,00273
5010100,4,2000,10,31,01,43,35,00465
5010100,2,2001,01,06,11,48,20,00172
5010100,3,2001,01,12,08,00,28,00153
5010100,3,2001,02,23,07,24,25,00126
5010100,2,2001,03,24,15,28,20,00049
5010100,2,2001,04,03,23,57,20,00059
5010100,1,2001,04,16,19,05,07,00039
5010100,2,2001,08,25,22,21,22,00124
5010100,1,2001,09,22,18,11,11,00043
5010100,1,2001,09,27,18,15,09,00028
5010100,1,2002,01,04,11,05,08,00046
5010100,1,2002,04,28,10,34,13,00083
5010100,1,2002,05,12,18,53,13,00088
5010100,1,2002,07,16,20,09,10,00032
5010100,1,2002,08,18,09,01,09,00051
5010100,1,2002,09,02,01,45,11,00052
5010100,2,2002,09,04,18,06,16,00123
5010100,2,2002,11,19,18,36,18,00282
5010100,1,2003,02,06,02,37,07,00042
5010100,1,2003,03,13,21,05,10,00060
5010100,1,2003,04,08,15,41,08,00045
5010100,1,2003,05,18,03,24,12,00037
5010100,1,2003,09,11,00,30,06,00038
5010100,2,2003,12,23,14,34,15,00062
5010100,2,2004,01,06,14,51,21,00089
5010100,1,2004,05,02,02,02,07,00037
5010100,2,2004,07,27,00,55,16,00064
5010100,4,2004,09,05,19,07,35,00441
5010100,4,2004,09,05,23,58,39,00564
5010100,1,2004,09,06,05,31,12,00027
5010100,3,2004,09,07,08,30,31,00221
5010100,2,2004,09,08,03,37,17,00048
5010100,2,2004,09,08,23,59,24,00088
5010100,1,2004,09,29,19,49,06,00035
5010100,2,2004,10,05,08,34,17,00101
5010100,2,2004,12,01,23,30,17,00090
5010100,1,2005,01,09,18,59,12,00038
5010100,2,2005,03,20,10,56,19,00040
5010100,2,2005,06,20,14,04,16,00096
5010100,1,2005,12,22,00,07,06,00037
5010100,3,2005,12,24,11,02,25,00225
5010100,1,2005,12,28,14,52,09,00053
5010100,1,2006,01,15,19,54,06,00037
5010100,1,2006,02,16,23,10,10,00047
5010100,1,2006,02,18,16,21,07,00027
5010100,1,2006,03,16,06,24,13,00058
5010100,1,2006,07,16,16,40,05,00028
5010100,1,2006,12,19,18,33,14,00056
5010100,1,2007,01,05,03,06,07,00042
5010100,1,2007,01,22,02,16,12,00047
5010100,3,2007,03,25,09,42,28,00144
5010100,3,2007,04,15,12,19,28,00275
5010100,1,2007,04,15,18,34,14,00091
5010100,1,2007,04,28,09,27,08,00027
5010100,2,2007,06,05,06,16,17,00179
5010100,1,2007,06,05,06,49,06,00052
5010100,1,2007,06,05,07,54,05,00067
5010100,2,2007,07,07,00,35,17,00183
5010100,2,2007,07,16,10,15,22,00054
5010100,2,2007,07,16,17,24,15,00047
5010100,1,2007,08,11,15,28,11,00054
5010100,1,2007,08,31,23,37,08,00026
5010100,1,2007,09,22,11,44,06,00077
5010100,1,2007,11,06,10,02,07,00031
5010100,1,2007,12,21,14,23,08,00035
5010100,1,2008,02,12,17,40,07,00055
5010100,1,2008,03,19,02,08,07,00056
5010100,1,2008,05,08,01,47,13,00017
5010100,1,2008,06,13,11,22,05,00027
5010100,1,2008,07,19,11,42,11,00014
5010100,1,2008,07,24,00,27,09,00018
5010100,1,2008,08,08,04,35,10,00044
5010100,1,2008,08,30,18,28,13,00049
5010100,1,2008,10,01,09,25,14,00110
5010100,2,2009,02,18,06,47,20,00159
5010100,1,2009,05,25,20,27,06,00012
5010100,1,2009,07,27,09,44,05,00023
5010100,2,2009,08,09,19,56,15,00025
5010100,3,2009,08,11,05,07,31,00198
